Frame Number Queue Density
1 0.0787879 
2 0.0757576 
3 0.0858586 
4 0.0914141 
5 0.0969697 
6 0.0964646 
7 0.103535 
8 0.106061 
9 0.10303 
10 0.104545 
11 0.109091 
12 0.111111 
13 0.113636 
14 0.119192 
15 0.117677 
16 0.118182 
17 0.118687 
18 0.118687 
19 0.114141 
20 0.121212 
21 0.121212 
22 0.119192 
23 0.119192 
24 0.124242 
25 0.122222 
26 0.127273 
27 0.126768 
28 0.130303 
29 0.132323 
30 0.131313 
31 0.136364 
32 0.134343 
33 0.130808 
34 0.136364 
35 0.138889 
36 0.134848 
37 0.137879 
38 0.136869 
39 0.139394 
40 0.135859 
41 0.138384 
42 0.142929 
43 0.140404 
44 0.139899 
45 0.142929 
46 0.141919 
47 0.139394 
48 0.141414 
49 0.142929 
50 0.143939 
51 0.149495 
52 0.15303 
53 0.156061 
54 0.156566 
55 0.15101 
56 0.15202 
57 0.157071 
58 0.151515 
59 0.159091 
60 0.156566 
61 0.159091 
62 0.159091 
63 0.156566 
64 0.15404 
65 0.155556 
66 0.157576 
67 0.154545 
68 0.150505 
69 0.15202 
70 0.14697 
71 0.143939 
72 0.147475 
73 0.15 
74 0.14899 
75 0.14798 
76 0.152525 
77 0.15303 
78 0.155051 
79 0.159596 
80 0.158586 
81 0.161111 
82 0.162121 
83 0.164141 
84 0.167172 
85 0.175253 
86 0.178788 
87 0.180303 
88 0.186364 
89 0.194949 
90 0.192929 
91 0.19798 
92 0.199495 
93 0.20303 
94 0.2 
95 0.196465 
96 0.19596 
97 0.20101 
98 0.20303 
99 0.200505 
100 0.206061 
101 0.198485 
102 0.205051 
103 0.209596 
104 0.203535 
105 0.20101 
106 0.196465 
107 0.20202 
108 0.203535 
109 0.207576 
110 0.209091 
111 0.209091 
112 0.215152 
113 0.213131 
114 0.220707 
115 0.217677 
116 0.223737 
117 0.226263 
118 0.222727 
119 0.223737 
120 0.225253 
121 0.223737 
122 0.217677 
123 0.222222 
124 0.230303 
125 0.227273 
126 0.226768 
127 0.228283 
128 0.230303 
129 0.225758 
130 0.230303 
131 0.230303 
132 0.226768 
133 0.231818 
134 0.232828 
135 0.234848 
136 0.234343 
137 0.245455 
138 0.24596 
139 0.240404 
140 0.240909 
141 0.240909 
142 0.238889 
143 0.236869 
144 0.230303 
145 0.235354 
146 0.235859 
147 0.237879 
148 0.237374 
149 0.228788 
150 0.231313 
151 0.229798 
152 0.232828 
153 0.233333 
154 0.231818 
155 0.233838 
156 0.235354 
157 0.229293 
158 0.229293 
159 0.232323 
160 0.232323 
161 0.229798 
162 0.229798 
163 0.233838 
164 0.231313 
165 0.226768 
166 0.225758 
167 0.223737 
168 0.228283 
169 0.224242 
170 0.215152 
171 0.215657 
172 0.220707 
173 0.221717 
174 0.217172 
175 0.215657 
176 0.216162 
177 0.211616 
178 0.214141 
179 0.214141 
180 0.211111 
181 0.213636 
182 0.213636 
183 0.213131 
184 0.212121 
185 0.216162 
186 0.215152 
187 0.216667 
188 0.217677 
189 0.219697 
190 0.217677 
191 0.219192 
192 0.218687 
193 0.216667 
194 0.213131 
195 0.215152 
196 0.215152 
197 0.214646 
198 0.214141 
199 0.215152 
200 0.215657 
201 0.217172 
202 0.216667 
203 0.215657 
204 0.216162 
205 0.216162 
206 0.215657 
207 0.216162 
208 0.215152 
209 0.214141 
210 0.215152 
211 0.217677 
212 0.218182 
213 0.219192 
214 0.219192 
215 0.219192 
216 0.218687 
217 0.217172 
218 0.215152 
219 0.216162 
220 0.217172 
221 0.215657 
222 0.215152 
223 0.214646 
224 0.215657 
225 0.214646 
226 0.214646 
227 0.215152 
228 0.215152 
229 0.214141 
230 0.214141 
231 0.212121 
232 0.213636 
233 0.213131 
234 0.214141 
235 0.213636 
236 0.212626 
237 0.212626 
238 0.213131 
239 0.211616 
240 0.209596 
241 0.208586 
242 0.210101 
243 0.211616 
244 0.213131 
245 0.212121 
246 0.210101 
247 0.211616 
248 0.212626 
249 0.214646 
250 0.213131 
251 0.210606 
252 0.210101 
253 0.210101 
254 0.211111 
255 0.210606 
256 0.209091 
257 0.211111 
258 0.211111 
259 0.211616 
260 0.211111 
261 0.211111 
262 0.210101 
263 0.209596 
264 0.210101 
265 0.211111 
266 0.209091 
267 0.207576 
268 0.208586 
269 0.208586 
270 0.210101 
271 0.211111 
272 0.210101 
273 0.211616 
274 0.212121 
275 0.211111 
276 0.214646 
277 0.215152 
278 0.216667 
279 0.216162 
280 0.216667 
281 0.218687 
282 0.221212 
283 0.222727 
284 0.226768 
285 0.226768 
286 0.226263 
287 0.228283 
288 0.228788 
289 0.230303 
290 0.224242 
291 0.225253 
292 0.226768 
293 0.221212 
294 0.222222 
295 0.221212 
296 0.220202 
297 0.222222 
298 0.218687 
299 0.216667 
300 0.214646 
301 0.211616 
302 0.212121 
303 0.213131 
304 0.217172 
305 0.216162 
306 0.215657 
307 0.214141 
308 0.215657 
309 0.212626 
310 0.212121 
311 0.213636 
312 0.213636 
313 0.213131 
314 0.213131 
315 0.212121 
316 0.214646 
317 0.212121 
318 0.212121 
319 0.211616 
320 0.212121 
321 0.212626 
322 0.212121 
323 0.212626 
324 0.212626 
325 0.212626 
326 0.211111 
327 0.210606 
328 0.212121 
329 0.212626 
330 0.211111 
331 0.210101 
332 0.210101 
333 0.209596 
334 0.210101 
335 0.210606 
336 0.210606 
337 0.209596 
338 0.208586 
339 0.208586 
340 0.209091 
341 0.209596 
342 0.212121 
343 0.211616 
344 0.213131 
345 0.217172 
346 0.218687 
347 0.222222 
348 0.218687 
349 0.219192 
350 0.219697 
351 0.219192 
352 0.217677 
353 0.217677 
354 0.217172 
355 0.213131 
356 0.214646 
357 0.215152 
358 0.214646 
359 0.214141 
360 0.216667 
361 0.216162 
362 0.215152 
363 0.215152 
364 0.217172 
365 0.215657 
366 0.213131 
367 0.217172 
368 0.215657 
369 0.215657 
370 0.215657 
371 0.217172 
372 0.215657 
373 0.216667 
374 0.214646 
375 0.215152 
376 0.213636 
377 0.214141 
378 0.217172 
379 0.216667 
380 0.216162 
381 0.216667 
382 0.217172 
383 0.219192 
384 0.222222 
385 0.223737 
386 0.220707 
387 0.221717 
388 0.223232 
389 0.226768 
390 0.228283 
391 0.221717 
392 0.231313 
393 0.230808 
394 0.228788 
395 0.230303 
396 0.231818 
397 0.229798 
398 0.233838 
399 0.231818 
400 0.233838 
401 0.232323 
402 0.233838 
403 0.235859 
404 0.234848 
405 0.238889 
406 0.240909 
407 0.240404 
408 0.241919 
409 0.25303 
410 0.251515 
411 0.252525 
412 0.259596 
413 0.264646 
414 0.264141 
415 0.271212 
416 0.273232 
417 0.272222 
418 0.283838 
419 0.284848 
420 0.279293 
421 0.285354 
422 0.284343 
423 0.288889 
424 0.297475 
425 0.29596 
426 0.305556 
427 0.305051 
428 0.309091 
429 0.312121 
430 0.315657 
431 0.317172 
432 0.319192 
433 0.323232 
434 0.331313 
435 0.337374 
436 0.338889 
437 0.341414 
438 0.343434 
439 0.338384 
440 0.336364 
441 0.343434 
442 0.343939 
443 0.338889 
444 0.34596 
445 0.340909 
446 0.341414 
447 0.34596 
448 0.354545 
449 0.347475 
450 0.344949 
451 0.35404 
452 0.360606 
453 0.361111 
454 0.35404 
455 0.359596 
456 0.361111 
457 0.371212 
458 0.366162 
459 0.362626 
460 0.361111 
461 0.358081 
462 0.358081 
463 0.369697 
464 0.369697 
465 0.366162 
466 0.369697 
467 0.366667 
468 0.363636 
469 0.366162 
470 0.371717 
471 0.368182 
472 0.371212 
473 0.372222 
474 0.377778 
475 0.374747 
476 0.373737 
477 0.374747 
478 0.373737 
479 0.377778 
480 0.380303 
481 0.375758 
482 0.374242 
483 0.367677 
484 0.369192 
485 0.363636 
486 0.364646 
487 0.363131 
488 0.361111 
489 0.361616 
490 0.361111 
491 0.369697 
492 0.374747 
493 0.373232 
494 0.371717 
495 0.377778 
496 0.377778 
497 0.378788 
498 0.379293 
499 0.382828 
500 0.386364 
501 0.387374 
502 0.391919 
503 0.391919 
504 0.393939 
505 0.400505 
506 0.406566 
507 0.408586 
508 0.409091 
509 0.417677 
510 0.425253 
511 0.427778 
512 0.420202 
513 0.425253 
514 0.431313 
515 0.424747 
516 0.427778 
517 0.430808 
518 0.433838 
519 0.435354 
520 0.440909 
521 0.440909 
522 0.442929 
523 0.449495 
524 0.450505 
525 0.44899 
526 0.460606 
527 0.464141 
528 0.456061 
529 0.466162 
530 0.463636 
531 0.456566 
532 0.467172 
533 0.466667 
534 0.465152 
535 0.464646 
536 0.473737 
537 0.467172 
538 0.464141 
539 0.464646 
540 0.473232 
541 0.465657 
542 0.461616 
543 0.464141 
544 0.461111 
545 0.467172 
546 0.464646 
547 0.460101 
548 0.467677 
549 0.464646 
550 0.467677 
551 0.462121 
552 0.458586 
553 0.456061 
554 0.455556 
555 0.455051 
556 0.45404 
557 0.457576 
558 0.460606 
559 0.455556 
560 0.460606 
561 0.457576 
562 0.457576 
563 0.452525 
564 0.448485 
565 0.45404 
566 0.453535 
567 0.45404 
568 0.451515 
569 0.44798 
570 0.454545 
571 0.44899 
572 0.44596 
573 0.443434 
574 0.443939 
575 0.44798 
576 0.44596 
577 0.44697 
578 0.45101 
579 0.455051 
580 0.457071 
581 0.459091 
582 0.459596 
583 0.462626 
584 0.462121 
585 0.464646 
586 0.465657 
587 0.468687 
588 0.468182 
589 0.471212 
590 0.472727 
591 0.476263 
592 0.476768 
593 0.479293 
594 0.478283 
595 0.483838 
596 0.492424 
597 0.49899 
598 0.503535 
599 0.50404 
600 0.50303 
601 0.506566 
602 0.512626 
603 0.516667 
604 0.523232 
605 0.522727 
606 0.527273 
607 0.538889 
608 0.535354 
609 0.537374 
610 0.541919 
611 0.548485 
612 0.55202 
613 0.550505 
614 0.55101 
615 0.550505 
616 0.557576 
617 0.55303 
618 0.558081 
619 0.560606 
620 0.569192 
621 0.566667 
622 0.570202 
623 0.575253 
624 0.573737 
625 0.573737 
626 0.573737 
627 0.576263 
628 0.573737 
629 0.575758 
630 0.575758 
631 0.573232 
632 0.575758 
633 0.577778 
634 0.578788 
635 0.580303 
636 0.579798 
637 0.580808 
638 0.581818 
639 0.582323 
640 0.580808 
641 0.582323 
642 0.578788 
643 0.580303 
644 0.585354 
645 0.576263 
646 0.576768 
647 0.586869 
648 0.588384 
649 0.585859 
650 0.582828 
651 0.583838 
652 0.582323 
653 0.583838 
654 0.584343 
655 0.583838 
656 0.579293 
657 0.576768 
658 0.579798 
659 0.579798 
660 0.581313 
661 0.581313 
662 0.582828 
663 0.579293 
664 0.587374 
665 0.590404 
666 0.586869 
667 0.582828 
668 0.582828 
669 0.582828 
670 0.581818 
671 0.579293 
672 0.579293 
673 0.584848 
674 0.586869 
675 0.585859 
676 0.583838 
677 0.585859 
678 0.587374 
679 0.589394 
680 0.580808 
681 0.582828 
682 0.584343 
683 0.585859 
684 0.584848 
685 0.591919 
686 0.590909 
687 0.590404 
688 0.591414 
689 0.59697 
690 0.594949 
691 0.589899 
692 0.592424 
693 0.592424 
694 0.600505 
695 0.593939 
696 0.592424 
697 0.589899 
698 0.586364 
699 0.586869 
700 0.588889 
701 0.591919 
702 0.591414 
703 0.588889 
704 0.589394 
705 0.588384 
706 0.588889 
707 0.590404 
708 0.594949 
709 0.594444 
710 0.594444 
711 0.594444 
712 0.592424 
713 0.595455 
714 0.59697 
715 0.593434 
716 0.59798 
717 0.602525 
718 0.604545 
719 0.606061 
720 0.60101 
721 0.59899 
722 0.599495 
723 0.602525 
724 0.603535 
725 0.604545 
726 0.60303 
727 0.599495 
728 0.60404 
729 0.60202 
730 0.603535 
731 0.6 
732 0.597475 
733 0.601515 
734 0.606566 
735 0.607576 
736 0.607576 
737 0.605556 
738 0.605556 
739 0.603535 
740 0.60303 
741 0.60101 
742 0.604545 
743 0.603535 
744 0.604545 
745 0.601515 
746 0.60303 
747 0.606566 
748 0.605051 
749 0.605051 
750 0.60404 
751 0.603535 
752 0.602525 
753 0.605556 
754 0.605051 
755 0.605051 
756 0.60404 
757 0.60404 
758 0.605051 
759 0.605556 
760 0.605051 
761 0.605556 
762 0.607071 
763 0.608081 
764 0.609596 
765 0.611111 
766 0.610606 
767 0.612626 
768 0.613131 
769 0.611111 
770 0.616162 
771 0.615657 
772 0.618182 
773 0.619192 
774 0.619192 
775 0.618687 
776 0.618182 
777 0.616162 
778 0.617172 
779 0.615657 
780 0.617172 
781 0.617172 
782 0.617677 
783 0.614646 
784 0.616162 
785 0.615152 
786 0.614646 
787 0.618687 
788 0.618687 
789 0.619697 
790 0.616667 
791 0.617172 
792 0.618182 
793 0.621212 
794 0.622727 
795 0.623737 
796 0.617677 
797 0.619697 
798 0.621212 
799 0.619697 
800 0.619697 
801 0.617677 
802 0.615152 
803 0.613636 
804 0.613131 
805 0.614141 
806 0.618182 
807 0.616667 
808 0.619192 
809 0.615152 
810 0.613131 
811 0.615152 
812 0.613131 
813 0.612121 
814 0.619192 
815 0.622222 
816 0.624242 
817 0.625758 
818 0.623232 
819 0.624242 
820 0.642929 
821 0.642929 
822 0.64596 
823 0.64798 
824 0.65101 
825 0.656061 
826 0.657576 
827 0.661111 
828 0.660606 
829 0.662626 
830 0.665657 
831 0.668182 
832 0.668182 
833 0.670202 
834 0.668182 
835 0.668687 
836 0.665657 
837 0.665152 
838 0.668182 
839 0.670202 
840 0.670202 
841 0.669192 
842 0.671212 
843 0.674242 
844 0.672222 
845 0.680808 
846 0.680808 
847 0.682323 
848 0.681818 
849 0.681313 
850 0.681818 
851 0.681818 
852 0.684343 
853 0.682828 
854 0.686869 
855 0.684343 
856 0.685859 
857 0.684848 
858 0.686364 
859 0.686869 
860 0.683838 
861 0.681818 
862 0.680303 
863 0.680808 
864 0.679293 
865 0.673737 
866 0.672222 
867 0.672222 
868 0.672727 
869 0.673737 
870 0.680303 
871 0.678788 
872 0.677778 
873 0.678283 
874 0.678283 
875 0.676768 
876 0.676768 
877 0.677273 
878 0.676263 
879 0.674747 
880 0.672222 
881 0.672727 
882 0.674242 
883 0.673737 
884 0.675253 
885 0.674747 
886 0.676768 
887 0.677778 
888 0.680808 
889 0.678283 
890 0.678283 
891 0.677778 
892 0.677778 
893 0.674747 
894 0.673737 
895 0.674242 
896 0.672727 
897 0.672222 
898 0.670202 
899 0.671212 
900 0.669697 
901 0.672222 
902 0.671717 
903 0.672727 
904 0.671717 
905 0.681313 
906 0.678283 
907 0.681818 
908 0.681313 
909 0.680303 
910 0.679798 
911 0.680303 
912 0.678283 
913 0.675758 
914 0.676263 
915 0.676263 
916 0.676768 
917 0.678283 
918 0.676263 
919 0.676768 
920 0.677273 
921 0.676263 
922 0.677778 
923 0.675758 
924 0.675758 
925 0.677273 
926 0.677778 
927 0.677273 
928 0.679798 
929 0.679798 
930 0.682323 
931 0.679798 
932 0.681818 
933 0.681818 
934 0.680303 
935 0.679293 
936 0.677778 
937 0.679293 
938 0.679293 
939 0.678788 
940 0.676768 
941 0.674242 
942 0.672222 
943 0.672222 
944 0.671717 
945 0.670707 
946 0.670707 
947 0.669192 
948 0.673737 
949 0.673232 
950 0.669697 
951 0.670202 
952 0.668687 
953 0.665657 
954 0.666162 
955 0.683333 
956 0.684343 
957 0.685354 
958 0.682828 
959 0.684848 
960 0.682828 
961 0.683333 
962 0.682828 
963 0.682323 
964 0.683333 
965 0.680303 
966 0.680808 
967 0.681818 
968 0.680303 
969 0.678283 
970 0.681313 
971 0.679293 
972 0.677778 
973 0.677273 
974 0.679798 
975 0.679293 
976 0.678283 
977 0.677778 
978 0.678283 
979 0.678283 
980 0.665152 
981 0.666667 
982 0.665152 
983 0.661111 
984 0.666162 
985 0.660606 
986 0.661111 
987 0.662626 
988 0.663636 
989 0.664646 
990 0.663636 
991 0.664141 
992 0.664141 
993 0.666162 
994 0.665657 
995 0.665152 
996 0.665152 
997 0.665657 
998 0.665152 
999 0.666162 
1000 0.667677 
1001 0.666667 
1002 0.667172 
1003 0.665152 
1004 0.665657 
1005 0.670202 
1006 0.672727 
1007 0.672222 
1008 0.675253 
1009 0.673232 
1010 0.672222 
1011 0.668182 
1012 0.670707 
1013 0.669697 
1014 0.666667 
1015 0.666667 
1016 0.665657 
1017 0.668687 
1018 0.667677 
1019 0.669192 
1020 0.668182 
1021 0.670707 
1022 0.668687 
1023 0.668182 
1024 0.664646 
1025 0.666162 
1026 0.666667 
1027 0.668182 
1028 0.667677 
1029 0.666162 
1030 0.668182 
1031 0.666667 
1032 0.665657 
1033 0.664646 
1034 0.664646 
1035 0.665657 
1036 0.668182 
1037 0.664141 
1038 0.665152 
1039 0.673737 
1040 0.671717 
1041 0.672727 
1042 0.672727 
1043 0.674242 
1044 0.674242 
1045 0.674242 
1046 0.673232 
1047 0.673232 
1048 0.675253 
1049 0.676768 
1050 0.674747 
1051 0.673737 
1052 0.675253 
1053 0.675253 
1054 0.675758 
1055 0.676263 
1056 0.675253 
1057 0.672222 
1058 0.674242 
1059 0.674747 
1060 0.673737 
1061 0.663636 
1062 0.659596 
1063 0.665152 
1064 0.663636 
1065 0.664646 
1066 0.663636 
1067 0.665152 
1068 0.664141 
1069 0.665657 
1070 0.666162 
1071 0.667172 
1072 0.667172 
1073 0.666667 
1074 0.664141 
1075 0.665152 
1076 0.667172 
1077 0.666162 
1078 0.666667 
1079 0.665657 
1080 0.663131 
1081 0.661616 
1082 0.660101 
1083 0.662121 
1084 0.665152 
1085 0.666667 
1086 0.666162 
1087 0.666162 
1088 0.664646 
1089 0.665657 
1090 0.668687 
1091 0.671717 
1092 0.671717 
1093 0.669697 
1094 0.669192 
1095 0.668182 
1096 0.667677 
1097 0.669192 
1098 0.669192 
1099 0.670707 
1100 0.669192 
1101 0.669697 
1102 0.667677 
1103 0.667172 
1104 0.668182 
1105 0.665152 
1106 0.664141 
1107 0.664141 
1108 0.664646 
1109 0.662626 
1110 0.663636 
1111 0.670202 
1112 0.668182 
1113 0.667172 
1114 0.667677 
1115 0.668182 
1116 0.670707 
1117 0.672222 
1118 0.670202 
1119 0.667677 
1120 0.670202 
1121 0.669697 
1122 0.669697 
1123 0.669697 
1124 0.670707 
1125 0.672727 
1126 0.673737 
1127 0.674747 
1128 0.671717 
1129 0.672222 
1130 0.672222 
1131 0.671212 
1132 0.671717 
1133 0.674242 
1134 0.672222 
1135 0.673232 
1136 0.669192 
1137 0.666162 
1138 0.667677 
1139 0.670707 
1140 0.672222 
1141 0.675253 
1142 0.676263 
1143 0.674747 
1144 0.673232 
1145 0.674242 
1146 0.673232 
1147 0.672222 
1148 0.670707 
1149 0.669697 
1150 0.667677 
1151 0.665152 
1152 0.668687 
1153 0.666162 
1154 0.667677 
1155 0.663131 
1156 0.661111 
1157 0.663131 
1158 0.665152 
1159 0.662626 
1160 0.661111 
1161 0.668182 
1162 0.668687 
1163 0.665152 
1164 0.664646 
1165 0.664141 
1166 0.660101 
1167 0.656061 
1168 0.656566 
1169 0.656061 
1170 0.657071 
1171 0.656566 
1172 0.660101 
1173 0.65303 
1174 0.655556 
1175 0.655556 
1176 0.656566 
1177 0.657576 
1178 0.657576 
1179 0.658586 
1180 0.655556 
1181 0.658081 
1182 0.660606 
1183 0.660101 
1184 0.660606 
1185 0.659091 
1186 0.676263 
1187 0.671717 
1188 0.674747 
1189 0.674747 
1190 0.674747 
1191 0.673232 
1192 0.667677 
1193 0.670707 
1194 0.670707 
1195 0.671717 
1196 0.672727 
1197 0.678788 
1198 0.676768 
1199 0.677273 
1200 0.674242 
1201 0.675253 
1202 0.673737 
1203 0.674747 
1204 0.673737 
1205 0.671212 
1206 0.669697 
1207 0.668182 
1208 0.671212 
1209 0.670202 
1210 0.669192 
1211 0.676768 
1212 0.677273 
1213 0.676263 
1214 0.677273 
1215 0.675758 
1216 0.675253 
1217 0.674242 
1218 0.673737 
1219 0.675758 
1220 0.673232 
1221 0.671717 
1222 0.670202 
1223 0.674242 
1224 0.674747 
1225 0.674242 
1226 0.676768 
1227 0.678283 
1228 0.677273 
1229 0.677778 
1230 0.675253 
1231 0.677778 
1232 0.679293 
1233 0.678283 
1234 0.674242 
1235 0.669697 
1236 0.660101 
1237 0.664646 
1238 0.662626 
1239 0.661111 
1240 0.663131 
1241 0.664646 
1242 0.665657 
1243 0.668687 
1244 0.668182 
1245 0.667172 
1246 0.667677 
1247 0.668687 
1248 0.667677 
1249 0.662626 
1250 0.663131 
1251 0.656566 
1252 0.657576 
1253 0.656061 
1254 0.658586 
1255 0.655556 
1256 0.656566 
1257 0.657576 
1258 0.656566 
1259 0.658081 
1260 0.657071 
1261 0.661111 
1262 0.661111 
1263 0.660101 
1264 0.660101 
1265 0.661616 
1266 0.663131 
1267 0.662626 
1268 0.663131 
1269 0.664141 
1270 0.668687 
1271 0.668687 
1272 0.668687 
1273 0.666162 
1274 0.665152 
1275 0.663131 
1276 0.666162 
1277 0.667172 
1278 0.666667 
1279 0.664646 
1280 0.666162 
1281 0.669697 
1282 0.668182 
1283 0.666667 
1284 0.667172 
1285 0.665152 
1286 0.664646 
1287 0.663131 
1288 0.665657 
1289 0.667172 
1290 0.667172 
1291 0.667677 
1292 0.666667 
1293 0.666667 
1294 0.667677 
1295 0.666667 
1296 0.666667 
1297 0.670707 
1298 0.667677 
1299 0.670202 
1300 0.667677 
1301 0.667677 
1302 0.668182 
1303 0.669192 
1304 0.668182 
1305 0.668687 
1306 0.668687 
1307 0.666667 
1308 0.667677 
1309 0.667172 
1310 0.665657 
1311 0.670202 
1312 0.667677 
1313 0.666667 
1314 0.669697 
1315 0.663636 
1316 0.663636 
1317 0.660101 
1318 0.662121 
1319 0.659596 
1320 0.658586 
1321 0.661111 
1322 0.659091 
1323 0.655556 
1324 0.656566 
1325 0.657071 
1326 0.659596 
1327 0.662121 
1328 0.661111 
1329 0.660101 
1330 0.660101 
1331 0.657576 
1332 0.659091 
1333 0.658586 
1334 0.659596 
1335 0.660101 
1336 0.665152 
1337 0.668687 
1338 0.664646 
1339 0.665657 
1340 0.663131 
1341 0.665657 
1342 0.661616 
1343 0.663636 
1344 0.662626 
1345 0.663636 
1346 0.663131 
1347 0.665657 
1348 0.662121 
1349 0.661111 
1350 0.658586 
1351 0.659091 
1352 0.661616 
1353 0.668182 
1354 0.667172 
1355 0.666667 
1356 0.668687 
1357 0.668182 
1358 0.668182 
1359 0.669192 
1360 0.668182 
1361 0.668182 
1362 0.668182 
1363 0.665152 
1364 0.665152 
1365 0.663131 
1366 0.665152 
1367 0.662626 
1368 0.668182 
1369 0.668182 
1370 0.671717 
1371 0.670707 
1372 0.671717 
1373 0.672222 
1374 0.674242 
1375 0.672222 
1376 0.673737 
1377 0.674242 
1378 0.673232 
1379 0.674747 
1380 0.672727 
1381 0.669697 
1382 0.672222 
1383 0.675758 
1384 0.674747 
1385 0.676263 
1386 0.673737 
1387 0.673232 
1388 0.674242 
1389 0.674747 
1390 0.677778 
1391 0.678788 
1392 0.678283 
1393 0.679293 
1394 0.680303 
1395 0.680303 
1396 0.680303 
1397 0.684848 
1398 0.682323 
1399 0.683333 
1400 0.681313 
1401 0.678788 
1402 0.682828 
1403 0.683333 
1404 0.684343 
1405 0.681313 
1406 0.682828 
1407 0.682828 
1408 0.685859 
1409 0.687879 
1410 0.690404 
1411 0.681818 
1412 0.683333 
1413 0.681818 
1414 0.682323 
1415 0.683333 
1416 0.682323 
1417 0.685859 
1418 0.687374 
1419 0.683838 
1420 0.685859 
1421 0.686869 
1422 0.686364 
1423 0.687374 
1424 0.686869 
1425 0.691919 
1426 0.688889 
1427 0.690404 
1428 0.697475 
1429 0.694444 
1430 0.688889 
1431 0.692929 
1432 0.688384 
1433 0.694949 
1434 0.69697 
1435 0.694949 
1436 0.698485 
1437 0.694949 
1438 0.702525 
1439 0.709091 
1440 0.710101 
1441 0.715152 
1442 0.708586 
1443 0.70404 
1444 0.710606 
1445 0.708081 
1446 0.702525 
1447 0.715152 
1448 0.70303 
1449 0.713131 
1450 0.718687 
1451 0.728283 
1452 0.726263 
1453 0.721212 
1454 0.735859 
1455 0.729798 
1456 0.733333 
1457 0.734848 
1458 0.734343 
1459 0.747475 
1460 0.748485 
1461 0.742929 
1462 0.744949 
1463 0.741919 
1464 0.747475 
1465 0.750505 
1466 0.75202 
1467 0.751515 
1468 0.750505 
1469 0.756566 
1470 0.75303 
1471 0.761616 
1472 0.760101 
1473 0.759596 
1474 0.752525 
1475 0.74899 
1476 0.775253 
1477 0.778788 
1478 0.770707 
1479 0.767172 
1480 0.765657 
1481 0.767172 
1482 0.749495 
1483 0.768687 
1484 0.788384 
1485 0.775758 
1486 0.774242 
1487 0.782323 
1488 0.775253 
1489 0.787879 
1490 0.784848 
1491 0.773737 
1492 0.774242 
1493 0.773232 
1494 0.787374 
1495 0.788384 
1496 0.788384 
1497 0.790404 
1498 0.794444 
1499 0.800505 
1500 0.786364 
1501 0.795455 
1502 0.790909 
1503 0.802525 
1504 0.789899 
1505 0.791919 
1506 0.791414 
1507 0.794444 
1508 0.788889 
1509 0.8 
1510 0.807576 
1511 0.804545 
1512 0.805051 
1513 0.803535 
1514 0.79899 
1515 0.775758 
1516 0.79596 
1517 0.795455 
1518 0.790909 
1519 0.788384 
1520 0.783838 
1521 0.780808 
1522 0.756061 
1523 0.750505 
1524 0.731818 
1525 0.735859 
1526 0.737879 
1527 0.745455 
1528 0.741414 
1529 0.739394 
1530 0.727273 
1531 0.724747 
1532 0.735354 
1533 0.727273 
1534 0.730303 
1535 0.718687 
1536 0.722727 
1537 0.724242 
1538 0.705051 
1539 0.718182 
1540 0.711111 
1541 0.69697 
1542 0.704545 
1543 0.709091 
1544 0.70202 
1545 0.712121 
1546 0.705051 
1547 0.711111 
1548 0.726768 
1549 0.709596 
1550 0.682828 
1551 0.687374 
1552 0.684848 
1553 0.677778 
1554 0.680303 
1555 0.663636 
1556 0.674747 
1557 0.664141 
1558 0.655556 
1559 0.668182 
1560 0.674747 
1561 0.661616 
1562 0.655051 
1563 0.667677 
1564 0.681313 
1565 0.673232 
1566 0.668687 
1567 0.668687 
1568 0.671717 
1569 0.676768 
1570 0.665657 
1571 0.664646 
1572 0.663131 
1573 0.678788 
1574 0.660101 
1575 0.666667 
1576 0.687879 
1577 0.686364 
1578 0.678788 
1579 0.675253 
1580 0.695455 
1581 0.693434 
1582 0.679798 
1583 0.654545 
1584 0.688384 
1585 0.692929 
1586 0.689899 
1587 0.680303 
1588 0.678283 
1589 0.687374 
1590 0.688384 
1591 0.683838 
1592 0.675253 
1593 0.676263 
1594 0.692424 
1595 0.696465 
1596 0.669697 
1597 0.684343 
1598 0.671717 
1599 0.660606 
1600 0.669192 
1601 0.675253 
1602 0.667677 
1603 0.693939 
1604 0.684343 
1605 0.672222 
1606 0.687879 
1607 0.679293 
1608 0.682828 
1609 0.674242 
1610 0.681313 
1611 0.682323 
1612 0.667172 
1613 0.691414 
1614 0.673737 
1615 0.65202 
1616 0.664646 
1617 0.678283 
1618 0.661616 
1619 0.667677 
1620 0.639899 
1621 0.631313 
1622 0.629798 
1623 0.631818 
1624 0.647475 
1625 0.633838 
1626 0.636869 
1627 0.634343 
1628 0.65303 
1629 0.650505 
1630 0.642424 
1631 0.659091 
1632 0.65202 
1633 0.660101 
1634 0.660101 
1635 0.659596 
1636 0.654545 
1637 0.661616 
1638 0.660606 
1639 0.65 
1640 0.64596 
1641 0.658586 
1642 0.65101 
1643 0.624242 
1644 0.643434 
1645 0.64697 
1646 0.645455 
1647 0.626263 
1648 0.636364 
1649 0.65202 
1650 0.632828 
1651 0.632323 
1652 0.636869 
1653 0.618182 
1654 0.639899 
1655 0.632828 
1656 0.640909 
1657 0.65202 
1658 0.634848 
1659 0.642424 
1660 0.633333 
1661 0.631313 
1662 0.646465 
1663 0.656566 
1664 0.653535 
1665 0.655051 
1666 0.654545 
1667 0.650505 
1668 0.674242 
1669 0.672727 
1670 0.668687 
1671 0.683333 
1672 0.680808 
1673 0.664141 
1674 0.664141 
1675 0.668182 
1676 0.658081 
1677 0.662121 
1678 0.64899 
1679 0.657576 
1680 0.654545 
1681 0.651515 
1682 0.661111 
1683 0.664141 
1684 0.653535 
1685 0.644949 
1686 0.635859 
1687 0.626263 
1688 0.635354 
1689 0.640909 
1690 0.630808 
1691 0.627778 
1692 0.641919 
1693 0.640909 
1694 0.644444 
1695 0.664141 
1696 0.651515 
1697 0.65202 
1698 0.671717 
1699 0.662121 
1700 0.678788 
1701 0.662626 
1702 0.659091 
1703 0.665657 
1704 0.670202 
1705 0.666667 
1706 0.662121 
1707 0.65202 
1708 0.64798 
1709 0.645455 
1710 0.65101 
1711 0.625758 
1712 0.614141 
1713 0.625253 
1714 0.6 
1715 0.617677 
1716 0.620202 
1717 0.600505 
1718 0.614646 
1719 0.610101 
1720 0.59899 
1721 0.611111 
1722 0.600505 
1723 0.601515 
1724 0.583838 
1725 0.60101 
1726 0.579293 
1727 0.584848 
1728 0.589394 
1729 0.574747 
1730 0.573232 
1731 0.544444 
1732 0.522727 
1733 0.518182 
1734 0.507071 
1735 0.518182 
1736 0.489394 
1737 0.493434 
1738 0.486869 
1739 0.483333 
1740 0.474747 
1741 0.464646 
1742 0.45303 
1743 0.443939 
1744 0.437374 
1745 0.444949 
1746 0.416162 
1747 0.436869 
1748 0.406566 
1749 0.410101 
1750 0.4 
1751 0.401515 
1752 0.395455 
1753 0.378283 
1754 0.379798 
1755 0.368182 
1756 0.371212 
1757 0.365152 
1758 0.375758 
1759 0.358586 
1760 0.365657 
1761 0.359596 
1762 0.34899 
1763 0.364141 
1764 0.357071 
1765 0.357071 
1766 0.350505 
1767 0.368687 
1768 0.368687 
1769 0.357576 
1770 0.359091 
1771 0.355051 
1772 0.370707 
1773 0.368687 
1774 0.364646 
1775 0.381313 
1776 0.369697 
1777 0.368182 
1778 0.371212 
1779 0.382828 
1780 0.361616 
1781 0.363131 
1782 0.373737 
1783 0.375253 
1784 0.361111 
1785 0.368687 
1786 0.367677 
1787 0.357576 
1788 0.345455 
1789 0.345455 
1790 0.338889 
1791 0.35 
1792 0.329798 
1793 0.323737 
1794 0.327273 
1795 0.314646 
1796 0.308081 
1797 0.300505 
1798 0.314646 
1799 0.310606 
1800 0.307071 
1801 0.312626 
1802 0.311111 
1803 0.29899 
1804 0.302525 
1805 0.318182 
1806 0.309091 
1807 0.319697 
1808 0.312626 
1809 0.30101 
1810 0.30303 
1811 0.308586 
1812 0.292929 
1813 0.309091 
1814 0.309596 
1815 0.311616 
1816 0.294444 
1817 0.30303 
1818 0.282828 
1819 0.288384 
1820 0.286364 
1821 0.290909 
1822 0.263636 
1823 0.264646 
1824 0.285354 
1825 0.268687 
1826 0.260101 
1827 0.255556 
1828 0.251515 
1829 0.238889 
1830 0.262626 
1831 0.258081 
1832 0.241919 
1833 0.25 
1834 0.25 
1835 0.25404 
1836 0.241919 
1837 0.250505 
1838 0.255556 
1839 0.236364 
1840 0.241414 
1841 0.243939 
1842 0.229798 
1843 0.226263 
1844 0.239899 
1845 0.226768 
1846 0.222222 
1847 0.214646 
1848 0.203535 
1849 0.212121 
1850 0.204545 
1851 0.20303 
1852 0.184343 
1853 0.176768 
1854 0.174242 
1855 0.161111 
1856 0.182323 
1857 0.167172 
1858 0.162626 
1859 0.175758 
1860 0.171212 
1861 0.165152 
1862 0.165657 
1863 0.15202 
1864 0.15404 
1865 0.158586 
1866 0.148485 
1867 0.163636 
1868 0.166667 
1869 0.169192 
1870 0.169697 
1871 0.172222 
1872 0.174747 
1873 0.173232 
1874 0.182828 
1875 0.183838 
1876 0.203535 
1877 0.184848 
1878 0.20404 
1879 0.219697 
1880 0.215152 
1881 0.223232 
1882 0.240404 
1883 0.233838 
1884 0.248485 
1885 0.248485 
1886 0.24798 
1887 0.253535 
1888 0.260606 
1889 0.262121 
1890 0.270707 
1891 0.281818 
1892 0.290909 
1893 0.283838 
1894 0.288889 
1895 0.295455 
1896 0.278788 
1897 0.277273 
1898 0.289394 
1899 0.281313 
1900 0.288384 
1901 0.288889 
1902 0.305051 
1903 0.321212 
1904 0.318182 
1905 0.327273 
1906 0.324747 
1907 0.336364 
1908 0.327778 
1909 0.335354 
1910 0.332828 
1911 0.34899 
1912 0.320202 
1913 0.333838 
1914 0.329798 
1915 0.325253 
1916 0.332828 
1917 0.316667 
1918 0.307071 
1919 0.315152 
1920 0.320202 
1921 0.322727 
1922 0.315657 
1923 0.313636 
1924 0.296465 
1925 0.286364 
1926 0.277273 
1927 0.291919 
1928 0.280808 
1929 0.265657 
1930 0.270202 
1931 0.274242 
1932 0.266667 
1933 0.257071 
1934 0.271212 
1935 0.246465 
1936 0.258081 
1937 0.25202 
1938 0.255556 
1939 0.262626 
1940 0.24596 
1941 0.266667 
1942 0.24899 
1943 0.264646 
1944 0.230303 
1945 0.249495 
1946 0.229293 
1947 0.242929 
1948 0.205051 
1949 0.204545 
1950 0.19798 
1951 0.194949 
1952 0.190404 
1953 0.165657 
1954 0.152525 
1955 0.15202 
1956 0.140909 
1957 0.131818 
1958 0.126768 
1959 0.127778 
1960 0.111616 
1961 0.10202 
1962 0.100505 
1963 0.0873737 
1964 0.0808081 
1965 0.0747475 
1966 0.0686869 
1967 0.0656566 
1968 0.0535354 
1969 0.0565657 
1970 0.0550505 
1971 0.0515152 
1972 0.0540404 
1973 0.0515152 
1974 0.0459596 
1975 0.0434343 
1976 0.0429293 
1977 0.0424242 
1978 0.0363636 
1979 0.0358586 
1980 0.0368687 
1981 0.0348485 
1982 0.0348485 
1983 0.0368687 
1984 0.0373737 
1985 0.0368687 
1986 0.0363636 
1987 0.0373737 
1988 0.0373737 
1989 0.0358586 
1990 0.0348485 
1991 0.0358586 
1992 0.0373737 
1993 0.0373737 
1994 0.0373737 
1995 0.0378788 
1996 0.0383838 
1997 0.0378788 
1998 0.0378788 
1999 0.0378788 
2000 0.0383838 
2001 0.0479798 
2002 0.059596 
2003 0.0656566 
2004 0.0782828 
2005 0.0939394 
2006 0.0989899 
2007 0.109091 
2008 0.127778 
2009 0.131313 
2010 0.148485 
2011 0.164141 
2012 0.164646 
2013 0.181818 
2014 0.201515 
2015 0.202525 
2016 0.218182 
2017 0.222727 
2018 0.228788 
2019 0.240404 
2020 0.242424 
2021 0.255051 
2022 0.244444 
2023 0.24596 
2024 0.265152 
2025 0.261111 
2026 0.30303 
2027 0.278788 
2028 0.299495 
2029 0.277778 
2030 0.319192 
2031 0.30303 
2032 0.308586 
2033 0.276263 
2034 0.273737 
2035 0.286869 
2036 0.280808 
2037 0.294444 
2038 0.285859 
2039 0.261616 
2040 0.268687 
2041 0.271212 
2042 0.266667 
2043 0.271717 
2044 0.255051 
2045 0.243939 
2046 0.241414 
2047 0.231818 
2048 0.218687 
2049 0.215152 
2050 0.215152 
2051 0.210606 
2052 0.207576 
2053 0.19596 
2054 0.209091 
2055 0.19899 
2056 0.183333 
2057 0.171212 
2058 0.167172 
2059 0.152525 
2060 0.136869 
2061 0.135354 
2062 0.115657 
2063 0.106061 
2064 0.108586 
2065 0.10101 
2066 0.0924242 
2067 0.0929293 
2068 0.090404 
2069 0.0818182 
2070 0.0873737 
2071 0.0838384 
2072 0.0767677 
2073 0.0787879 
2074 0.0686869 
2075 0.0636364 
2076 0.0636364 
2077 0.0656566 
2078 0.0641414 
2079 0.060101 
2080 0.0575758 
2081 0.05 
2082 0.0494949 
2083 0.0419192 
2084 0.0419192 
2085 0.040404 
2086 0.0424242 
2087 0.0419192 
2088 0.0414141 
2089 0.0419192 
2090 0.0429293 
2091 0.0409091 
2092 0.0419192 
2093 0.0419192 
2094 0.0424242 
2095 0.0424242 
2096 0.0414141 
2097 0.0449495 
2098 0.0464646 
2099 0.0469697 
2100 0.0535354 
2101 0.060101 
2102 0.0646465 
2103 0.0681818 
2104 0.0747475 
2105 0.0762626 
2106 0.0838384 
2107 0.0944444 
2108 0.0984848 
2109 0.108586 
2110 0.122222 
2111 0.125253 
2112 0.134848 
2113 0.14697 
2114 0.148485 
2115 0.163131 
2116 0.176768 
2117 0.178283 
2118 0.186869 
2119 0.203535 
2120 0.205051 
2121 0.218182 
2122 0.234343 
2123 0.24596 
2124 0.252525 
2125 0.262121 
2126 0.266162 
2127 0.283333 
2128 0.29596 
2129 0.291919 
2130 0.30202 
2131 0.309091 
2132 0.315152 
2133 0.322222 
2134 0.324242 
2135 0.322727 
2136 0.319697 
2137 0.323737 
2138 0.322222 
2139 0.323232 
2140 0.319697 
2141 0.318182 
2142 0.324242 
2143 0.322727 
2144 0.321212 
2145 0.324242 
2146 0.321212 
2147 0.322727 
2148 0.323232 
2149 0.316162 
2150 0.314646 
2151 0.30303 
2152 0.292424 
2153 0.289394 
2154 0.285859 
2155 0.291414 
2156 0.290909 
2157 0.299495 
2158 0.3 
2159 0.29697 
2160 0.301515 
2161 0.294949 
2162 0.298485 
2163 0.292424 
2164 0.29899 
2165 0.304545 
2166 0.299495 
2167 0.297475 
2168 0.282323 
2169 0.289394 
2170 0.289394 
2171 0.281818 
2172 0.278788 
2173 0.268687 
2174 0.272727 
2175 0.255556 
2176 0.24899 
2177 0.227273 
2178 0.229798 
2179 0.20303 
2180 0.20303 
2181 0.191414 
2182 0.186869 
2183 0.175253 
2184 0.167677 
2185 0.155051 
2186 0.15404 
2187 0.146465 
2188 0.127778 
2189 0.130808 
2190 0.122222 
2191 0.110606 
2192 0.10303 
2193 0.0914141 
2194 0.0848485 
2195 0.0853535 
2196 0.0762626 
2197 0.0707071 
2198 0.0676768 
2199 0.0641414 
2200 0.0606061 
2201 0.0575758 
2202 0.0535354 
2203 0.0454545 
2204 0.0444444 
2205 0.0444444 
2206 0.0388889 
2207 0.0388889 
2208 0.0353535 
2209 0.0272727 
2210 0.0242424 
2211 0.0328283 
2212 0.0323232 
2213 0.0358586 
2214 0.0373737 
2215 0.0368687 
2216 0.0353535 
2217 0.0343434 
2218 0.0348485 
2219 0.0358586 
2220 0.0348485 
2221 0.0348485 
2222 0.0343434 
2223 0.0318182 
2224 0.0333333 
2225 0.0348485 
2226 0.0348485 
2227 0.0373737 
2228 0.0378788 
2229 0.0393939 
2230 0.0373737 
2231 0.0373737 
2232 0.0363636 
2233 0.0373737 
2234 0.0378788 
2235 0.0388889 
2236 0.0388889 
2237 0.039899 
2238 0.039899 
2239 0.040404 
2240 0.0414141 
2241 0.040404 
2242 0.0409091 
2243 0.0388889 
2244 0.0373737 
2245 0.0363636 
2246 0.0363636 
2247 0.0353535 
2248 0.0368687 
2249 0.0368687 
2250 0.039899 
2251 0.0383838 
2252 0.0414141 
2253 0.0414141 
2254 0.0419192 
2255 0.0429293 
2256 0.0439394 
2257 0.0424242 
2258 0.0424242 
2259 0.0434343 
2260 0.0419192 
2261 0.0429293 
2262 0.0414141 
2263 0.0419192 
2264 0.0429293 
2265 0.0439394 
2266 0.0474747 
2267 0.0494949 
2268 0.0590909 
2269 0.0681818 
2270 0.0691919 
2271 0.0717172 
2272 0.0782828 
2273 0.0777778 
2274 0.0843434 
2275 0.0929293 
2276 0.0944444 
2277 0.0909091 
2278 0.0974747 
2279 0.10303 
2280 0.10202 
2281 0.10404 
2282 0.10303 
2283 0.110101 
2284 0.104545 
2285 0.111111 
2286 0.105051 
2287 0.111616 
2288 0.110101 
2289 0.114141 
2290 0.114646 
2291 0.113636 
2292 0.114141 
2293 0.107576 
2294 0.110606 
2295 0.113131 
2296 0.112626 
2297 0.114141 
2298 0.113131 
2299 0.123737 
2300 0.124242 
2301 0.125253 
2302 0.130808 
2303 0.128283 
2304 0.135354 
2305 0.129798 
2306 0.140404 
2307 0.127273 
2308 0.129798 
2309 0.134343 
2310 0.131313 
2311 0.112121 
2312 0.120202 
2313 0.105556 
2314 0.109091 
2315 0.104545 
2316 0.0944444 
2317 0.0888889 
2318 0.090404 
2319 0.0873737 
2320 0.089899 
2321 0.0868687 
2322 0.0843434 
2323 0.0772727 
2324 0.0777778 
2325 0.0712121 
2326 0.0722222 
2327 0.070202 
2328 0.0727273 
2329 0.0752525 
2330 0.0752525 
2331 0.0767677 
2332 0.0742424 
2333 0.0727273 
2334 0.0707071 
2335 0.0712121 
2336 0.0606061 
2337 0.060101 
2338 0.060101 
2339 0.0565657 
2340 0.0590909 
2341 0.0535354 
2342 0.0530303 
2343 0.05 
2344 0.0479798 
2345 0.0469697 
2346 0.0474747 
2347 0.0469697 
2348 0.0449495 
2349 0.0449495 
2350 0.0469697 
2351 0.0469697 
2352 0.0429293 
2353 0.0469697 
2354 0.0459596 
2355 0.0454545 
2356 0.0434343 
2357 0.0464646 
2358 0.0439394 
2359 0.0449495 
2360 0.0424242 
2361 0.0434343 
2362 0.0414141 
2363 0.0419192 
2364 0.0393939 
2365 0.0414141 
2366 0.040404 
2367 0.0434343 
2368 0.0429293 
2369 0.0444444 
2370 0.0434343 
2371 0.0434343 
2372 0.0464646 
2373 0.0449495 
2374 0.0464646 
2375 0.0459596 
2376 0.0464646 
2377 0.0464646 
2378 0.0414141 
2379 0.0444444 
2380 0.0424242 
2381 0.0414141 
2382 0.0429293 
2383 0.0479798 
2384 0.0414141 
2385 0.0570707 
2386 0.0691919 
2387 0.0686869 
2388 0.0782828 
2389 0.0833333 
2390 0.0833333 
2391 0.0838384 
2392 0.0818182 
2393 0.080303 
2394 0.0863636 
2395 0.0919192 
2396 0.0888889 
2397 0.0934343 
2398 0.0853535 
2399 0.0954545 
2400 0.0888889 
2401 0.0919192 
2402 0.089899 
2403 0.0949495 
2404 0.0979798 
2405 0.0914141 
2406 0.0959596 
2407 0.10101 
2408 0.10303 
2409 0.101515 
2410 0.10202 
2411 0.106566 
2412 0.107576 
2413 0.107071 
2414 0.0969697 
2415 0.0979798 
2416 0.0939394 
2417 0.0838384 
2418 0.080303 
2419 0.0782828 
2420 0.070202 
2421 0.0621212 
2422 0.060101 
2423 0.0570707 
2424 0.0479798 
2425 0.0439394 
2426 0.0333333 
2427 0.0222222 
2428 0.0257576 
2429 0.0282828 
2430 0.029798 
2431 0.0338384 
2432 0.0343434 
2433 0.0393939 
2434 0.0510101 
2435 0.0489899 
2436 0.0570707 
2437 0.060101 
2438 0.0585859 
2439 0.0611111 
2440 0.0631313 
2441 0.0580808 
2442 0.0671717 
2443 0.0686869 
2444 0.0661616 
2445 0.069697 
2446 0.0717172 
2447 0.0732323 
2448 0.0757576 
2449 0.0787879 
2450 0.0762626 
2451 0.0808081 
2452 0.0858586 
2453 0.0808081 
2454 0.079798 
2455 0.0833333 
2456 0.0813131 
2457 0.0818182 
2458 0.0838384 
2459 0.0777778 
2460 0.0808081 
2461 0.0848485 
2462 0.0883838 
2463 0.0848485 
2464 0.079798 
2465 0.079798 
2466 0.0707071 
2467 0.0651515 
2468 0.0686869 
2469 0.0616162 
2470 0.0565657 
2471 0.059596 
2472 0.0489899 
2473 0.0439394 
2474 0.0454545 
2475 0.0353535 
2476 0.0383838 
2477 0.0368687 
2478 0.0368687 
2479 0.0368687 
2480 0.0368687 
2481 0.0388889 
2482 0.0393939 
2483 0.0368687 
2484 0.0378788 
2485 0.0378788 
2486 0.0358586 
2487 0.0373737 
2488 0.0378788 
2489 0.0358586 
2490 0.039899 
2491 0.0409091 
2492 0.0378788 
2493 0.0368687 
2494 0.0373737 
2495 0.0393939 
2496 0.039899 
2497 0.0388889 
2498 0.0424242 
2499 0.0434343 
2500 0.0409091 
2501 0.0378788 
2502 0.0409091 
2503 0.0414141 
2504 0.0424242 
2505 0.0469697 
2506 0.0429293 
2507 0.0419192 
2508 0.0484848 
2509 0.05 
2510 0.0479798 
2511 0.05 
2512 0.0661616 
2513 0.0621212 
2514 0.069697 
2515 0.070202 
2516 0.0742424 
2517 0.0681818 
2518 0.0691919 
2519 0.0722222 
2520 0.0722222 
2521 0.079798 
2522 0.0767677 
2523 0.0843434 
2524 0.0853535 
2525 0.0868687 
2526 0.0853535 
2527 0.0878788 
2528 0.0888889 
2529 0.0924242 
2530 0.0893939 
2531 0.0929293 
2532 0.090404 
2533 0.0939394 
2534 0.0939394 
2535 0.0929293 
2536 0.0979798 
2537 0.0979798 
2538 0.0979798 
2539 0.104545 
2540 0.104545 
2541 0.102525 
2542 0.100505 
2543 0.100505 
2544 0.105051 
2545 0.107071 
2546 0.10404 
2547 0.110606 
2548 0.109091 
2549 0.111111 
2550 0.109091 
2551 0.0984848 
2552 0.1 
2553 0.0974747 
2554 0.0888889 
2555 0.0878788 
2556 0.0833333 
2557 0.0762626 
2558 0.0712121 
2559 0.0651515 
2560 0.0560606 
2561 0.0484848 
2562 0.0388889 
2563 0.0267677 
2564 0.0176768 
2565 0 
2566 0.0186869 
2567 0.0227273 
2568 0.0267677 
2569 0.0282828 
2570 0.0292929 
2571 0.0292929 
2572 0.0282828 
2573 0.0277778 
2574 0.0277778 
2575 0.0272727 
2576 0.0272727 
2577 0.0272727 
2578 0.0267677 
2579 0.0267677 
2580 0.0267677 
2581 0.0267677 
2582 0.0272727 
2583 0.0277778 
2584 0.0277778 
2585 0.0277778 
2586 0.0267677 
2587 0.0262626 
2588 0.0262626 
2589 0.0262626 
2590 0.0262626 
2591 0.0257576 
2592 0.0257576 
2593 0.0257576 
2594 0.0257576 
2595 0.0262626 
2596 0.0262626 
2597 0.0262626 
2598 0.0262626 
2599 0.0267677 
2600 0.0272727 
2601 0.0272727 
2602 0.0272727 
2603 0.0267677 
2604 0.0267677 
2605 0.0267677 
2606 0.0262626 
2607 0.0262626 
2608 0.0262626 
2609 0.0267677 
2610 0.0267677 
2611 0.0267677 
2612 0.0267677 
2613 0.0262626 
2614 0.0257576 
2615 0.0257576 
2616 0.0267677 
2617 0.0267677 
2618 0.0267677 
2619 0.0272727 
2620 0.0277778 
2621 0.0272727 
2622 0.0267677 
2623 0.0272727 
2624 0.0272727 
2625 0.0323232 
2626 0.0378788 
2627 0.0434343 
2628 0.05 
2629 0.0525253 
2630 0.0510101 
2631 0.0555556 
2632 0.0570707 
2633 0.0570707 
2634 0.0580808 
2635 0.0570707 
2636 0.0570707 
2637 0.069697 
2638 0.0732323 
2639 0.0767677 
2640 0.0893939 
2641 0.089899 
2642 0.0944444 
2643 0.102525 
2644 0.117677 
2645 0.112626 
2646 0.122222 
2647 0.132828 
2648 0.139394 
2649 0.144949 
2650 0.148485 
2651 0.15 
2652 0.155556 
2653 0.167172 
2654 0.165152 
2655 0.159596 
2656 0.163636 
2657 0.177778 
2658 0.190909 
2659 0.181313 
2660 0.174747 
2661 0.185354 
2662 0.191414 
2663 0.177778 
2664 0.183838 
2665 0.179798 
2666 0.176768 
2667 0.163636 
2668 0.166667 
2669 0.163636 
2670 0.157576 
2671 0.169192 
2672 0.171717 
2673 0.172222 
2674 0.169192 
2675 0.174242 
2676 0.176768 
2677 0.175758 
2678 0.176263 
2679 0.182828 
2680 0.164141 
2681 0.172222 
2682 0.157576 
2683 0.154545 
2684 0.147475 
2685 0.147475 
2686 0.141414 
2687 0.143434 
2688 0.14596 
2689 0.15 
2690 0.141414 
2691 0.133838 
2692 0.129798 
2693 0.128788 
2694 0.119192 
2695 0.116162 
2696 0.114141 
2697 0.109091 
2698 0.10404 
2699 0.0969697 
2700 0.0868687 
2701 0.0843434 
2702 0.0782828 
2703 0.060101 
2704 0.080303 
2705 0.0808081 
2706 0.0737374 
2707 0.0767677 
2708 0.0762626 
2709 0.0666667 
2710 0.0621212 
2711 0.0707071 
2712 0.069697 
2713 0.0676768 
2714 0.0641414 
2715 0.0722222 
2716 0.0742424 
2717 0.0707071 
2718 0.0691919 
2719 0.0626263 
2720 0.0671717 
2721 0.0717172 
2722 0.0792929 
2723 0.0767677 
2724 0.070202 
2725 0.0691919 
2726 0.0707071 
2727 0.0808081 
2728 0.0843434 
2729 0.0828283 
2730 0.0914141 
2731 0.0959596 
2732 0.0949495 
2733 0.1 
2734 0.0994949 
2735 0.106061 
2736 0.107576 
2737 0.105556 
2738 0.10303 
2739 0.106061 
2740 0.107071 
2741 0.106061 
2742 0.109091 
2743 0.108586 
2744 0.111111 
2745 0.112121 
2746 0.113636 
2747 0.112121 
2748 0.114646 
2749 0.116162 
2750 0.110101 
2751 0.110606 
2752 0.118687 
2753 0.120707 
2754 0.109596 
2755 0.115657 
2756 0.116667 
2757 0.117677 
2758 0.120707 
2759 0.122727 
2760 0.123232 
2761 0.124242 
2762 0.120707 
2763 0.127778 
2764 0.122222 
2765 0.126263 
2766 0.129293 
2767 0.126263 
2768 0.125758 
2769 0.123737 
2770 0.130303 
2771 0.121717 
2772 0.128283 
2773 0.127273 
2774 0.120707 
2775 0.131313 
2776 0.126263 
2777 0.129293 
2778 0.123737 
2779 0.133333 
2780 0.132323 
2781 0.135859 
2782 0.136869 
2783 0.142929 
2784 0.136364 
2785 0.141919 
2786 0.139394 
2787 0.136869 
2788 0.135859 
2789 0.141919 
2790 0.147475 
2791 0.14697 
2792 0.141414 
2793 0.142424 
2794 0.141919 
2795 0.140404 
2796 0.148485 
2797 0.147475 
2798 0.146465 
2799 0.149495 
2800 0.145455 
2801 0.145455 
2802 0.144949 
2803 0.142424 
2804 0.142929 
2805 0.139394 
2806 0.14596 
2807 0.146465 
2808 0.142929 
2809 0.144949 
2810 0.142424 
2811 0.143939 
2812 0.14798 
2813 0.149495 
2814 0.152525 
2815 0.151515 
2816 0.15303 
2817 0.152525 
2818 0.150505 
2819 0.150505 
2820 0.152525 
2821 0.153535 
2822 0.152525 
2823 0.155556 
2824 0.156566 
2825 0.156061 
2826 0.156061 
2827 0.155556 
2828 0.155051 
2829 0.154545 
2830 0.15404 
2831 0.152525 
2832 0.151515 
2833 0.150505 
2834 0.14798 
2835 0.15 
2836 0.149495 
2837 0.147475 
2838 0.14798 
2839 0.14697 
2840 0.14697 
2841 0.148485 
2842 0.148485 
2843 0.148485 
2844 0.147475 
2845 0.146465 
2846 0.144949 
2847 0.144949 
2848 0.14798 
2849 0.146465 
2850 0.149495 
2851 0.153535 
2852 0.154545 
2853 0.157071 
2854 0.157576 
2855 0.159091 
2856 0.158081 
2857 0.15404 
2858 0.155051 
2859 0.155051 
2860 0.155556 
2861 0.14596 
2862 0.144444 
2863 0.143939 
2864 0.144949 
2865 0.14596 
2866 0.144949 
2867 0.145455 
2868 0.147475 
2869 0.149495 
2870 0.149495 
2871 0.15 
2872 0.151515 
2873 0.15101 
2874 0.15202 
2875 0.15 
2876 0.150505 
2877 0.148485 
2878 0.147475 
2879 0.148485 
2880 0.148485 
2881 0.15 
2882 0.151515 
2883 0.155051 
2884 0.15202 
2885 0.157071 
2886 0.154545 
2887 0.160606 
2888 0.160606 
2889 0.159091 
2890 0.159596 
2891 0.163131 
2892 0.162121 
2893 0.160606 
2894 0.163131 
2895 0.159091 
2896 0.162626 
2897 0.158081 
2898 0.160606 
2899 0.159596 
2900 0.162626 
2901 0.162121 
2902 0.160606 
2903 0.160101 
2904 0.161616 
2905 0.156566 
2906 0.156566 
2907 0.158081 
2908 0.157576 
2909 0.157071 
2910 0.158081 
2911 0.161111 
2912 0.159596 
2913 0.159596 
2914 0.160101 
2915 0.158081 
2916 0.159091 
2917 0.157576 
2918 0.159596 
2919 0.156061 
2920 0.156061 
2921 0.157576 
2922 0.155556 
2923 0.160101 
2924 0.159091 
2925 0.159596 
2926 0.156061 
2927 0.156061 
2928 0.156061 
2929 0.158586 
2930 0.161111 
2931 0.161616 
2932 0.163131 
2933 0.164646 
2934 0.164646 
2935 0.165657 
2936 0.161616 
2937 0.160101 
2938 0.158586 
2939 0.160101 
2940 0.166162 
2941 0.165152 
2942 0.166667 
2943 0.172222 
2944 0.175253 
2945 0.178283 
2946 0.183838 
2947 0.185354 
2948 0.187374 
2949 0.192929 
2950 0.19798 
2951 0.199495 
2952 0.203535 
2953 0.202525 
2954 0.209596 
2955 0.217172 
2956 0.217677 
2957 0.221212 
2958 0.226768 
2959 0.230808 
2960 0.234343 
2961 0.25101 
2962 0.247475 
2963 0.25303 
2964 0.258081 
2965 0.262121 
2966 0.263636 
2967 0.269697 
2968 0.276263 
2969 0.278283 
2970 0.287374 
2971 0.289899 
2972 0.290909 
2973 0.30101 
2974 0.310606 
2975 0.312121 
2976 0.312626 
2977 0.319697 
2978 0.324242 
2979 0.327273 
2980 0.330808 
2981 0.333333 
2982 0.342929 
2983 0.344444 
2984 0.347475 
2985 0.35303 
2986 0.364646 
2987 0.365152 
2988 0.365152 
2989 0.367677 
2990 0.373737 
2991 0.379798 
2992 0.386869 
2993 0.387879 
2994 0.396465 
2995 0.398485 
2996 0.406566 
2997 0.413131 
2998 0.412626 
2999 0.417172 
3000 0.431818 
3001 0.437374 
3002 0.442929 
3003 0.45101 
3004 0.45303 
3005 0.455556 
3006 0.460606 
3007 0.477778 
3008 0.481818 
3009 0.487879 
3010 0.487879 
3011 0.49899 
3012 0.505556 
3013 0.510101 
3014 0.515657 
3015 0.529293 
3016 0.541414 
3017 0.552525 
3018 0.55 
3019 0.555051 
3020 0.571212 
3021 0.570707 
3022 0.586869 
3023 0.576263 
3024 0.582323 
3025 0.597475 
3026 0.591919 
3027 0.595455 
3028 0.597475 
3029 0.592929 
3030 0.59697 
3031 0.602525 
3032 0.59899 
3033 0.611616 
3034 0.618182 
3035 0.623232 
3036 0.609596 
3037 0.619192 
3038 0.616162 
3039 0.611616 
3040 0.593939 
3041 0.592929 
3042 0.59798 
3043 0.594444 
3044 0.586364 
3045 0.581818 
3046 0.591414 
3047 0.592929 
3048 0.593434 
3049 0.586364 
3050 0.592424 
3051 0.590404 
3052 0.589899 
3053 0.587879 
3054 0.592929 
3055 0.593434 
3056 0.587374 
3057 0.593939 
3058 0.593939 
3059 0.591414 
3060 0.593939 
3061 0.596465 
3062 0.60202 
3063 0.603535 
3064 0.607071 
3065 0.608081 
3066 0.612626 
3067 0.60404 
3068 0.601515 
3069 0.607071 
3070 0.607071 
3071 0.616162 
3072 0.612121 
3073 0.614646 
3074 0.620202 
3075 0.610606 
3076 0.609596 
3077 0.615152 
3078 0.615152 
3079 0.606566 
3080 0.611616 
3081 0.616667 
3082 0.617677 
3083 0.623232 
3084 0.625253 
3085 0.625253 
3086 0.636869 
3087 0.627778 
3088 0.637879 
3089 0.633333 
3090 0.634848 
3091 0.642424 
3092 0.637374 
3093 0.637374 
3094 0.635354 
3095 0.634848 
3096 0.635354 
3097 0.628283 
3098 0.627778 
3099 0.623737 
3100 0.627273 
3101 0.624242 
3102 0.623232 
3103 0.620707 
3104 0.618687 
3105 0.621212 
3106 0.619697 
3107 0.615152 
3108 0.615152 
3109 0.610606 
3110 0.614141 
3111 0.620707 
3112 0.616162 
3113 0.615657 
3114 0.616162 
3115 0.612121 
3116 0.607071 
3117 0.607576 
3118 0.60303 
3119 0.608081 
3120 0.609596 
3121 0.607071 
3122 0.610606 
3123 0.605051 
3124 0.608081 
3125 0.610101 
3126 0.608586 
3127 0.619192 
3128 0.618182 
3129 0.620202 
3130 0.621212 
3131 0.618182 
3132 0.622222 
3133 0.627273 
3134 0.629798 
3135 0.635859 
3136 0.647475 
3137 0.64697 
3138 0.641919 
3139 0.64596 
3140 0.639899 
3141 0.640404 
3142 0.642929 
3143 0.644949 
3144 0.64596 
3145 0.643434 
3146 0.638889 
3147 0.635354 
3148 0.636869 
3149 0.637374 
3150 0.641414 
3151 0.641414 
3152 0.641919 
3153 0.640909 
3154 0.638889 
3155 0.636869 
3156 0.639394 
3157 0.636869 
3158 0.635859 
3159 0.635354 
3160 0.638889 
3161 0.632828 
3162 0.637879 
3163 0.633838 
3164 0.631818 
3165 0.629293 
3166 0.632323 
3167 0.631818 
3168 0.631313 
3169 0.630303 
3170 0.626768 
3171 0.622727 
3172 0.621717 
3173 0.621717 
3174 0.624747 
3175 0.619697 
3176 0.618687 
3177 0.622727 
3178 0.622222 
3179 0.623232 
3180 0.621717 
3181 0.625758 
3182 0.630303 
3183 0.632323 
3184 0.640404 
3185 0.644444 
3186 0.653535 
3187 0.64899 
3188 0.647475 
3189 0.642929 
3190 0.639899 
3191 0.641919 
3192 0.64899 
3193 0.65202 
3194 0.654545 
3195 0.652525 
3196 0.64899 
3197 0.646465 
3198 0.645455 
3199 0.645455 
3200 0.643434 
3201 0.645455 
3202 0.64596 
3203 0.64596 
3204 0.643939 
3205 0.646465 
3206 0.643939 
3207 0.64596 
3208 0.64697 
3209 0.64697 
3210 0.64596 
3211 0.634848 
3212 0.639899 
3213 0.635354 
3214 0.638384 
3215 0.637374 
3216 0.639899 
3217 0.641414 
3218 0.643434 
3219 0.641919 
3220 0.643434 
3221 0.643434 
3222 0.643434 
3223 0.641919 
3224 0.640404 
3225 0.640909 
3226 0.638889 
3227 0.638889 
3228 0.636869 
3229 0.637374 
3230 0.638889 
3231 0.636364 
3232 0.634343 
3233 0.635354 
3234 0.636869 
3235 0.637879 
3236 0.641414 
3237 0.640404 
3238 0.641414 
3239 0.641919 
3240 0.642424 
3241 0.640404 
3242 0.639899 
3243 0.639899 
3244 0.640404 
3245 0.636869 
3246 0.636364 
3247 0.635354 
3248 0.636869 
3249 0.636869 
3250 0.636869 
3251 0.636869 
3252 0.635859 
3253 0.635859 
3254 0.636364 
3255 0.636364 
3256 0.634848 
3257 0.634848 
3258 0.635354 
3259 0.636364 
3260 0.636869 
3261 0.637374 
3262 0.634848 
3263 0.633333 
3264 0.635354 
3265 0.635859 
3266 0.635859 
3267 0.635859 
3268 0.634848 
3269 0.634848 
3270 0.635354 
3271 0.634343 
3272 0.636364 
3273 0.638384 
3274 0.640909 
3275 0.641414 
3276 0.640404 
3277 0.641919 
3278 0.642424 
3279 0.642424 
3280 0.640404 
3281 0.639899 
3282 0.638384 
3283 0.638889 
3284 0.639899 
3285 0.639899 
3286 0.652525 
3287 0.65101 
3288 0.65 
3289 0.647475 
3290 0.646465 
3291 0.646465 
3292 0.64798 
3293 0.649495 
3294 0.64899 
3295 0.648485 
3296 0.646465 
3297 0.647475 
3298 0.646465 
3299 0.644949 
3300 0.64596 
3301 0.644949 
3302 0.645455 
3303 0.644444 
3304 0.643939 
3305 0.645455 
3306 0.643939 
3307 0.643434 
3308 0.642929 
3309 0.642929 
3310 0.645455 
3311 0.650505 
3312 0.649495 
3313 0.648485 
3314 0.646465 
3315 0.646465 
3316 0.64798 
3317 0.645455 
3318 0.645455 
3319 0.644949 
3320 0.644444 
3321 0.641414 
3322 0.640909 
3323 0.639394 
3324 0.638384 
3325 0.641414 
3326 0.642929 
3327 0.639394 
3328 0.638889 
3329 0.635859 
3330 0.635859 
3331 0.635354 
3332 0.636364 
3333 0.636869 
3334 0.639899 
3335 0.639899 
3336 0.634848 
3337 0.635859 
3338 0.635354 
3339 0.635859 
3340 0.636364 
3341 0.636364 
3342 0.633838 
3343 0.634343 
3344 0.631818 
3345 0.635354 
3346 0.633838 
3347 0.632828 
3348 0.631313 
3349 0.631313 
3350 0.629293 
3351 0.628283 
3352 0.627778 
3353 0.626263 
3354 0.624242 
3355 0.627778 
3356 0.628283 
3357 0.631313 
3358 0.630303 
3359 0.630303 
3360 0.630808 
3361 0.636364 
3362 0.635354 
3363 0.634343 
3364 0.634848 
3365 0.635859 
3366 0.634343 
3367 0.632828 
3368 0.631818 
3369 0.630303 
3370 0.629798 
3371 0.628788 
3372 0.630808 
3373 0.633333 
3374 0.632323 
3375 0.633838 
3376 0.632323 
3377 0.632828 
3378 0.631818 
3379 0.631818 
3380 0.634848 
3381 0.634343 
3382 0.634343 
3383 0.633838 
3384 0.633838 
3385 0.634848 
3386 0.628283 
3387 0.628788 
3388 0.628283 
3389 0.628283 
3390 0.629798 
3391 0.630808 
3392 0.632323 
3393 0.633333 
3394 0.633333 
3395 0.633333 
3396 0.630808 
3397 0.632323 
3398 0.632828 
3399 0.634848 
3400 0.634848 
3401 0.633333 
3402 0.634343 
3403 0.634343 
3404 0.636869 
3405 0.635859 
3406 0.638384 
3407 0.636364 
3408 0.636869 
3409 0.635859 
3410 0.635354 
3411 0.632323 
3412 0.631818 
3413 0.629798 
3414 0.632323 
3415 0.632323 
3416 0.631818 
3417 0.628283 
3418 0.626768 
3419 0.626768 
3420 0.626768 
3421 0.626768 
3422 0.627778 
3423 0.626263 
3424 0.628283 
3425 0.629293 
3426 0.629798 
3427 0.630303 
3428 0.631313 
3429 0.630808 
3430 0.630808 
3431 0.630808 
3432 0.628788 
3433 0.628788 
3434 0.630303 
3435 0.631313 
3436 0.646465 
3437 0.645455 
3438 0.64697 
3439 0.649495 
3440 0.64899 
3441 0.649495 
3442 0.64899 
3443 0.648485 
3444 0.64697 
3445 0.646465 
3446 0.64899 
3447 0.650505 
3448 0.649495 
3449 0.649495 
3450 0.651515 
3451 0.650505 
3452 0.649495 
3453 0.648485 
3454 0.64798 
3455 0.64798 
3456 0.64798 
3457 0.649495 
3458 0.64899 
3459 0.649495 
3460 0.65101 
3461 0.65101 
3462 0.65303 
3463 0.65202 
3464 0.65101 
3465 0.65303 
3466 0.654545 
3467 0.657576 
3468 0.655051 
3469 0.651515 
3470 0.652525 
3471 0.651515 
3472 0.654545 
3473 0.655051 
3474 0.652525 
3475 0.652525 
3476 0.653535 
3477 0.651515 
3478 0.650505 
3479 0.648485 
3480 0.64899 
3481 0.64899 
3482 0.649495 
3483 0.64899 
3484 0.64798 
3485 0.64798 
3486 0.655051 
3487 0.65303 
3488 0.650505 
3489 0.649495 
3490 0.648485 
3491 0.65 
3492 0.650505 
3493 0.64798 
3494 0.647475 
3495 0.651515 
3496 0.652525 
3497 0.65 
3498 0.65101 
3499 0.651515 
3500 0.650505 
3501 0.65303 
3502 0.65101 
3503 0.650505 
3504 0.651515 
3505 0.65101 
3506 0.65 
3507 0.650505 
3508 0.650505 
3509 0.65 
3510 0.650505 
3511 0.656061 
3512 0.655051 
3513 0.653535 
3514 0.653535 
3515 0.655556 
3516 0.657576 
3517 0.657576 
3518 0.657576 
3519 0.656566 
3520 0.656061 
3521 0.657071 
3522 0.655556 
3523 0.656061 
3524 0.654545 
3525 0.655556 
3526 0.657071 
3527 0.656566 
3528 0.657071 
3529 0.657576 
3530 0.657576 
3531 0.657071 
3532 0.657071 
3533 0.657576 
3534 0.656061 
3535 0.656566 
3536 0.652525 
3537 0.653535 
3538 0.655051 
3539 0.652525 
3540 0.653535 
3541 0.652525 
3542 0.65202 
3543 0.65101 
3544 0.649495 
3545 0.64899 
3546 0.65 
3547 0.650505 
3548 0.652525 
3549 0.654545 
3550 0.65303 
3551 0.653535 
3552 0.652525 
3553 0.653535 
3554 0.653535 
3555 0.653535 
3556 0.651515 
3557 0.651515 
3558 0.65202 
3559 0.65303 
3560 0.652525 
3561 0.646465 
3562 0.646465 
3563 0.64798 
3564 0.64798 
3565 0.64798 
3566 0.648485 
3567 0.649495 
3568 0.648485 
3569 0.65101 
3570 0.651515 
3571 0.654545 
3572 0.650505 
3573 0.650505 
3574 0.651515 
3575 0.65202 
3576 0.65101 
3577 0.65202 
3578 0.651515 
3579 0.650505 
3580 0.65 
3581 0.649495 
3582 0.648485 
3583 0.647475 
3584 0.64697 
3585 0.64697 
3586 0.646465 
3587 0.64697 
3588 0.65 
3589 0.649495 
3590 0.64798 
3591 0.648485 
3592 0.64899 
3593 0.64697 
3594 0.64596 
3595 0.64596 
3596 0.647475 
3597 0.644949 
3598 0.645455 
3599 0.645455 
3600 0.642929 
3601 0.643939 
3602 0.640909 
3603 0.640909 
3604 0.641919 
3605 0.644949 
3606 0.643434 
3607 0.643939 
3608 0.643434 
3609 0.644949 
3610 0.644949 
3611 0.64596 
3612 0.64596 
3613 0.64697 
3614 0.649495 
3615 0.65 
3616 0.649495 
3617 0.652525 
3618 0.65303 
3619 0.651515 
3620 0.656061 
3621 0.656061 
3622 0.658586 
3623 0.659091 
3624 0.659091 
3625 0.660101 
3626 0.660606 
3627 0.657576 
3628 0.659091 
3629 0.657576 
3630 0.659091 
3631 0.660101 
3632 0.663131 
3633 0.663131 
3634 0.662121 
3635 0.663131 
3636 0.664646 
3637 0.667677 
3638 0.667677 
3639 0.670202 
3640 0.668182 
3641 0.668687 
3642 0.668182 
3643 0.666667 
3644 0.667172 
3645 0.668687 
3646 0.668687 
3647 0.670202 
3648 0.668182 
3649 0.667677 
3650 0.665657 
3651 0.667677 
3652 0.669697 
3653 0.670707 
3654 0.670707 
3655 0.673232 
3656 0.671717 
3657 0.670202 
3658 0.668182 
3659 0.665152 
3660 0.664646 
3661 0.663636 
3662 0.667172 
3663 0.668687 
3664 0.668687 
3665 0.667677 
3666 0.668182 
3667 0.669192 
3668 0.669697 
3669 0.669697 
3670 0.664646 
3671 0.664646 
3672 0.665657 
3673 0.667677 
3674 0.663636 
3675 0.665657 
3676 0.666162 
3677 0.665152 
3678 0.664646 
3679 0.666162 
3680 0.664141 
3681 0.665152 
3682 0.665152 
3683 0.665152 
3684 0.662121 
3685 0.663131 
3686 0.665152 
3687 0.664646 
3688 0.665152 
3689 0.665657 
3690 0.666162 
3691 0.665657 
3692 0.662626 
3693 0.663636 
3694 0.663131 
3695 0.657071 
3696 0.660606 
3697 0.659091 
3698 0.660606 
3699 0.662121 
3700 0.662121 
3701 0.664141 
3702 0.665657 
3703 0.665152 
3704 0.663636 
3705 0.660101 
3706 0.661616 
3707 0.662626 
3708 0.662626 
3709 0.659596 
3710 0.659596 
3711 0.657071 
3712 0.655051 
3713 0.648485 
3714 0.65303 
3715 0.65 
3716 0.65202 
3717 0.65303 
3718 0.653535 
3719 0.655051 
3720 0.651515 
3721 0.65101 
3722 0.647475 
3723 0.64697 
3724 0.647475 
3725 0.644949 
3726 0.643939 
3727 0.642929 
3728 0.64596 
3729 0.646465 
3730 0.649495 
3731 0.657576 
3732 0.65404 
3733 0.655556 
3734 0.655556 
3735 0.654545 
3736 0.65101 
3737 0.647475 
3738 0.64596 
3739 0.641919 
3740 0.643939 
3741 0.648485 
3742 0.649495 
3743 0.64798 
3744 0.642929 
3745 0.648485 
3746 0.64697 
3747 0.651515 
3748 0.65101 
3749 0.65303 
3750 0.655556 
3751 0.655051 
3752 0.65404 
3753 0.65404 
3754 0.655556 
3755 0.65101 
3756 0.65101 
3757 0.649495 
3758 0.649495 
3759 0.64596 
3760 0.64697 
3761 0.64798 
3762 0.648485 
3763 0.646465 
3764 0.647475 
3765 0.64697 
3766 0.64697 
3767 0.64697 
3768 0.645455 
3769 0.646465 
3770 0.652525 
3771 0.65404 
3772 0.652525 
3773 0.65101 
3774 0.652525 
3775 0.653535 
3776 0.65 
3777 0.652525 
3778 0.653535 
3779 0.65303 
3780 0.654545 
3781 0.65404 
3782 0.654545 
3783 0.653535 
3784 0.65 
3785 0.65202 
3786 0.652525 
3787 0.649495 
3788 0.651515 
3789 0.65101 
3790 0.65 
3791 0.653535 
3792 0.650505 
3793 0.65202 
3794 0.65303 
3795 0.656566 
3796 0.655051 
3797 0.656061 
3798 0.650505 
3799 0.647475 
3800 0.647475 
3801 0.649495 
3802 0.645455 
3803 0.64697 
3804 0.641919 
3805 0.643434 
3806 0.643939 
3807 0.643939 
3808 0.644949 
3809 0.644444 
3810 0.64798 
3811 0.65101 
3812 0.652525 
3813 0.659596 
3814 0.662626 
3815 0.663636 
3816 0.669192 
3817 0.676768 
3818 0.683333 
3819 0.689899 
3820 0.718687 
3821 0.717677 
3822 0.721717 
3823 0.724747 
3824 0.724747 
3825 0.725758 
3826 0.727778 
3827 0.726768 
3828 0.729293 
3829 0.730808 
3830 0.729293 
3831 0.729798 
3832 0.732323 
3833 0.736364 
3834 0.735354 
3835 0.737374 
3836 0.737374 
3837 0.738384 
3838 0.737879 
3839 0.738384 
3840 0.736869 
3841 0.735859 
3842 0.737374 
3843 0.735859 
3844 0.735859 
3845 0.742424 
3846 0.743434 
3847 0.744444 
3848 0.741919 
3849 0.744949 
3850 0.743434 
3851 0.743434 
3852 0.740909 
3853 0.741919 
3854 0.739899 
3855 0.738889 
3856 0.737374 
3857 0.735859 
3858 0.733333 
3859 0.734343 
3860 0.733838 
3861 0.734343 
3862 0.734343 
3863 0.734848 
3864 0.735354 
3865 0.733838 
3866 0.738889 
3867 0.738384 
3868 0.739394 
3869 0.740404 
3870 0.742929 
3871 0.741414 
3872 0.742929 
3873 0.74596 
3874 0.745455 
3875 0.744949 
3876 0.743939 
3877 0.744949 
3878 0.742929 
3879 0.741919 
3880 0.744444 
3881 0.745455 
3882 0.743434 
3883 0.742424 
3884 0.740404 
3885 0.737374 
3886 0.736364 
3887 0.736364 
3888 0.737374 
3889 0.736869 
3890 0.735354 
3891 0.737374 
3892 0.735859 
3893 0.737879 
3894 0.735354 
3895 0.742424 
3896 0.744949 
3897 0.742929 
3898 0.741919 
3899 0.740909 
3900 0.741919 
3901 0.741414 
3902 0.742929 
3903 0.74596 
3904 0.744949 
3905 0.744444 
3906 0.74697 
3907 0.742929 
3908 0.743939 
3909 0.743434 
3910 0.741919 
3911 0.741414 
3912 0.738889 
3913 0.739899 
3914 0.738889 
3915 0.741414 
3916 0.740404 
3917 0.738384 
3918 0.738889 
3919 0.737879 
3920 0.720707 
3921 0.722727 
3922 0.722727 
3923 0.723737 
3924 0.722727 
3925 0.722222 
3926 0.721212 
3927 0.721717 
3928 0.723232 
3929 0.725253 
3930 0.722222 
3931 0.721717 
3932 0.727273 
3933 0.729798 
3934 0.729798 
3935 0.728283 
3936 0.728788 
3937 0.729293 
3938 0.727778 
3939 0.728788 
3940 0.727273 
3941 0.731313 
3942 0.731818 
3943 0.732828 
3944 0.734848 
3945 0.743939 
3946 0.744444 
3947 0.743434 
3948 0.744444 
3949 0.741414 
3950 0.745455 
3951 0.743434 
3952 0.739394 
3953 0.741919 
3954 0.741414 
3955 0.738384 
3956 0.738889 
3957 0.739394 
3958 0.738889 
3959 0.739394 
3960 0.741414 
3961 0.739899 
3962 0.739899 
3963 0.737374 
3964 0.738384 
3965 0.739394 
3966 0.742424 
3967 0.740404 
3968 0.74596 
3969 0.747475 
3970 0.749495 
3971 0.747475 
3972 0.750505 
3973 0.749495 
3974 0.749495 
3975 0.750505 
3976 0.748485 
3977 0.749495 
3978 0.74697 
3979 0.74697 
3980 0.746465 
3981 0.748485 
3982 0.74596 
3983 0.743939 
3984 0.744949 
3985 0.744444 
3986 0.74899 
3987 0.744949 
3988 0.742929 
3989 0.743939 
3990 0.74596 
3991 0.749495 
3992 0.74697 
3993 0.747475 
3994 0.747475 
3995 0.75404 
3996 0.748485 
3997 0.750505 
3998 0.751515 
3999 0.75202 
4000 0.750505 
4001 0.750505 
4002 0.751515 
4003 0.751515 
4004 0.749495 
4005 0.74798 
4006 0.74596 
4007 0.74798 
4008 0.74697 
4009 0.74697 
4010 0.745455 
4011 0.744949 
4012 0.745455 
4013 0.748485 
4014 0.751515 
4015 0.751515 
4016 0.75101 
4017 0.747475 
4018 0.750505 
4019 0.75 
4020 0.74697 
4021 0.749495 
4022 0.748485 
4023 0.746465 
4024 0.74798 
4025 0.74697 
4026 0.744444 
4027 0.744444 
4028 0.744949 
4029 0.747475 
4030 0.747475 
4031 0.74899 
4032 0.750505 
4033 0.75101 
4034 0.752525 
4035 0.750505 
4036 0.750505 
4037 0.750505 
4038 0.75 
4039 0.748485 
4040 0.743434 
4041 0.741919 
4042 0.737879 
4043 0.733333 
4044 0.729293 
4045 0.721717 
4046 0.720707 
4047 0.721212 
4048 0.723737 
4049 0.722222 
4050 0.723232 
4051 0.723737 
4052 0.726768 
4053 0.724747 
4054 0.724747 
4055 0.724747 
4056 0.724747 
4057 0.724747 
4058 0.727778 
4059 0.727273 
4060 0.728283 
4061 0.726768 
4062 0.730808 
4063 0.731313 
4064 0.734848 
4065 0.733838 
4066 0.736869 
4067 0.736869 
4068 0.737374 
4069 0.736364 
4070 0.766162 
4071 0.761616 
4072 0.762121 
4073 0.763636 
4074 0.761616 
4075 0.760101 
4076 0.761616 
4077 0.763131 
4078 0.764646 
4079 0.763636 
4080 0.761111 
4081 0.764646 
4082 0.765152 
4083 0.765152 
4084 0.765657 
4085 0.768687 
4086 0.764646 
4087 0.764141 
4088 0.764141 
4089 0.765152 
4090 0.764141 
4091 0.763636 
4092 0.761616 
4093 0.760606 
4094 0.759596 
4095 0.75 
4096 0.748485 
4097 0.745455 
4098 0.746465 
4099 0.744444 
4100 0.744949 
4101 0.744444 
4102 0.741919 
4103 0.745455 
4104 0.740404 
4105 0.739899 
4106 0.737879 
4107 0.737374 
4108 0.737879 
4109 0.739899 
4110 0.736869 
4111 0.736869 
4112 0.737879 
4113 0.739899 
4114 0.738889 
4115 0.737879 
4116 0.738889 
4117 0.738384 
4118 0.737879 
4119 0.738889 
4120 0.743434 
4121 0.742424 
4122 0.743434 
4123 0.741919 
4124 0.743434 
4125 0.744949 
4126 0.74596 
4127 0.747475 
4128 0.747475 
4129 0.75 
4130 0.750505 
4131 0.755556 
4132 0.75303 
4133 0.75404 
4134 0.753535 
4135 0.754545 
4136 0.75202 
4137 0.756061 
4138 0.74899 
4139 0.750505 
4140 0.748485 
4141 0.747475 
4142 0.74899 
4143 0.74596 
4144 0.74798 
4145 0.760101 
4146 0.75404 
4147 0.754545 
4148 0.751515 
4149 0.749495 
4150 0.74899 
4151 0.748485 
4152 0.750505 
4153 0.74596 
4154 0.744444 
4155 0.743434 
4156 0.745455 
4157 0.747475 
4158 0.743939 
4159 0.740404 
4160 0.739394 
4161 0.742424 
4162 0.74596 
4163 0.748485 
4164 0.749495 
4165 0.756061 
4166 0.755556 
4167 0.756566 
4168 0.757071 
4169 0.762121 
4170 0.758081 
4171 0.764646 
4172 0.766162 
4173 0.764646 
4174 0.765152 
4175 0.763131 
4176 0.757576 
4177 0.765657 
4178 0.757576 
4179 0.765657 
4180 0.767677 
4181 0.769697 
4182 0.772727 
4183 0.771717 
4184 0.770202 
4185 0.773737 
4186 0.781818 
4187 0.779293 
4188 0.777778 
4189 0.783333 
4190 0.792424 
4191 0.794949 
4192 0.794444 
4193 0.794949 
4194 0.792929 
4195 0.801515 
4196 0.793939 
4197 0.804545 
4198 0.80202 
4199 0.80202 
4200 0.805556 
4201 0.803535 
4202 0.803535 
4203 0.80202 
4204 0.805051 
4205 0.808586 
4206 0.798485 
4207 0.801515 
4208 0.802525 
4209 0.802525 
4210 0.809091 
4211 0.802525 
4212 0.806566 
4213 0.80101 
4214 0.800505 
4215 0.811616 
4216 0.813636 
4217 0.817172 
4218 0.823232 
4219 0.810101 
4220 0.817677 
4221 0.819697 
4222 0.823737 
4223 0.816162 
4224 0.828788 
4225 0.828283 
4226 0.824747 
4227 0.833838 
4228 0.816667 
4229 0.824242 
4230 0.830808 
4231 0.828283 
4232 0.834848 
4233 0.828788 
4234 0.831313 
4235 0.816667 
4236 0.826768 
4237 0.832828 
4238 0.816667 
4239 0.824747 
4240 0.816667 
4241 0.827778 
4242 0.822727 
4243 0.810101 
4244 0.810101 
4245 0.8 
4246 0.812626 
4247 0.789899 
4248 0.790404 
4249 0.768687 
4250 0.781313 
4251 0.762121 
4252 0.753535 
4253 0.765152 
4254 0.768182 
4255 0.713636 
4256 0.716667 
4257 0.712121 
4258 0.700505 
4259 0.712626 
4260 0.726263 
4261 0.669192 
4262 0.671717 
4263 0.7 
4264 0.683333 
4265 0.672727 
4266 0.693939 
4267 0.694444 
4268 0.693939 
4269 0.691919 
4270 0.680808 
4271 0.69899 
4272 0.70303 
4273 0.70303 
4274 0.697475 
4275 0.696465 
4276 0.712626 
4277 0.711616 
4278 0.708081 
4279 0.7 
4280 0.730303 
4281 0.706061 
4282 0.708586 
4283 0.69697 
4284 0.689899 
4285 0.710101 
4286 0.696465 
4287 0.710101 
4288 0.713131 
4289 0.693434 
4290 0.70202 
4291 0.708081 
4292 0.694444 
4293 0.697475 
4294 0.678283 
4295 0.657071 
4296 0.666667 
4297 0.675758 
4298 0.660606 
4299 0.661111 
4300 0.667172 
4301 0.667172 
4302 0.656566 
4303 0.657576 
4304 0.64596 
4305 0.656061 
4306 0.669192 
4307 0.642424 
4308 0.652525 
4309 0.668182 
4310 0.649495 
4311 0.644444 
4312 0.654545 
4313 0.650505 
4314 0.661111 
4315 0.655051 
4316 0.664646 
4317 0.667172 
4318 0.64697 
4319 0.644949 
4320 0.631313 
4321 0.630808 
4322 0.625253 
4323 0.622222 
4324 0.600505 
4325 0.60202 
4326 0.608586 
4327 0.602525 
4328 0.594949 
4329 0.576768 
4330 0.589394 
4331 0.602525 
4332 0.583838 
4333 0.587879 
4334 0.60303 
4335 0.60202 
4336 0.585354 
4337 0.588889 
4338 0.59596 
4339 0.609091 
4340 0.591414 
4341 0.590909 
4342 0.609091 
4343 0.599495 
4344 0.59899 
4345 0.579293 
4346 0.59697 
4347 0.581818 
4348 0.587374 
4349 0.590909 
4350 0.581818 
4351 0.59899 
4352 0.60404 
4353 0.591414 
4354 0.577273 
4355 0.594444 
4356 0.591919 
4357 0.585354 
4358 0.573232 
4359 0.585354 
4360 0.587374 
4361 0.569192 
4362 0.55101 
4363 0.564141 
4364 0.572222 
4365 0.557071 
4366 0.555051 
4367 0.557576 
4368 0.54899 
4369 0.555051 
4370 0.570202 
4371 0.558081 
4372 0.570202 
4373 0.542929 
4374 0.543434 
4375 0.563636 
4376 0.55303 
4377 0.557071 
4378 0.553535 
4379 0.540404 
4380 0.54596 
4381 0.552525 
4382 0.54596 
4383 0.544444 
4384 0.55404 
4385 0.556566 
4386 0.555556 
4387 0.559596 
4388 0.549495 
4389 0.55101 
4390 0.565657 
4391 0.540909 
4392 0.540404 
4393 0.537879 
4394 0.535354 
4395 0.522727 
4396 0.517172 
4397 0.518687 
4398 0.521717 
4399 0.50404 
4400 0.502525 
4401 0.488889 
4402 0.485354 
4403 0.473232 
4404 0.478788 
4405 0.473737 
4406 0.468687 
4407 0.460101 
4408 0.456061 
4409 0.45101 
4410 0.45202 
4411 0.448485 
4412 0.443939 
4413 0.44798 
4414 0.433838 
4415 0.460606 
4416 0.459091 
4417 0.456061 
4418 0.475253 
4419 0.462121 
4420 0.469192 
4421 0.480808 
4422 0.476768 
4423 0.493939 
4424 0.492929 
4425 0.482828 
4426 0.486364 
4427 0.476263 
4428 0.479798 
4429 0.468182 
4430 0.460101 
4431 0.462626 
4432 0.454545 
4433 0.469192 
4434 0.448485 
4435 0.461111 
4436 0.436869 
4437 0.44596 
4438 0.442424 
4439 0.430808 
4440 0.44899 
4441 0.439394 
4442 0.430303 
4443 0.452525 
4444 0.435354 
4445 0.430303 
4446 0.44899 
4447 0.430808 
4448 0.440404 
4449 0.455051 
4450 0.455556 
4451 0.472222 
4452 0.478788 
4453 0.476768 
4454 0.463131 
4455 0.480303 
4456 0.475253 
4457 0.454545 
4458 0.467172 
4459 0.459596 
4460 0.458586 
4461 0.461111 
4462 0.448485 
4463 0.44596 
4464 0.453535 
4465 0.457576 
4466 0.45404 
4467 0.478283 
4468 0.458081 
4469 0.472727 
4470 0.470707 
4471 0.493434 
4472 0.482828 
4473 0.474747 
4474 0.488889 
4475 0.487374 
4476 0.466162 
4477 0.457576 
4478 0.488384 
4479 0.456566 
4480 0.465657 
4481 0.470202 
4482 0.457576 
4483 0.436869 
4484 0.436364 
4485 0.44798 
4486 0.424747 
4487 0.426768 
4488 0.414646 
4489 0.421717 
4490 0.40303 
4491 0.401515 
4492 0.418687 
4493 0.403535 
4494 0.401515 
4495 0.436364 
4496 0.414646 
4497 0.438384 
4498 0.448485 
4499 0.443434 
4500 0.443939 
4501 0.468687 
4502 0.465657 
4503 0.461616 
4504 0.50303 
4505 0.498485 
4506 0.512626 
4507 0.536869 
4508 0.536869 
4509 0.540909 
4510 0.55303 
4511 0.561111 
4512 0.568182 
4513 0.577273 
4514 0.585354 
4515 0.571212 
4516 0.591919 
4517 0.596465 
4518 0.615657 
4519 0.613131 
4520 0.636869 
4521 0.634848 
4522 0.631818 
4523 0.644949 
4524 0.641414 
4525 0.65404 
4526 0.665657 
4527 0.667172 
4528 0.648485 
4529 0.69899 
4530 0.701515 
4531 0.703535 
4532 0.711111 
4533 0.713131 
4534 0.714646 
4535 0.710606 
4536 0.715657 
4537 0.723232 
4538 0.706061 
4539 0.69798 
4540 0.716667 
4541 0.695455 
4542 0.687374 
4543 0.688384 
4544 0.686869 
4545 0.674747 
4546 0.658081 
4547 0.665152 
4548 0.656566 
4549 0.656061 
4550 0.65404 
4551 0.64798 
4552 0.630808 
4553 0.656061 
4554 0.65 
4555 0.642929 
4556 0.620202 
4557 0.627778 
4558 0.54899 
4559 0.539394 
4560 0.543939 
4561 0.529293 
4562 0.533838 
4563 0.54798 
4564 0.547475 
4565 0.50202 
4566 0.520707 
4567 0.511111 
4568 0.508081 
4569 0.513636 
4570 0.521212 
4571 0.495455 
4572 0.492424 
4573 0.475253 
4574 0.484848 
4575 0.488384 
4576 0.479293 
4577 0.483333 
4578 0.472727 
4579 0.464646 
4580 0.459091 
4581 0.469192 
4582 0.453535 
4583 0.457071 
4584 0.458586 
4585 0.461111 
4586 0.443939 
4587 0.464141 
4588 0.45303 
4589 0.441414 
4590 0.435354 
4591 0.474747 
4592 0.449495 
4593 0.457071 
4594 0.468687 
4595 0.467677 
4596 0.465152 
4597 0.462626 
4598 0.464141 
4599 0.467677 
4600 0.458081 
4601 0.455051 
4602 0.444444 
4603 0.459091 
4604 0.440404 
4605 0.45101 
4606 0.463636 
4607 0.44596 
4608 0.467172 
4609 0.436364 
4610 0.45303 
4611 0.45101 
4612 0.440909 
4613 0.434343 
4614 0.427778 
4615 0.417172 
4616 0.412626 
4617 0.419697 
4618 0.408586 
4619 0.414141 
4620 0.415152 
4621 0.390404 
4622 0.408081 
4623 0.401515 
4624 0.361111 
4625 0.360101 
4626 0.367172 
4627 0.342424 
4628 0.354545 
4629 0.35404 
4630 0.333838 
4631 0.355556 
4632 0.368182 
4633 0.332828 
4634 0.362121 
4635 0.35101 
4636 0.356061 
4637 0.369192 
4638 0.356061 
4639 0.382828 
4640 0.382828 
4641 0.382323 
4642 0.402525 
4643 0.390404 
4644 0.399495 
4645 0.39899 
4646 0.387879 
4647 0.397475 
4648 0.40202 
4649 0.40404 
4650 0.417677 
4651 0.416667 
4652 0.420707 
4653 0.430808 
4654 0.415657 
4655 0.422727 
4656 0.427273 
4657 0.430303 
4658 0.417677 
4659 0.431313 
4660 0.4 
4661 0.404545 
4662 0.415152 
4663 0.393434 
4664 0.40303 
4665 0.403535 
4666 0.380303 
4667 0.385354 
4668 0.395455 
4669 0.375253 
4670 0.367172 
4671 0.368687 
4672 0.378788 
4673 0.333838 
4674 0.336869 
4675 0.331313 
4676 0.301515 
4677 0.3 
4678 0.281313 
4679 0.287879 
4680 0.268182 
4681 0.275758 
4682 0.256061 
4683 0.262626 
4684 0.274242 
4685 0.263131 
4686 0.244444 
4687 0.270202 
4688 0.262121 
4689 0.270707 
4690 0.276263 
4691 0.278788 
4692 0.281818 
4693 0.282323 
4694 0.273232 
4695 0.281313 
4696 0.263636 
4697 0.266667 
4698 0.274747 
4699 0.265657 
4700 0.277273 
4701 0.274242 
4702 0.273737 
4703 0.277778 
4704 0.279798 
4705 0.285354 
4706 0.284343 
4707 0.275253 
4708 0.289899 
4709 0.292929 
4710 0.289394 
4711 0.291414 
4712 0.313131 
4713 0.313131 
4714 0.318687 
4715 0.328788 
4716 0.333333 
4717 0.340404 
4718 0.360101 
4719 0.35 
4720 0.366162 
4721 0.368182 
4722 0.373232 
4723 0.372727 
4724 0.371717 
4725 0.368687 
4726 0.371717 
4727 0.39596 
4728 0.376768 
4729 0.390909 
4730 0.377778 
4731 0.368687 
4732 0.365657 
4733 0.370202 
4734 0.356566 
4735 0.365657 
4736 0.357071 
4737 0.354545 
4738 0.373737 
4739 0.340909 
4740 0.35303 
4741 0.342424 
4742 0.340909 
4743 0.342424 
4744 0.339899 
4745 0.342929 
4746 0.320202 
4747 0.325758 
4748 0.306061 
4749 0.325758 
4750 0.293434 
4751 0.293434 
4752 0.3 
4753 0.292929 
4754 0.269192 
4755 0.273737 
4756 0.263636 
4757 0.266667 
4758 0.24798 
4759 0.248485 
4760 0.232828 
4761 0.243939 
4762 0.216667 
4763 0.228788 
4764 0.201515 
4765 0.212121 
4766 0.191919 
4767 0.192424 
4768 0.199495 
4769 0.187879 
4770 0.177778 
4771 0.168687 
4772 0.162626 
4773 0.160606 
4774 0.164646 
4775 0.148485 
4776 0.143939 
4777 0.140909 
4778 0.114646 
4779 0.122727 
4780 0.101515 
4781 0.10303 
4782 0.0994949 
4783 0.090404 
4784 0.0863636 
4785 0.079798 
4786 0.0651515 
4787 0.0570707 
4788 0.0520202 
4789 0.0530303 
4790 0.0555556 
4791 0.05 
4792 0.0520202 
4793 0.0459596 
4794 0.0444444 
4795 0.0459596 
4796 0.0409091 
4797 0.0414141 
4798 0.0373737 
4799 0.0373737 
4800 0.0368687 
4801 0.0333333 
4802 0.0338384 
4803 0.0338384 
4804 0.0338384 
4805 0.0343434 
4806 0.0338384 
4807 0.0338384 
4808 0.0338384 
4809 0.0343434 
4810 0.0343434 
4811 0.0343434 
4812 0.0348485 
4813 0.0338384 
4814 0.0333333 
4815 0.0328283 
4816 0.0333333 
4817 0.0333333 
4818 0.0333333 
4819 0.0338384 
4820 0.0348485 
4821 0.0343434 
4822 0.0338384 
4823 0.0343434 
4824 0.0343434 
4825 0.0343434 
4826 0.0333333 
4827 0.0333333 
4828 0.0328283 
4829 0.0328283 
4830 0.0328283 
4831 0.0328283 
4832 0.0333333 
4833 0.0338384 
4834 0.0368687 
4835 0.0363636 
4836 0.0343434 
4837 0.0363636 
4838 0.0358586 
4839 0.0358586 
4840 0.0368687 
4841 0.0363636 
4842 0.0348485 
4843 0.0373737 
4844 0.0373737 
4845 0.0348485 
4846 0.0348485 
4847 0.0343434 
4848 0.0353535 
4849 0.0343434 
4850 0.0343434 
4851 0.0338384 
4852 0.0343434 
4853 0.0338384 
4854 0.0328283 
4855 0.0333333 
4856 0.0328283 
4857 0.0333333 
4858 0.0328283 
4859 0.0333333 
4860 0.0328283 
4861 0.0323232 
4862 0.0333333 
4863 0.0343434 
4864 0.0348485 
4865 0.0338384 
4866 0.0338384 
4867 0.0323232 
4868 0.0318182 
4869 0.0323232 
4870 0.0348485 
4871 0.0328283 
4872 0.0328283 
4873 0.0318182 
4874 0.0308081 
4875 0.0313131 
4876 0.0313131 
4877 0.0313131 
4878 0.0313131 
4879 0.0318182 
4880 0.0308081 
4881 0.0323232 
4882 0.0338384 
4883 0.0338384 
4884 0.0323232 
4885 0.0308081 
4886 0.0308081 
4887 0.0318182 
4888 0.0313131 
4889 0.0308081 
4890 0.030303 
4891 0.0318182 
4892 0.0323232 
4893 0.0318182 
4894 0.0318182 
4895 0.029798 
4896 0.0292929 
4897 0.0318182 
4898 0.0328283 
4899 0.0318182 
4900 0.0353535 
4901 0.0353535 
4902 0.0363636 
4903 0.0378788 
4904 0.0368687 
4905 0.0373737 
4906 0.0368687 
4907 0.0348485 
4908 0.0363636 
4909 0.0353535 
4910 0.0338384 
4911 0.0343434 
4912 0.0348485 
4913 0.0333333 
4914 0.0338384 
4915 0.0313131 
4916 0.0323232 
4917 0.0414141 
4918 0.0479798 
4919 0.0515152 
4920 0.0550505 
4921 0.0555556 
4922 0.0580808 
4923 0.0611111 
4924 0.0651515 
4925 0.0616162 
4926 0.0681818 
4927 0.079798 
4928 0.0853535 
4929 0.0924242 
4930 0.100505 
4931 0.1 
4932 0.10404 
4933 0.114141 
4934 0.111616 
4935 0.110101 
4936 0.109596 
4937 0.119192 
4938 0.118182 
4939 0.116162 
4940 0.120707 
4941 0.132323 
4942 0.123737 
4943 0.123232 
4944 0.126768 
4945 0.129798 
4946 0.133838 
4947 0.134343 
4948 0.135354 
4949 0.134343 
4950 0.127273 
4951 0.125253 
4952 0.128283 
4953 0.120202 
4954 0.116162 
4955 0.108081 
4956 0.107071 
4957 0.108081 
4958 0.102525 
4959 0.101515 
4960 0.102525 
4961 0.0979798 
4962 0.102525 
4963 0.0964646 
4964 0.0919192 
4965 0.080303 
4966 0.0893939 
4967 0.0838384 
4968 0.090404 
4969 0.090404 
4970 0.0984848 
4971 0.10101 
4972 0.10101 
4973 0.10404 
4974 0.104545 
4975 0.114141 
4976 0.104545 
4977 0.106566 
4978 0.105556 
4979 0.111111 
4980 0.107071 
4981 0.107071 
4982 0.1 
4983 0.103535 
4984 0.0979798 
4985 0.10303 
4986 0.106061 
4987 0.108081 
4988 0.106061 
4989 0.111616 
4990 0.108081 
4991 0.113636 
4992 0.113131 
4993 0.115152 
4994 0.114141 
4995 0.115657 
4996 0.106566 
4997 0.121212 
4998 0.115657 
4999 0.117172 
5000 0.115657 
5001 0.115152 
5002 0.104545 
5003 0.108586 
5004 0.107576 
5005 0.106566 
5006 0.107576 
5007 0.105556 
5008 0.107071 
5009 0.106061 
5010 0.0934343 
5011 0.0873737 
5012 0.0823232 
5013 0.079798 
5014 0.0752525 
5015 0.0666667 
5016 0.0565657 
5017 0.0530303 
5018 0.0439394 
5019 0.0555556 
5020 0.0570707 
5021 0.0575758 
5022 0.0505051 
5023 0.0580808 
5024 0.0525253 
5025 0.0575758 
5026 0.0555556 
5027 0.0540404 
5028 0.0469697 
5029 0.0444444 
5030 0.0479798 
5031 0.0459596 
5032 0.0429293 
5033 0.0434343 
5034 0.0464646 
5035 0.0439394 
5036 0.0429293 
5037 0.0434343 
5038 0.0439394 
5039 0.0449495 
5040 0.0449495 
5041 0.0454545 
5042 0.0464646 
5043 0.0494949 
5044 0.0505051 
5045 0.05 
5046 0.0530303 
5047 0.0606061 
5048 0.0631313 
5049 0.070202 
5050 0.0732323 
5051 0.0767677 
5052 0.0838384 
5053 0.0873737 
5054 0.0914141 
5055 0.0949495 
5056 0.102525 
5057 0.108081 
5058 0.112626 
5059 0.124747 
5060 0.130303 
5061 0.138384 
5062 0.14798 
5063 0.148485 
5064 0.160101 
5065 0.162121 
5066 0.169697 
5067 0.175253 
5068 0.181818 
5069 0.182323 
5070 0.20303 
5071 0.202525 
5072 0.203535 
5073 0.209091 
5074 0.212121 
5075 0.216667 
5076 0.226263 
5077 0.236364 
5078 0.226263 
5079 0.228283 
5080 0.233333 
5081 0.224242 
5082 0.216667 
5083 0.227778 
5084 0.222222 
5085 0.216667 
5086 0.213636 
5087 0.212121 
5088 0.202525 
5089 0.192929 
5090 0.192929 
5091 0.178788 
5092 0.173232 
5093 0.173737 
5094 0.169192 
5095 0.170707 
5096 0.158081 
5097 0.158081 
5098 0.161616 
5099 0.162121 
5100 0.164141 
5101 0.158586 
5102 0.142424 
5103 0.135859 
5104 0.132323 
5105 0.143434 
5106 0.133333 
5107 0.125253 
5108 0.120707 
5109 0.107576 
5110 0.101515 
5111 0.100505 
5112 0.0954545 
5113 0.0883838 
5114 0.090404 
5115 0.0828283 
5116 0.0843434 
5117 0.0843434 
5118 0.0747475 
5119 0.0742424 
5120 0.070202 
5121 0.0671717 
5122 0.0580808 
5123 0.0590909 
5124 0.0505051 
5125 0.0449495 
5126 0.0449495 
5127 0.0393939 
5128 0.0363636 
5129 0.0353535 
5130 0.0333333 
5131 0.0323232 
5132 0.0323232 
5133 0.0318182 
5134 0.0328283 
5135 0.0323232 
5136 0.0328283 
5137 0.0328283 
5138 0.0323232 
5139 0.0323232 
5140 0.0328283 
5141 0.0328283 
5142 0.0328283 
5143 0.0328283 
5144 0.0328283 
5145 0.0328283 
5146 0.0328283 
5147 0.0328283 
5148 0.0323232 
5149 0.0323232 
5150 0.0323232 
5151 0.0323232 
5152 0.0323232 
5153 0.0323232 
5154 0.0323232 
5155 0.0323232 
5156 0.0323232 
5157 0.0323232 
5158 0.0323232 
5159 0.0328283 
5160 0.0318182 
5161 0.0318182 
5162 0.0318182 
5163 0.0318182 
5164 0.0323232 
5165 0.0318182 
5166 0.0318182 
5167 0.0318182 
5168 0.0318182 
5169 0.0318182 
5170 0.0318182 
5171 0.0318182 
5172 0.0318182 
5173 0.0318182 
5174 0.0318182 
5175 0.0318182 
5176 0.0318182 
5177 0.0318182 
5178 0.0318182 
5179 0.0318182 
5180 0.0318182 
5181 0.0318182 
5182 0.0318182 
5183 0.0318182 
5184 0.0328283 
5185 0.0328283 
5186 0.0328283 
5187 0.0328283 
5188 0.0328283 
5189 0.0328283 
5190 0.0323232 
5191 0.0323232 
5192 0.0323232 
5193 0.0323232 
5194 0.0323232 
5195 0.0323232 
5196 0.0323232 
5197 0.0323232 
5198 0.0323232 
5199 0.0323232 
5200 0.0323232 
5201 0.0318182 
5202 0.0318182 
5203 0.0318182 
5204 0.0318182 
5205 0.0318182 
5206 0.0323232 
5207 0.0323232 
5208 0.0318182 
5209 0.0318182 
5210 0.0323232 
5211 0.0323232 
5212 0.0323232 
5213 0.0323232 
5214 0.0323232 
5215 0.0323232 
5216 0.0323232 
5217 0.0323232 
5218 0.0323232 
5219 0.0323232 
5220 0.0323232 
5221 0.0328283 
5222 0.0328283 
5223 0.0328283 
5224 0.0328283 
5225 0.0328283 
5226 0.0328283 
5227 0.0328283 
5228 0.0328283 
5229 0.0328283 
5230 0.0328283 
5231 0.0328283 
5232 0.0328283 
5233 0.0328283 
5234 0.0328283 
5235 0.0323232 
5236 0.0323232 
5237 0.0323232 
5238 0.0323232 
5239 0.0323232 
5240 0.0323232 
5241 0.0323232 
5242 0.0323232 
5243 0.0323232 
5244 0.0323232 
5245 0.0318182 
5246 0.0318182 
5247 0.0318182 
5248 0.0318182 
5249 0.0318182 
5250 0.0318182 
5251 0.0323232 
5252 0.0323232 
5253 0.0323232 
5254 0.0323232 
5255 0.0323232 
5256 0.0323232 
5257 0.0368687 
5258 0.0393939 
5259 0.0469697 
5260 0.0545455 
5261 0.0585859 
5262 0.0560606 
5263 0.0621212 
5264 0.0686869 
5265 0.0636364 
5266 0.0752525 
5267 0.0737374 
5268 0.0742424 
5269 0.0717172 
5270 0.0787879 
5271 0.0732323 
5272 0.0737374 
5273 0.0747475 
5274 0.0727273 
5275 0.0782828 
5276 0.0838384 
5277 0.0838384 
5278 0.0772727 
5279 0.0848485 
5280 0.0823232 
5281 0.0858586 
5282 0.0858586 
5283 0.090404 
5284 0.0878788 
5285 0.0893939 
5286 0.0883838 
5287 0.0954545 
5288 0.0979798 
5289 0.0994949 
5290 0.105556 
5291 0.117677 
5292 0.119192 
5293 0.124747 
5294 0.128283 
5295 0.135859 
5296 0.144444 
5297 0.14798 
5298 0.15303 
5299 0.155051 
5300 0.155051 
5301 0.160101 
5302 0.169192 
5303 0.166162 
5304 0.164646 
5305 0.175253 
5306 0.175253 
5307 0.184343 
5308 0.175758 
5309 0.180303 
5310 0.179293 
5311 0.187879 
5312 0.185859 
5313 0.188384 
5314 0.187374 
5315 0.186869 
5316 0.186869 
5317 0.180808 
5318 0.179293 
5319 0.170707 
5320 0.168182 
5321 0.174747 
5322 0.174242 
5323 0.172222 
5324 0.171212 
5325 0.171212 
5326 0.176768 
5327 0.169697 
5328 0.176768 
5329 0.179293 
5330 0.180303 
5331 0.184848 
5332 0.180303 
5333 0.193939 
5334 0.186869 
5335 0.193939 
5336 0.190404 
5337 0.193434 
5338 0.193434 
5339 0.193434 
5340 0.199495 
5341 0.20303 
5342 0.200505 
5343 0.197475 
5344 0.19899 
5345 0.20404 
5346 0.207576 
5347 0.205556 
5348 0.205051 
5349 0.20404 
5350 0.206061 
5351 0.211111 
5352 0.209596 
5353 0.219697 
5354 0.224747 
5355 0.229293 
5356 0.236364 
5357 0.229798 
5358 0.237374 
5359 0.24697 
5360 0.249495 
5361 0.257071 
5362 0.256061 
5363 0.242929 
5364 0.253535 
5365 0.249495 
5366 0.258586 
5367 0.258081 
5368 0.255051 
5369 0.256061 
5370 0.248485 
5371 0.250505 
5372 0.258586 
5373 0.25202 
5374 0.251515 
5375 0.242929 
5376 0.255051 
5377 0.266667 
5378 0.259091 
5379 0.260101 
5380 0.257576 
5381 0.270707 
5382 0.262121 
5383 0.264141 
5384 0.275758 
5385 0.275758 
5386 0.270202 
5387 0.276263 
5388 0.291919 
5389 0.287374 
5390 0.292929 
5391 0.291919 
5392 0.300505 
5393 0.290404 
5394 0.292929 
5395 0.311111 
5396 0.292424 
5397 0.307576 
5398 0.296465 
5399 0.306061 
5400 0.308081 
5401 0.289394 
5402 0.293939 
5403 0.288889 
5404 0.30101 
5405 0.288889 
5406 0.299495 
5407 0.311616 
5408 0.296465 
5409 0.30202 
5410 0.30303 
5411 0.308081 
5412 0.305556 
5413 0.305556 
5414 0.29798 
5415 0.304545 
5416 0.310101 
5417 0.312121 
5418 0.313131 
5419 0.325253 
5420 0.329293 
5421 0.332323 
5422 0.328283 
5423 0.338384 
5424 0.331313 
5425 0.334343 
5426 0.342424 
5427 0.344444 
5428 0.340909 
5429 0.34798 
5430 0.344444 
5431 0.361111 
5432 0.357071 
5433 0.356566 
5434 0.354545 
5435 0.359596 
5436 0.367677 
5437 0.364646 
5438 0.368182 
5439 0.372222 
5440 0.377778 
5441 0.374242 
5442 0.386364 
5443 0.383333 
5444 0.389899 
5445 0.393939 
5446 0.399495 
5447 0.388384 
5448 0.4 
5449 0.401515 
5450 0.406566 
5451 0.413131 
5452 0.411616 
5453 0.409091 
5454 0.407071 
5455 0.394949 
5456 0.387879 
5457 0.399495 
5458 0.393434 
5459 0.393434 
5460 0.387879 
5461 0.391414 
5462 0.390404 
5463 0.390909 
5464 0.393434 
5465 0.388384 
5466 0.385354 
5467 0.384343 
5468 0.395455 
5469 0.396465 
5470 0.373737 
5471 0.380303 
5472 0.382828 
5473 0.387879 
5474 0.377778 
5475 0.375758 
5476 0.382323 
5477 0.393434 
5478 0.393434 
5479 0.384343 
5480 0.392424 
5481 0.39899 
5482 0.405556 
5483 0.408586 
5484 0.406566 
5485 0.409596 
5486 0.419192 
5487 0.428788 
5488 0.429798 
5489 0.431818 
5490 0.438384 
5491 0.439394 
5492 0.443939 
5493 0.442929 
5494 0.44899 
5495 0.462626 
5496 0.463131 
5497 0.463636 
5498 0.469192 
5499 0.469192 
5500 0.477778 
5501 0.481818 
5502 0.483838 
5503 0.485859 
5504 0.489899 
5505 0.487879 
5506 0.49697 
5507 0.499495 
5508 0.506061 
5509 0.50101 
5510 0.506061 
5511 0.512121 
5512 0.513131 
5513 0.515657 
5514 0.513131 
5515 0.512626 
5516 0.515657 
5517 0.514141 
5518 0.516162 
5519 0.515657 
5520 0.525758 
5521 0.522222 
5522 0.523737 
5523 0.526263 
5524 0.525758 
5525 0.537879 
5526 0.539899 
5527 0.540909 
5528 0.54899 
5529 0.55202 
5530 0.55404 
5531 0.560101 
5532 0.563636 
5533 0.565657 
5534 0.566667 
5535 0.573232 
5536 0.576768 
5537 0.582828 
5538 0.593939 
5539 0.591414 
5540 0.587374 
5541 0.593434 
5542 0.593939 
5543 0.596465 
5544 0.59798 
5545 0.605051 
5546 0.602525 
5547 0.605051 
5548 0.60404 
5549 0.608586 
5550 0.611616 
5551 0.607576 
5552 0.606566 
5553 0.617677 
5554 0.619192 
5555 0.614646 
5556 0.613636 
5557 0.619697 
5558 0.627273 
5559 0.631313 
5560 0.633333 
5561 0.633333 
5562 0.632828 
5563 0.643434 
5564 0.639899 
5565 0.643939 
5566 0.647475 
5567 0.64798 
5568 0.646465 
5569 0.64899 
5570 0.646465 
5571 0.64596 
5572 0.654545 
5573 0.65 
5574 0.647475 
5575 0.644444 
5576 0.653535 
5577 0.65303 
5578 0.655556 
5579 0.654545 
5580 0.660101 
5581 0.652525 
5582 0.646465 
5583 0.647475 
5584 0.65202 
5585 0.656566 
5586 0.656566 
5587 0.656566 
5588 0.660101 
5589 0.669192 
5590 0.669697 
5591 0.663636 
5592 0.666162 
5593 0.666667 
5594 0.666162 
5595 0.665152 
5596 0.668687 
5597 0.665657 
5598 0.664141 
5599 0.668687 
5600 0.674747 
5601 0.665657 
5602 0.669697 
5603 0.672222 
5604 0.671212 
5605 0.669697 
5606 0.667677 
5607 0.668182 
5608 0.669192 
5609 0.671717 
5610 0.669192 
5611 0.673232 
5612 0.674242 
5613 0.669192 
5614 0.668182 
5615 0.666667 
5616 0.665657 
5617 0.668687 
5618 0.670707 
5619 0.669697 
5620 0.676768 
5621 0.678788 
5622 0.676768 
5623 0.672222 
5624 0.670202 
5625 0.669697 
5626 0.671212 
5627 0.668687 
5628 0.670202 
5629 0.667172 
5630 0.664646 
5631 0.666162 
5632 0.668687 
5633 0.664141 
5634 0.669697 
5635 0.665152 
5636 0.672222 
5637 0.667677 
5638 0.668182 
5639 0.667677 
5640 0.668182 
5641 0.667172 
5642 0.666667 
5643 0.670707 
5644 0.679798 
5645 0.711111 
5646 0.711616 
5647 0.707071 
5648 0.713131 
5649 0.708081 
5650 0.709091 
5651 0.703535 
5652 0.705051 
5653 0.707576 
5654 0.713636 
5655 0.710101 
5656 0.717677 
5657 0.714646 
5658 0.714646 
5659 0.719192 
5660 0.718182 
5661 0.719192 
5662 0.717677 
5663 0.711616 
5664 0.711111 
5665 0.713131 
5666 0.711111 
5667 0.709596 
5668 0.709596 
5669 0.712121 
5670 0.727273 
5671 0.728283 
5672 0.729293 
5673 0.729293 
5674 0.729798 
5675 0.727778 
5676 0.730303 
5677 0.731818 
5678 0.727778 
5679 0.728788 
5680 0.728788 
5681 0.728283 
5682 0.725758 
5683 0.725253 
5684 0.726263 
5685 0.726768 
5686 0.727273 
5687 0.728788 
5688 0.726263 
5689 0.724242 
5690 0.718182 
5691 0.721717 
5692 0.724747 
5693 0.725758 
5694 0.726768 
5695 0.717677 
5696 0.719192 
5697 0.719192 
5698 0.716162 
5699 0.714141 
5700 0.717677 
5701 0.724747 
5702 0.726263 
5703 0.730808 
5704 0.733838 
5705 0.735354 
5706 0.736869 
5707 0.736364 
5708 0.736364 
5709 0.734343 
5710 0.736364 
5711 0.74596 
5712 0.741919 
5713 0.74697 
5714 0.748485 
5715 0.74697 
5716 0.74596 
5717 0.745455 
5718 0.74596 
5719 0.747475 
5720 0.75101 
5721 0.75101 
5722 0.751515 
5723 0.751515 
5724 0.75101 
5725 0.75101 
5726 0.749495 
5727 0.749495 
5728 0.750505 
5729 0.746465 
5730 0.74798 
5731 0.748485 
5732 0.748485 
5733 0.74798 
5734 0.74798 
5735 0.746465 
5736 0.746465 
5737 0.744949 
Time taken by function: 196950075 microseconds
