Frame Number Queue Density
1 0.0789863 
2 0.0779639 
3 0.0789357 
4 0.0864757 
5 0.094974 
6 0.0978125 
7 0.100777 
8 0.10441 
9 0.105276 
10 0.10758 
11 0.109945 
12 0.110705 
13 0.112354 
14 0.11428 
15 0.115015 
16 0.116385 
17 0.117893 
18 0.118148 
19 0.119071 
20 0.119939 
21 0.120537 
22 0.121933 
23 0.123174 
24 0.123834 
25 0.125709 
26 0.127779 
27 0.128574 
28 0.130312 
29 0.131825 
30 0.132195 
31 0.133135 
32 0.134027 
33 0.134466 
34 0.135142 
35 0.135644 
36 0.136345 
37 0.136755 
38 0.137557 
39 0.138118 
40 0.138561 
41 0.139525 
42 0.139574 
43 0.140501 
44 0.141226 
45 0.14193 
46 0.142102 
47 0.14285 
48 0.142922 
49 0.143312 
50 0.14358 
51 0.144907 
52 0.146941 
53 0.148939 
54 0.149741 
55 0.151884 
56 0.15331 
57 0.154647 
58 0.156446 
59 0.157688 
60 0.158353 
61 0.157248 
62 0.155115 
63 0.153786 
64 0.152553 
65 0.150689 
66 0.150761 
67 0.149728 
68 0.148871 
69 0.148788 
70 0.146049 
71 0.147408 
72 0.148653 
73 0.150328 
74 0.151586 
75 0.151644 
76 0.152988 
77 0.15433 
78 0.155502 
79 0.15804 
80 0.161245 
81 0.162123 
82 0.164036 
83 0.167577 
84 0.169484 
85 0.173643 
86 0.177247 
87 0.179221 
88 0.184511 
89 0.188559 
90 0.190099 
91 0.195035 
92 0.197187 
93 0.197854 
94 0.198171 
95 0.197423 
96 0.199232 
97 0.200292 
98 0.200912 
99 0.201309 
100 0.202491 
101 0.202402 
102 0.20214 
103 0.202261 
104 0.201109 
105 0.201106 
106 0.199813 
107 0.201764 
108 0.20264 
109 0.204445 
110 0.207112 
111 0.209063 
112 0.211859 
113 0.214155 
114 0.214917 
115 0.217287 
116 0.219531 
117 0.219927 
118 0.2205 
119 0.220868 
120 0.220702 
121 0.221024 
122 0.22128 
123 0.221508 
124 0.222224 
125 0.222794 
126 0.22359 
127 0.224052 
128 0.22486 
129 0.22545 
130 0.227114 
131 0.22857 
132 0.229258 
133 0.231033 
134 0.231895 
135 0.232842 
136 0.234189 
137 0.235144 
138 0.236289 
139 0.237221 
140 0.238397 
141 0.238705 
142 0.238109 
143 0.23861 
144 0.238652 
145 0.239055 
146 0.239069 
147 0.239514 
148 0.238764 
149 0.237565 
150 0.237279 
151 0.237567 
152 0.236183 
153 0.23567 
154 0.234823 
155 0.23387 
156 0.233058 
157 0.231014 
158 0.229982 
159 0.229385 
160 0.228886 
161 0.228551 
162 0.22812 
163 0.227261 
164 0.22598 
165 0.225574 
166 0.225581 
167 0.225121 
168 0.224596 
169 0.224127 
170 0.222471 
171 0.222172 
172 0.22165 
173 0.221072 
174 0.221091 
175 0.221124 
176 0.220649 
177 0.220301 
178 0.219928 
179 0.219838 
180 0.220084 
181 0.220412 
182 0.219963 
183 0.220088 
184 0.219951 
185 0.219678 
186 0.219467 
187 0.218726 
188 0.218262 
189 0.218482 
190 0.218702 
191 0.218641 
192 0.218747 
193 0.218216 
194 0.218295 
195 0.219123 
196 0.219547 
197 0.219875 
198 0.219971 
199 0.219875 
200 0.219859 
201 0.219826 
202 0.219852 
203 0.220204 
204 0.220522 
205 0.220693 
206 0.220337 
207 0.220244 
208 0.220263 
209 0.220211 
210 0.220395 
211 0.220968 
212 0.221186 
213 0.220868 
214 0.220258 
215 0.220035 
216 0.219855 
217 0.219326 
218 0.219479 
219 0.219601 
220 0.220579 
221 0.220873 
222 0.220863 
223 0.220787 
224 0.220601 
225 0.220482 
226 0.220491 
227 0.220718 
228 0.220521 
229 0.220514 
230 0.220395 
231 0.220503 
232 0.22058 
233 0.221122 
234 0.221421 
235 0.221697 
236 0.221592 
237 0.221341 
238 0.220774 
239 0.219687 
240 0.218938 
241 0.218953 
242 0.21953 
243 0.219507 
244 0.220085 
245 0.217163 
246 0.217634 
247 0.217978 
248 0.218303 
249 0.217833 
250 0.217687 
251 0.217663 
252 0.217603 
253 0.217184 
254 0.217089 
255 0.216973 
256 0.217284 
257 0.217412 
258 0.217298 
259 0.217482 
260 0.217706 
261 0.217839 
262 0.217563 
263 0.217841 
264 0.2179 
265 0.218007 
266 0.217873 
267 0.217842 
268 0.217746 
269 0.217714 
270 0.216902 
271 0.216956 
272 0.216719 
273 0.216508 
274 0.216775 
275 0.218277 
276 0.219349 
277 0.220939 
278 0.221981 
279 0.222438 
280 0.22413 
281 0.226159 
282 0.227332 
283 0.229406 
284 0.231528 
285 0.232191 
286 0.233276 
287 0.233092 
288 0.232737 
289 0.232382 
290 0.231578 
291 0.231095 
292 0.229882 
293 0.228867 
294 0.228233 
295 0.226662 
296 0.22494 
297 0.224147 
298 0.222841 
299 0.221236 
300 0.220719 
301 0.219756 
302 0.218983 
303 0.218512 
304 0.21839 
305 0.217964 
306 0.218045 
307 0.218419 
308 0.218829 
309 0.218584 
310 0.218235 
311 0.219788 
312 0.219152 
313 0.2183 
314 0.218448 
315 0.218992 
316 0.219571 
317 0.219202 
318 0.218919 
319 0.218597 
320 0.218868 
321 0.21925 
322 0.219415 
323 0.219398 
324 0.219688 
325 0.220024 
326 0.220029 
327 0.220019 
328 0.220261 
329 0.220248 
330 0.220152 
331 0.220316 
332 0.220163 
333 0.220162 
334 0.22049 
335 0.220324 
336 0.220369 
337 0.220409 
338 0.220339 
339 0.220735 
340 0.22106 
341 0.222269 
342 0.222932 
343 0.223319 
344 0.224209 
345 0.222688 
346 0.223258 
347 0.223735 
348 0.224236 
349 0.223842 
350 0.223727 
351 0.223358 
352 0.223056 
353 0.222877 
354 0.22287 
355 0.222969 
356 0.223424 
357 0.22348 
358 0.22345 
359 0.223495 
360 0.223519 
361 0.223892 
362 0.22379 
363 0.224167 
364 0.224263 
365 0.224302 
366 0.224331 
367 0.224383 
368 0.224338 
369 0.224402 
370 0.223042 
371 0.223137 
372 0.223112 
373 0.22333 
374 0.223127 
375 0.222888 
376 0.222964 
377 0.222568 
378 0.222717 
379 0.222282 
380 0.222169 
381 0.222793 
382 0.223886 
383 0.224864 
384 0.225718 
385 0.22666 
386 0.227355 
387 0.227642 
388 0.228693 
389 0.229992 
390 0.230345 
391 0.231304 
392 0.232561 
393 0.233108 
394 0.233575 
395 0.235162 
396 0.235789 
397 0.235999 
398 0.236643 
399 0.236903 
400 0.237045 
401 0.237852 
402 0.238386 
403 0.239565 
404 0.241688 
405 0.242702 
406 0.246193 
407 0.249554 
408 0.251114 
409 0.254631 
410 0.257403 
411 0.259558 
412 0.263794 
413 0.268774 
414 0.271141 
415 0.275669 
416 0.279996 
417 0.282191 
418 0.285789 
419 0.288981 
420 0.287869 
421 0.291038 
422 0.295671 
423 0.297868 
424 0.303077 
425 0.308126 
426 0.310154 
427 0.314569 
428 0.318152 
429 0.319706 
430 0.323132 
431 0.326629 
432 0.328415 
433 0.332381 
434 0.336077 
435 0.338477 
436 0.341848 
437 0.344008 
438 0.344172 
439 0.345815 
440 0.346306 
441 0.346153 
442 0.347173 
443 0.347174 
444 0.347256 
445 0.348417 
446 0.350693 
447 0.351539 
448 0.35392 
449 0.356118 
450 0.356995 
451 0.35962 
452 0.361386 
453 0.361818 
454 0.362845 
455 0.364672 
456 0.365129 
457 0.366078 
458 0.367034 
459 0.367282 
460 0.368174 
461 0.369212 
462 0.369302 
463 0.370273 
464 0.370386 
465 0.370176 
466 0.370315 
467 0.370433 
468 0.370266 
469 0.370494 
470 0.37378 
471 0.373918 
472 0.373934 
473 0.373631 
474 0.37332 
475 0.373415 
476 0.372926 
477 0.372269 
478 0.371927 
479 0.372201 
480 0.372389 
481 0.373174 
482 0.37302 
483 0.372751 
484 0.37349 
485 0.373287 
486 0.373607 
487 0.373817 
488 0.374017 
489 0.373602 
490 0.373249 
491 0.373366 
492 0.373604 
493 0.37347 
494 0.373145 
495 0.3718 
496 0.372206 
497 0.3729 
498 0.372797 
499 0.375124 
500 0.378702 
501 0.380262 
502 0.384201 
503 0.38818 
504 0.390004 
505 0.393168 
506 0.39692 
507 0.399433 
508 0.404271 
509 0.408892 
510 0.41078 
511 0.412649 
512 0.414431 
513 0.41557 
514 0.418019 
515 0.419968 
516 0.420818 
517 0.423917 
518 0.425736 
519 0.427147 
520 0.436404 
521 0.438676 
522 0.440312 
523 0.440934 
524 0.442881 
525 0.444251 
526 0.446897 
527 0.447514 
528 0.448431 
529 0.449835 
530 0.450592 
531 0.451399 
532 0.452795 
533 0.452612 
534 0.453629 
535 0.454565 
536 0.455626 
537 0.45564 
538 0.456369 
539 0.457341 
540 0.457705 
541 0.457991 
542 0.459108 
543 0.460014 
544 0.458956 
545 0.458085 
546 0.457927 
547 0.457118 
548 0.456262 
549 0.45574 
550 0.45463 
551 0.45364 
552 0.453345 
553 0.453757 
554 0.452303 
555 0.452256 
556 0.451939 
557 0.451768 
558 0.45151 
559 0.450713 
560 0.450725 
561 0.450461 
562 0.450108 
563 0.449705 
564 0.448527 
565 0.447715 
566 0.447123 
567 0.447095 
568 0.446579 
569 0.44769 
570 0.449965 
571 0.451347 
572 0.452054 
573 0.452491 
574 0.454035 
575 0.45568 
576 0.45663 
577 0.457968 
578 0.459738 
579 0.461013 
580 0.462781 
581 0.464945 
582 0.465841 
583 0.46766 
584 0.469368 
585 0.470417 
586 0.472029 
587 0.473432 
588 0.474483 
589 0.476765 
590 0.478512 
591 0.479255 
592 0.480696 
593 0.484036 
594 0.485269 
595 0.49242 
596 0.496563 
597 0.499209 
598 0.501724 
599 0.505634 
600 0.507939 
601 0.510336 
602 0.513796 
603 0.51542 
604 0.517846 
605 0.520329 
606 0.522246 
607 0.529938 
608 0.53525 
609 0.537811 
610 0.542544 
611 0.545681 
612 0.546858 
613 0.549156 
614 0.551638 
615 0.552532 
616 0.554668 
617 0.556535 
618 0.557523 
619 0.55865 
620 0.564032 
621 0.56441 
622 0.565298 
623 0.565954 
624 0.56627 
625 0.568247 
626 0.568625 
627 0.568973 
628 0.569311 
629 0.571865 
630 0.572436 
631 0.573726 
632 0.575209 
633 0.57531 
634 0.576529 
635 0.576632 
636 0.57626 
637 0.576507 
638 0.576758 
639 0.576487 
640 0.576145 
641 0.575602 
642 0.575315 
643 0.5746 
644 0.575008 
645 0.575152 
646 0.575394 
647 0.575481 
648 0.576038 
649 0.576717 
650 0.577505 
651 0.577515 
652 0.577722 
653 0.578084 
654 0.578288 
655 0.578408 
656 0.578176 
657 0.578351 
658 0.578316 
659 0.578102 
660 0.578045 
661 0.577943 
662 0.578358 
663 0.578824 
664 0.57925 
665 0.579439 
666 0.579422 
667 0.579282 
668 0.579815 
669 0.579494 
670 0.577103 
671 0.577753 
672 0.578297 
673 0.578807 
674 0.579174 
675 0.579315 
676 0.579267 
677 0.580134 
678 0.580536 
679 0.581097 
680 0.582024 
681 0.582678 
682 0.583232 
683 0.583691 
684 0.584404 
685 0.584431 
686 0.584892 
687 0.584619 
688 0.584957 
689 0.5849 
690 0.585217 
691 0.585314 
692 0.585538 
693 0.585584 
694 0.585968 
695 0.587173 
696 0.587338 
697 0.58751 
698 0.587585 
699 0.587765 
700 0.587273 
701 0.587915 
702 0.587776 
703 0.587832 
704 0.587882 
705 0.587694 
706 0.587483 
707 0.587838 
708 0.588203 
709 0.588593 
710 0.588827 
711 0.589449 
712 0.589681 
713 0.590294 
714 0.590622 
715 0.590476 
716 0.591067 
717 0.591177 
718 0.591562 
719 0.591735 
720 0.594223 
721 0.594102 
722 0.594584 
723 0.594516 
724 0.594175 
725 0.594259 
726 0.594488 
727 0.594462 
728 0.594874 
729 0.59475 
730 0.594944 
731 0.595081 
732 0.595305 
733 0.595032 
734 0.595004 
735 0.595456 
736 0.595233 
737 0.595359 
738 0.595428 
739 0.595017 
740 0.595164 
741 0.595179 
742 0.595031 
743 0.595011 
744 0.595168 
745 0.598971 
746 0.599209 
747 0.599237 
748 0.599892 
749 0.600232 
750 0.600283 
751 0.600646 
752 0.60042 
753 0.601 
754 0.601478 
755 0.601515 
756 0.601354 
757 0.601812 
758 0.602425 
759 0.602221 
760 0.602727 
761 0.602934 
762 0.603374 
763 0.603643 
764 0.603679 
765 0.603716 
766 0.60343 
767 0.604587 
768 0.604671 
769 0.605024 
770 0.609723 
771 0.608963 
772 0.608744 
773 0.608837 
774 0.608677 
775 0.609783 
776 0.60908 
777 0.608941 
778 0.608941 
779 0.608456 
780 0.60866 
781 0.608696 
782 0.609206 
783 0.609368 
784 0.609611 
785 0.609935 
786 0.610174 
787 0.612124 
788 0.612976 
789 0.613357 
790 0.614601 
791 0.616095 
792 0.616582 
793 0.617114 
794 0.616382 
795 0.613635 
796 0.613437 
797 0.613613 
798 0.613646 
799 0.613274 
800 0.612372 
801 0.611178 
802 0.609429 
803 0.609736 
804 0.609841 
805 0.609609 
806 0.609001 
807 0.609025 
808 0.608878 
809 0.609211 
810 0.609352 
811 0.610087 
812 0.610651 
813 0.612572 
814 0.614988 
815 0.617815 
816 0.621399 
817 0.623954 
818 0.625023 
819 0.625644 
820 0.638587 
821 0.638303 
822 0.637786 
823 0.643558 
824 0.649183 
825 0.651095 
826 0.652578 
827 0.655789 
828 0.656491 
829 0.657385 
830 0.660042 
831 0.661341 
832 0.662219 
833 0.662834 
834 0.663372 
835 0.663735 
836 0.663812 
837 0.664703 
838 0.665092 
839 0.66619 
840 0.666464 
841 0.667 
842 0.667402 
843 0.66765 
844 0.667926 
845 0.678417 
846 0.677668 
847 0.678907 
848 0.678903 
849 0.678559 
850 0.678417 
851 0.679108 
852 0.679511 
853 0.678667 
854 0.678507 
855 0.67702 
856 0.677073 
857 0.676825 
858 0.676481 
859 0.675744 
860 0.675763 
861 0.675449 
862 0.67507 
863 0.674902 
864 0.675087 
865 0.675152 
866 0.675013 
867 0.674865 
868 0.674748 
869 0.674547 
870 0.67336 
871 0.67369 
872 0.673909 
873 0.673924 
874 0.674303 
875 0.674017 
876 0.674039 
877 0.674118 
878 0.673628 
879 0.673363 
880 0.673587 
881 0.673236 
882 0.673951 
883 0.673268 
884 0.673767 
885 0.673595 
886 0.67312 
887 0.673132 
888 0.67416 
889 0.674053 
890 0.67369 
891 0.675012 
892 0.67484 
893 0.674503 
894 0.674108 
895 0.67473 
896 0.674752 
897 0.674788 
898 0.674821 
899 0.67447 
900 0.674362 
901 0.674239 
902 0.674316 
903 0.674722 
904 0.674767 
905 0.675829 
906 0.675835 
907 0.676662 
908 0.676209 
909 0.676487 
910 0.67654 
911 0.676432 
912 0.675502 
913 0.674662 
914 0.674908 
915 0.674886 
916 0.674878 
917 0.674709 
918 0.674826 
919 0.674631 
920 0.674579 
921 0.674707 
922 0.67503 
923 0.675012 
924 0.674868 
925 0.675335 
926 0.675525 
927 0.675747 
928 0.675452 
929 0.675454 
930 0.672078 
931 0.671842 
932 0.671664 
933 0.671901 
934 0.671875 
935 0.671615 
936 0.671809 
937 0.672034 
938 0.672024 
939 0.672216 
940 0.671085 
941 0.670944 
942 0.670956 
943 0.670197 
944 0.670389 
945 0.66976 
946 0.669254 
947 0.669837 
948 0.67021 
949 0.670565 
950 0.671029 
951 0.670657 
952 0.670347 
953 0.670096 
954 0.67016 
955 0.677356 
956 0.677118 
957 0.677957 
958 0.677455 
959 0.676825 
960 0.676162 
961 0.676247 
962 0.676028 
963 0.675545 
964 0.675358 
965 0.675278 
966 0.675527 
967 0.675495 
968 0.675657 
969 0.675804 
970 0.675618 
971 0.67598 
972 0.676049 
973 0.676377 
974 0.676817 
975 0.676435 
976 0.675909 
977 0.675665 
978 0.674555 
979 0.674033 
980 0.663982 
981 0.664033 
982 0.663605 
983 0.662991 
984 0.662643 
985 0.66278 
986 0.662701 
987 0.662894 
988 0.663133 
989 0.663448 
990 0.663353 
991 0.665291 
992 0.665179 
993 0.665204 
994 0.665444 
995 0.665652 
996 0.665217 
997 0.665268 
998 0.665522 
999 0.665638 
1000 0.665922 
1001 0.666602 
1002 0.666488 
1003 0.666591 
1004 0.666515 
1005 0.665457 
1006 0.665633 
1007 0.665877 
1008 0.66583 
1009 0.666099 
1010 0.665953 
1011 0.663078 
1012 0.662568 
1013 0.663545 
1014 0.663701 
1015 0.663823 
1016 0.66393 
1017 0.663815 
1018 0.663893 
1019 0.664664 
1020 0.664596 
1021 0.664631 
1022 0.665193 
1023 0.664878 
1024 0.664864 
1025 0.66478 
1026 0.664995 
1027 0.665101 
1028 0.665005 
1029 0.665017 
1030 0.664284 
1031 0.664227 
1032 0.664093 
1033 0.664349 
1034 0.664162 
1035 0.663772 
1036 0.666763 
1037 0.665205 
1038 0.665054 
1039 0.66486 
1040 0.665075 
1041 0.6652 
1042 0.665698 
1043 0.665865 
1044 0.666032 
1045 0.665953 
1046 0.665826 
1047 0.665737 
1048 0.66534 
1049 0.665629 
1050 0.666024 
1051 0.665881 
1052 0.665722 
1053 0.665688 
1054 0.665984 
1055 0.665684 
1056 0.665582 
1057 0.66507 
1058 0.665257 
1059 0.665556 
1060 0.666059 
1061 0.659488 
1062 0.659104 
1063 0.65953 
1064 0.659255 
1065 0.659329 
1066 0.659112 
1067 0.659985 
1068 0.660131 
1069 0.659238 
1070 0.659269 
1071 0.659225 
1072 0.659832 
1073 0.659006 
1074 0.658454 
1075 0.658765 
1076 0.658941 
1077 0.659414 
1078 0.660414 
1079 0.660914 
1080 0.660357 
1081 0.660749 
1082 0.66081 
1083 0.660589 
1084 0.661722 
1085 0.661624 
1086 0.664526 
1087 0.664257 
1088 0.663367 
1089 0.663436 
1090 0.663062 
1091 0.664029 
1092 0.664015 
1093 0.664153 
1094 0.664273 
1095 0.664502 
1096 0.664739 
1097 0.664994 
1098 0.665265 
1099 0.665491 
1100 0.66522 
1101 0.664073 
1102 0.664224 
1103 0.663413 
1104 0.66367 
1105 0.66351 
1106 0.663178 
1107 0.663546 
1108 0.662932 
1109 0.663115 
1110 0.663257 
1111 0.664948 
1112 0.664096 
1113 0.663878 
1114 0.663289 
1115 0.663446 
1116 0.663662 
1117 0.663903 
1118 0.6641 
1119 0.663038 
1120 0.664273 
1121 0.663968 
1122 0.664791 
1123 0.664612 
1124 0.664434 
1125 0.664259 
1126 0.66592 
1127 0.665848 
1128 0.666202 
1129 0.666556 
1130 0.667627 
1131 0.668361 
1132 0.667302 
1133 0.667203 
1134 0.666116 
1135 0.666348 
1136 0.664582 
1137 0.666078 
1138 0.667655 
1139 0.669169 
1140 0.669701 
1141 0.671523 
1142 0.671607 
1143 0.671811 
1144 0.67111 
1145 0.670813 
1146 0.671969 
1147 0.672405 
1148 0.671666 
1149 0.671136 
1150 0.670958 
1151 0.669436 
1152 0.668859 
1153 0.667552 
1154 0.667186 
1155 0.66574 
1156 0.665154 
1157 0.665197 
1158 0.665001 
1159 0.664628 
1160 0.665144 
1161 0.661015 
1162 0.661655 
1163 0.660973 
1164 0.661505 
1165 0.660343 
1166 0.659486 
1167 0.659246 
1168 0.659313 
1169 0.658675 
1170 0.65886 
1171 0.658556 
1172 0.660162 
1173 0.658183 
1174 0.658929 
1175 0.658856 
1176 0.657649 
1177 0.657931 
1178 0.658051 
1179 0.657289 
1180 0.65809 
1181 0.658582 
1182 0.658999 
1183 0.659474 
1184 0.659388 
1185 0.659701 
1186 0.667643 
1187 0.668146 
1188 0.668833 
1189 0.669129 
1190 0.66898 
1191 0.668569 
1192 0.667961 
1193 0.667893 
1194 0.66779 
1195 0.668932 
1196 0.669058 
1197 0.670719 
1198 0.670745 
1199 0.670284 
1200 0.669056 
1201 0.668824 
1202 0.668579 
1203 0.66929 
1204 0.669956 
1205 0.667506 
1206 0.666869 
1207 0.666822 
1208 0.667015 
1209 0.667145 
1210 0.666167 
1211 0.668892 
1212 0.667218 
1213 0.665799 
1214 0.666794 
1215 0.666691 
1216 0.665591 
1217 0.665732 
1218 0.665744 
1219 0.665133 
1220 0.666063 
1221 0.665559 
1222 0.665189 
1223 0.665224 
1224 0.664738 
1225 0.665485 
1226 0.66505 
1227 0.665156 
1228 0.664469 
1229 0.665321 
1230 0.666193 
1231 0.66739 
1232 0.667318 
1233 0.665417 
1234 0.665779 
1235 0.665243 
1236 0.660132 
1237 0.659639 
1238 0.658859 
1239 0.658858 
1240 0.659668 
1241 0.661016 
1242 0.663383 
1243 0.665514 
1244 0.665599 
1245 0.666236 
1246 0.666956 
1247 0.666163 
1248 0.664973 
1249 0.663207 
1250 0.663062 
1251 0.662498 
1252 0.661717 
1253 0.661278 
1254 0.660809 
1255 0.661319 
1256 0.661764 
1257 0.660886 
1258 0.660904 
1259 0.660361 
1260 0.660678 
1261 0.660324 
1262 0.660312 
1263 0.659508 
1264 0.659918 
1265 0.659926 
1266 0.659923 
1267 0.661692 
1268 0.662022 
1269 0.662852 
1270 0.664027 
1271 0.664144 
1272 0.664624 
1273 0.6639 
1274 0.664583 
1275 0.662966 
1276 0.664296 
1277 0.664142 
1278 0.664932 
1279 0.663828 
1280 0.663414 
1281 0.663026 
1282 0.663576 
1283 0.662998 
1284 0.663136 
1285 0.662574 
1286 0.661416 
1287 0.66148 
1288 0.661963 
1289 0.662045 
1290 0.66206 
1291 0.662338 
1292 0.662599 
1293 0.662576 
1294 0.663446 
1295 0.664271 
1296 0.664074 
1297 0.663686 
1298 0.663031 
1299 0.662913 
1300 0.663866 
1301 0.664651 
1302 0.664061 
1303 0.664321 
1304 0.664318 
1305 0.664541 
1306 0.665284 
1307 0.664875 
1308 0.665219 
1309 0.665075 
1310 0.664909 
1311 0.657552 
1312 0.657228 
1313 0.656174 
1314 0.655664 
1315 0.6544 
1316 0.653808 
1317 0.652432 
1318 0.653123 
1319 0.652359 
1320 0.65255 
1321 0.653237 
1322 0.652607 
1323 0.652352 
1324 0.652207 
1325 0.651948 
1326 0.651749 
1327 0.652451 
1328 0.652162 
1329 0.651409 
1330 0.651476 
1331 0.651363 
1332 0.651607 
1333 0.651111 
1334 0.651728 
1335 0.651157 
1336 0.656077 
1337 0.656489 
1338 0.656238 
1339 0.656746 
1340 0.656778 
1341 0.656948 
1342 0.656198 
1343 0.65659 
1344 0.656192 
1345 0.656921 
1346 0.656741 
1347 0.657451 
1348 0.657568 
1349 0.656984 
1350 0.658287 
1351 0.658714 
1352 0.659551 
1353 0.660032 
1354 0.660525 
1355 0.661095 
1356 0.661237 
1357 0.661947 
1358 0.662255 
1359 0.662558 
1360 0.663711 
1361 0.663018 
1362 0.663791 
1363 0.66397 
1364 0.663808 
1365 0.663777 
1366 0.66419 
1367 0.664828 
1368 0.66585 
1369 0.666115 
1370 0.66651 
1371 0.667369 
1372 0.668763 
1373 0.669524 
1374 0.669353 
1375 0.669566 
1376 0.669834 
1377 0.670226 
1378 0.669726 
1379 0.670091 
1380 0.670174 
1381 0.67023 
1382 0.670494 
1383 0.671226 
1384 0.670889 
1385 0.670974 
1386 0.669607 
1387 0.669118 
1388 0.669126 
1389 0.670176 
1390 0.67102 
1391 0.671562 
1392 0.671121 
1393 0.672045 
1394 0.671974 
1395 0.671845 
1396 0.672873 
1397 0.672608 
1398 0.672907 
1399 0.673261 
1400 0.67386 
1401 0.674325 
1402 0.674396 
1403 0.674624 
1404 0.675662 
1405 0.675584 
1406 0.676895 
1407 0.676265 
1408 0.676664 
1409 0.677849 
1410 0.67802 
1411 0.678857 
1412 0.678628 
1413 0.678331 
1414 0.678136 
1415 0.678664 
1416 0.679254 
1417 0.681448 
1418 0.681929 
1419 0.682191 
1420 0.683421 
1421 0.683638 
1422 0.683926 
1423 0.684922 
1424 0.685248 
1425 0.685379 
1426 0.685498 
1427 0.685664 
1428 0.687734 
1429 0.688071 
1430 0.688048 
1431 0.690494 
1432 0.690595 
1433 0.692061 
1434 0.693146 
1435 0.694864 
1436 0.699718 
1437 0.701288 
1438 0.701242 
1439 0.700666 
1440 0.702131 
1441 0.703696 
1442 0.703303 
1443 0.704768 
1444 0.706359 
1445 0.706699 
1446 0.708869 
1447 0.711799 
1448 0.712892 
1449 0.71514 
1450 0.716565 
1451 0.718204 
1452 0.720806 
1453 0.723142 
1454 0.726323 
1455 0.729169 
1456 0.730998 
1457 0.732314 
1458 0.734859 
1459 0.737441 
1460 0.739625 
1461 0.74043 
1462 0.74299 
1463 0.744265 
1464 0.746167 
1465 0.747154 
1466 0.748102 
1467 0.750035 
1468 0.752708 
1469 0.752351 
1470 0.752549 
1471 0.758028 
1472 0.759309 
1473 0.760861 
1474 0.762233 
1475 0.761671 
1476 0.763671 
1477 0.763268 
1478 0.764212 
1479 0.764106 
1480 0.766226 
1481 0.765358 
1482 0.766742 
1483 0.767274 
1484 0.768469 
1485 0.769436 
1486 0.772749 
1487 0.772845 
1488 0.774793 
1489 0.774249 
1490 0.774225 
1491 0.775959 
1492 0.776096 
1493 0.77569 
1494 0.778719 
1495 0.78084 
1496 0.783138 
1497 0.781861 
1498 0.785528 
1499 0.785251 
1500 0.789957 
1501 0.793117 
1502 0.793936 
1503 0.79601 
1504 0.795453 
1505 0.795852 
1506 0.794802 
1507 0.792509 
1508 0.791286 
1509 0.793676 
1510 0.794037 
1511 0.79703 
1512 0.797414 
1513 0.796816 
1514 0.794985 
1515 0.793534 
1516 0.784196 
1517 0.783787 
1518 0.777968 
1519 0.773107 
1520 0.77004 
1521 0.766505 
1522 0.739076 
1523 0.735947 
1524 0.731152 
1525 0.726467 
1526 0.725236 
1527 0.72449 
1528 0.724128 
1529 0.722748 
1530 0.720804 
1531 0.722776 
1532 0.722337 
1533 0.722884 
1534 0.720551 
1535 0.723592 
1536 0.70917 
1537 0.707581 
1538 0.706169 
1539 0.70438 
1540 0.702773 
1541 0.702342 
1542 0.701252 
1543 0.703619 
1544 0.704792 
1545 0.70853 
1546 0.712877 
1547 0.713424 
1548 0.716559 
1549 0.716284 
1550 0.696656 
1551 0.684417 
1552 0.675141 
1553 0.672714 
1554 0.669696 
1555 0.667004 
1556 0.666679 
1557 0.664129 
1558 0.664928 
1559 0.664641 
1560 0.666834 
1561 0.660648 
1562 0.662629 
1563 0.666327 
1564 0.669131 
1565 0.669925 
1566 0.670515 
1567 0.67084 
1568 0.670786 
1569 0.667951 
1570 0.668411 
1571 0.667865 
1572 0.666267 
1573 0.664613 
1574 0.667019 
1575 0.670766 
1576 0.672178 
1577 0.674336 
1578 0.677695 
1579 0.682633 
1580 0.687237 
1581 0.686997 
1582 0.68469 
1583 0.682299 
1584 0.681817 
1585 0.678949 
1586 0.676214 
1587 0.676256 
1588 0.678005 
1589 0.676188 
1590 0.675132 
1591 0.67369 
1592 0.672629 
1593 0.673053 
1594 0.671829 
1595 0.672845 
1596 0.670183 
1597 0.667945 
1598 0.666127 
1599 0.667741 
1600 0.671388 
1601 0.676762 
1602 0.678087 
1603 0.679334 
1604 0.678787 
1605 0.677762 
1606 0.677527 
1607 0.679588 
1608 0.676589 
1609 0.675768 
1610 0.677337 
1611 0.67667 
1612 0.6801 
1613 0.678995 
1614 0.678478 
1615 0.668238 
1616 0.668828 
1617 0.66579 
1618 0.655959 
1619 0.655365 
1620 0.645986 
1621 0.642091 
1622 0.640846 
1623 0.639237 
1624 0.638481 
1625 0.637939 
1626 0.63827 
1627 0.640398 
1628 0.644175 
1629 0.643102 
1630 0.642782 
1631 0.644417 
1632 0.646291 
1633 0.647261 
1634 0.649488 
1635 0.650028 
1636 0.643298 
1637 0.64653 
1638 0.647297 
1639 0.64399 
1640 0.64141 
1641 0.638262 
1642 0.636297 
1643 0.635372 
1644 0.632797 
1645 0.636086 
1646 0.634779 
1647 0.628743 
1648 0.623047 
1649 0.622992 
1650 0.624247 
1651 0.623912 
1652 0.622115 
1653 0.622487 
1654 0.627424 
1655 0.630046 
1656 0.627901 
1657 0.629947 
1658 0.632071 
1659 0.633916 
1660 0.633925 
1661 0.632575 
1662 0.638251 
1663 0.64188 
1664 0.642002 
1665 0.643917 
1666 0.649702 
1667 0.653121 
1668 0.659501 
1669 0.661259 
1670 0.663205 
1671 0.664824 
1672 0.662885 
1673 0.663143 
1674 0.660707 
1675 0.65878 
1676 0.658478 
1677 0.657092 
1678 0.65532 
1679 0.656971 
1680 0.655322 
1681 0.653595 
1682 0.654642 
1683 0.653276 
1684 0.649762 
1685 0.648618 
1686 0.625086 
1687 0.627992 
1688 0.62548 
1689 0.627428 
1690 0.630884 
1691 0.632985 
1692 0.638499 
1693 0.643383 
1694 0.644224 
1695 0.649371 
1696 0.654157 
1697 0.658277 
1698 0.662033 
1699 0.663221 
1700 0.66531 
1701 0.665521 
1702 0.667272 
1703 0.66448 
1704 0.666187 
1705 0.666974 
1706 0.665041 
1707 0.6578 
1708 0.652329 
1709 0.65023 
1710 0.643576 
1711 0.634727 
1712 0.632399 
1713 0.626403 
1714 0.621772 
1715 0.622344 
1716 0.618101 
1717 0.618234 
1718 0.617083 
1719 0.613219 
1720 0.607463 
1721 0.611313 
1722 0.604563 
1723 0.599952 
1724 0.598782 
1725 0.595812 
1726 0.596125 
1727 0.597366 
1728 0.590241 
1729 0.587647 
1730 0.585024 
1731 0.550405 
1732 0.527674 
1733 0.522944 
1734 0.509612 
1735 0.512145 
1736 0.493522 
1737 0.49385 
1738 0.480791 
1739 0.479127 
1740 0.475421 
1741 0.455576 
1742 0.45062 
1743 0.450285 
1744 0.434093 
1745 0.431381 
1746 0.429141 
1747 0.42563 
1748 0.409254 
1749 0.404967 
1750 0.399636 
1751 0.396295 
1752 0.391059 
1753 0.379993 
1754 0.376427 
1755 0.372745 
1756 0.371089 
1757 0.366786 
1758 0.365012 
1759 0.362434 
1760 0.361568 
1761 0.359657 
1762 0.358095 
1763 0.35578 
1764 0.353888 
1765 0.352703 
1766 0.352008 
1767 0.359777 
1768 0.35999 
1769 0.360756 
1770 0.362105 
1771 0.359313 
1772 0.366659 
1773 0.365205 
1774 0.363314 
1775 0.362392 
1776 0.36689 
1777 0.366829 
1778 0.367793 
1779 0.366806 
1780 0.364246 
1781 0.363925 
1782 0.366666 
1783 0.363998 
1784 0.36408 
1785 0.358269 
1786 0.356159 
1787 0.354905 
1788 0.348247 
1789 0.343878 
1790 0.342411 
1791 0.33818 
1792 0.33637 
1793 0.332072 
1794 0.322876 
1795 0.314883 
1796 0.312573 
1797 0.309896 
1798 0.308513 
1799 0.308839 
1800 0.306522 
1801 0.306048 
1802 0.304393 
1803 0.304767 
1804 0.306501 
1805 0.308382 
1806 0.313918 
1807 0.312855 
1808 0.31274 
1809 0.309014 
1810 0.304456 
1811 0.301352 
1812 0.30202 
1813 0.304577 
1814 0.303347 
1815 0.301449 
1816 0.297462 
1817 0.297036 
1818 0.292025 
1819 0.291277 
1820 0.288379 
1821 0.285921 
1822 0.281508 
1823 0.28073 
1824 0.274983 
1825 0.269171 
1826 0.264929 
1827 0.259434 
1828 0.254986 
1829 0.257273 
1830 0.255937 
1831 0.255953 
1832 0.256147 
1833 0.25588 
1834 0.252154 
1835 0.251454 
1836 0.248053 
1837 0.246039 
1838 0.245078 
1839 0.240105 
1840 0.239098 
1841 0.238667 
1842 0.234732 
1843 0.230954 
1844 0.228223 
1845 0.224489 
1846 0.217643 
1847 0.214791 
1848 0.210388 
1849 0.2022 
1850 0.200043 
1851 0.192459 
1852 0.182527 
1853 0.177187 
1854 0.173323 
1855 0.173193 
1856 0.171126 
1857 0.167533 
1858 0.165965 
1859 0.164819 
1860 0.164218 
1861 0.160997 
1862 0.158128 
1863 0.151945 
1864 0.147868 
1865 0.14876 
1866 0.154784 
1867 0.160439 
1868 0.163727 
1869 0.168386 
1870 0.171156 
1871 0.171492 
1872 0.176822 
1873 0.177122 
1874 0.177978 
1875 0.182182 
1876 0.191672 
1877 0.194996 
1878 0.205959 
1879 0.21606 
1880 0.220532 
1881 0.22985 
1882 0.236867 
1883 0.240359 
1884 0.246028 
1885 0.250234 
1886 0.25227 
1887 0.254706 
1888 0.261648 
1889 0.265258 
1890 0.271387 
1891 0.27752 
1892 0.281116 
1893 0.288217 
1894 0.293848 
1895 0.295312 
1896 0.288368 
1897 0.285652 
1898 0.287991 
1899 0.28787 
1900 0.291169 
1901 0.293034 
1902 0.300579 
1903 0.312312 
1904 0.31652 
1905 0.323696 
1906 0.334262 
1907 0.336105 
1908 0.341516 
1909 0.344565 
1910 0.343584 
1911 0.336311 
1912 0.331908 
1913 0.331435 
1914 0.329474 
1915 0.325308 
1916 0.322345 
1917 0.31879 
1918 0.313162 
1919 0.313054 
1920 0.310745 
1921 0.313375 
1922 0.311081 
1923 0.307719 
1924 0.301783 
1925 0.291452 
1926 0.285458 
1927 0.283329 
1928 0.279345 
1929 0.272723 
1930 0.269565 
1931 0.268972 
1932 0.267256 
1933 0.260794 
1934 0.259403 
1935 0.257329 
1936 0.251817 
1937 0.253461 
1938 0.25272 
1939 0.252179 
1940 0.252266 
1941 0.25087 
1942 0.247492 
1943 0.250041 
1944 0.244485 
1945 0.239606 
1946 0.237424 
1947 0.226136 
1948 0.213596 
1949 0.207989 
1950 0.19785 
1951 0.191275 
1952 0.184997 
1953 0.169485 
1954 0.157555 
1955 0.153552 
1956 0.142136 
1957 0.129151 
1958 0.126313 
1959 0.117598 
1960 0.110255 
1961 0.102383 
1962 0.0951071 
1963 0.0856834 
1964 0.081005 
1965 0.0722507 
1966 0.0624214 
1967 0.0591011 
1968 0.0529162 
1969 0.0519025 
1970 0.0528511 
1971 0.0538247 
1972 0.0522685 
1973 0.0501283 
1974 0.0466999 
1975 0.0446407 
1976 0.0434751 
1977 0.0405411 
1978 0.0388821 
1979 0.0376866 
1980 0.0370317 
1981 0.0370255 
1982 0.037025 
1983 0.0372261 
1984 0.037432 
1985 0.0371619 
1986 0.037011 
1987 0.0369739 
1988 0.0368875 
1989 0.0363098 
1990 0.036291 
1991 0.0363908 
1992 0.0368842 
1993 0.0365504 
1994 0.0365803 
1995 0.0368494 
1996 0.0365765 
1997 0.0367376 
1998 0.0363402 
1999 0.0370404 
2000 0.0380488 
2001 0.0463764 
2002 0.0574421 
2003 0.0640046 
2004 0.0777865 
2005 0.09182 
2006 0.098953 
2007 0.112581 
2008 0.125813 
2009 0.133405 
2010 0.147898 
2011 0.16106 
2012 0.167656 
2013 0.182186 
2014 0.196986 
2015 0.203692 
2016 0.217069 
2017 0.228213 
2018 0.234972 
2019 0.243424 
2020 0.244769 
2021 0.24821 
2022 0.250844 
2023 0.255953 
2024 0.263421 
2025 0.272335 
2026 0.282606 
2027 0.28603 
2028 0.297355 
2029 0.309419 
2030 0.313926 
2031 0.313887 
2032 0.302317 
2033 0.298139 
2034 0.292027 
2035 0.290752 
2036 0.288966 
2037 0.288163 
2038 0.275096 
2039 0.274699 
2040 0.274484 
2041 0.271046 
2042 0.263685 
2043 0.261862 
2044 0.246715 
2045 0.242364 
2046 0.232157 
2047 0.225123 
2048 0.222816 
2049 0.21725 
2050 0.21252 
2051 0.210001 
2052 0.212397 
2053 0.199727 
2054 0.194832 
2055 0.186166 
2056 0.176625 
2057 0.171135 
2058 0.15828 
2059 0.146003 
2060 0.138577 
2061 0.127302 
2062 0.115112 
2063 0.110533 
2064 0.106957 
2065 0.0999296 
2066 0.0964024 
2067 0.0917626 
2068 0.0875434 
2069 0.0867077 
2070 0.0845751 
2071 0.0787442 
2072 0.076018 
2073 0.0745052 
2074 0.0680763 
2075 0.0650241 
2076 0.0639699 
2077 0.0633994 
2078 0.0630946 
2079 0.0593774 
2080 0.0544073 
2081 0.0526389 
2082 0.0471345 
2083 0.043167 
2084 0.0420385 
2085 0.0420669 
2086 0.0428882 
2087 0.0423134 
2088 0.0423158 
2089 0.0420722 
2090 0.0418928 
2091 0.0413069 
2092 0.0411912 
2093 0.0413363 
2094 0.0415977 
2095 0.0420255 
2096 0.0423471 
2097 0.0443393 
2098 0.0466797 
2099 0.0482026 
2100 0.052445 
2101 0.0579065 
2102 0.0609766 
2103 0.0675825 
2104 0.0739588 
2105 0.0780941 
2106 0.0854933 
2107 0.0929022 
2108 0.0972815 
2109 0.106238 
2110 0.117402 
2111 0.123206 
2112 0.134445 
2113 0.144435 
2114 0.15 
2115 0.16168 
2116 0.172795 
2117 0.178048 
2118 0.188781 
2119 0.201409 
2120 0.207528 
2121 0.217743 
2122 0.23012 
2123 0.239018 
2124 0.251245 
2125 0.26293 
2126 0.267541 
2127 0.280607 
2128 0.292963 
2129 0.296665 
2130 0.304055 
2131 0.310075 
2132 0.313614 
2133 0.318868 
2134 0.322154 
2135 0.322312 
2136 0.319195 
2137 0.324144 
2138 0.324309 
2139 0.322574 
2140 0.322899 
2141 0.323121 
2142 0.322887 
2143 0.321682 
2144 0.320679 
2145 0.320595 
2146 0.318822 
2147 0.317958 
2148 0.314055 
2149 0.310777 
2150 0.307939 
2151 0.301646 
2152 0.291872 
2153 0.28863 
2154 0.283859 
2155 0.28764 
2156 0.29136 
2157 0.290147 
2158 0.293279 
2159 0.292596 
2160 0.293355 
2161 0.293942 
2162 0.294882 
2163 0.295217 
2164 0.2947 
2165 0.292877 
2166 0.291907 
2167 0.290511 
2168 0.290297 
2169 0.286529 
2170 0.283278 
2171 0.281937 
2172 0.276798 
2173 0.270348 
2174 0.267074 
2175 0.255722 
2176 0.241073 
2177 0.235579 
2178 0.223292 
2179 0.210395 
2180 0.201998 
2181 0.189758 
2182 0.178557 
2183 0.175099 
2184 0.166974 
2185 0.156126 
2186 0.150461 
2187 0.142717 
2188 0.133797 
2189 0.130252 
2190 0.119137 
2191 0.109987 
2192 0.103355 
2193 0.091182 
2194 0.0843128 
2195 0.081697 
2196 0.0767323 
2197 0.07231 
2198 0.0697815 
2199 0.0633348 
2200 0.059145 
2201 0.0567337 
2202 0.0507321 
2203 0.0458695 
2204 0.0453776 
2205 0.0432432 
2206 0.0408753 
2207 0.0392351 
2208 0.0336135 
2209 0.0261087 
2210 0.0255826 
2211 0.0289308 
2212 0.0315109 
2213 0.0333044 
2214 0.0340938 
2215 0.0344136 
2216 0.0342024 
2217 0.0339892 
2218 0.0344604 
2219 0.0344483 
2220 0.0346277 
2221 0.0339217 
2222 0.0338214 
2223 0.0340355 
2224 0.0338469 
2225 0.0337191 
2226 0.0343924 
2227 0.0354427 
2228 0.0364564 
2229 0.0380956 
2230 0.0380155 
2231 0.0374431 
2232 0.0373703 
2233 0.0377358 
2234 0.0379302 
2235 0.038247 
2236 0.0378144 
2237 0.03799 
2238 0.0382272 
2239 0.0384645 
2240 0.038914 
2241 0.0390712 
2242 0.0384693 
2243 0.0378236 
2244 0.0368123 
2245 0.0365808 
2246 0.0362408 
2247 0.0353352 
2248 0.035516 
2249 0.0360147 
2250 0.0381332 
2251 0.0390533 
2252 0.0397777 
2253 0.0413431 
2254 0.0418379 
2255 0.0421533 
2256 0.0426394 
2257 0.0420076 
2258 0.0425916 
2259 0.043124 
2260 0.0434674 
2261 0.0431592 
2262 0.0434201 
2263 0.0440832 
2264 0.0437688 
2265 0.0442486 
2266 0.0482383 
2267 0.0513879 
2268 0.0580464 
2269 0.0666266 
2270 0.0700087 
2271 0.0758488 
2272 0.0801133 
2273 0.0831501 
2274 0.0878819 
2275 0.0919174 
2276 0.0935677 
2277 0.0972574 
2278 0.099076 
2279 0.0998949 
2280 0.101468 
2281 0.10345 
2282 0.104192 
2283 0.105975 
2284 0.106087 
2285 0.107091 
2286 0.108492 
2287 0.109577 
2288 0.110489 
2289 0.112108 
2290 0.112176 
2291 0.112567 
2292 0.113301 
2293 0.113182 
2294 0.113126 
2295 0.112738 
2296 0.113079 
2297 0.113668 
2298 0.115216 
2299 0.119558 
2300 0.121739 
2301 0.12396 
2302 0.125214 
2303 0.125439 
2304 0.12732 
2305 0.12942 
2306 0.130137 
2307 0.130445 
2308 0.129751 
2309 0.129037 
2310 0.126327 
2311 0.119737 
2312 0.116377 
2313 0.110325 
2314 0.105296 
2315 0.104838 
2316 0.0976297 
2317 0.0911516 
2318 0.0897902 
2319 0.0869594 
2320 0.0861039 
2321 0.0845857 
2322 0.0838937 
2323 0.0791141 
2324 0.0779022 
2325 0.0741512 
2326 0.0739829 
2327 0.073696 
2328 0.0749055 
2329 0.075896 
2330 0.0749479 
2331 0.0735156 
2332 0.0716271 
2333 0.0707026 
2334 0.0693186 
2335 0.0657856 
2336 0.0627223 
2337 0.0606853 
2338 0.0594155 
2339 0.0575694 
2340 0.056428 
2341 0.0547044 
2342 0.0532017 
2343 0.0506583 
2344 0.0495433 
2345 0.0489318 
2346 0.0478434 
2347 0.0472473 
2348 0.0465442 
2349 0.0462466 
2350 0.0459293 
2351 0.0462143 
2352 0.0451022 
2353 0.0458652 
2354 0.0454562 
2355 0.0448577 
2356 0.0435802 
2357 0.0430835 
2358 0.0420886 
2359 0.0412133 
2360 0.0408478 
2361 0.0407224 
2362 0.040529 
2363 0.0406901 
2364 0.0415297 
2365 0.0419695 
2366 0.0421099 
2367 0.0423601 
2368 0.0425984 
2369 0.042608 
2370 0.0430285 
2371 0.043846 
2372 0.0444536 
2373 0.0457243 
2374 0.0457634 
2375 0.0448298 
2376 0.0445414 
2377 0.0437775 
2378 0.0434867 
2379 0.0433637 
2380 0.0429606 
2381 0.042745 
2382 0.0424079 
2383 0.0449667 
2384 0.0479721 
2385 0.0567202 
2386 0.0659611 
2387 0.0700637 
2388 0.0777922 
2389 0.0811974 
2390 0.0816155 
2391 0.0810749 
2392 0.0810528 
2393 0.0813209 
2394 0.0839612 
2395 0.0871417 
2396 0.0878901 
2397 0.0881703 
2398 0.0889313 
2399 0.0889834 
2400 0.0896962 
2401 0.090449 
2402 0.0907779 
2403 0.0920206 
2404 0.0939251 
2405 0.0947729 
2406 0.0970554 
2407 0.0980657 
2408 0.0982292 
2409 0.0995568 
2410 0.101698 
2411 0.100934 
2412 0.104227 
2413 0.103913 
2414 0.0997102 
2415 0.0947116 
2416 0.0881824 
2417 0.0872005 
2418 0.0824749 
2419 0.0761145 
2420 0.0739048 
2421 0.0660817 
2422 0.0583121 
2423 0.0541966 
2424 0.0473442 
2425 0.0391512 
2426 0.0340615 
2427 0.0252291 
2428 0.0237018 
2429 0.0254586 
2430 0.0319642 
2431 0.0334158 
2432 0.0339477 
2433 0.0410368 
2434 0.0484269 
2435 0.0512852 
2436 0.0548307 
2437 0.0566459 
2438 0.0574701 
2439 0.0594145 
2440 0.0619497 
2441 0.0630589 
2442 0.0654075 
2443 0.067065 
2444 0.067921 
2445 0.0695206 
2446 0.0714116 
2447 0.072119 
2448 0.0737341 
2449 0.0752455 
2450 0.0759457 
2451 0.0768808 
2452 0.0774272 
2453 0.0779456 
2454 0.0783854 
2455 0.0792433 
2456 0.0787558 
2457 0.0774783 
2458 0.0787481 
2459 0.0800564 
2460 0.0823558 
2461 0.0842313 
2462 0.0852918 
2463 0.0865731 
2464 0.0823153 
2465 0.0791479 
2466 0.0743547 
2467 0.0677406 
2468 0.0648327 
2469 0.0604577 
2470 0.0562534 
2471 0.0545419 
2472 0.050069 
2473 0.0450694 
2474 0.0442486 
2475 0.0404948 
2476 0.0382137 
2477 0.0363628 
2478 0.0339048 
2479 0.0344531 
2480 0.0350068 
2481 0.0349966 
2482 0.0356144 
2483 0.0359674 
2484 0.0367241 
2485 0.0372309 
2486 0.0379697 
2487 0.0383907 
2488 0.0388035 
2489 0.039007 
2490 0.0392824 
2491 0.0399725 
2492 0.0403193 
2493 0.0405348 
2494 0.0407812 
2495 0.0406771 
2496 0.0407142 
2497 0.041006 
2498 0.0410788 
2499 0.0418697 
2500 0.04235 
2501 0.0425309 
2502 0.0425945 
2503 0.0430999 
2504 0.0435499 
2505 0.0442925 
2506 0.0433806 
2507 0.0427459 
2508 0.0452079 
2509 0.0486535 
2510 0.0506983 
2511 0.0560069 
2512 0.0637818 
2513 0.0667501 
2514 0.070448 
2515 0.0709023 
2516 0.0714106 
2517 0.0722492 
2518 0.0712727 
2519 0.0713484 
2520 0.0739087 
2521 0.0767559 
2522 0.0773688 
2523 0.0800043 
2524 0.0817573 
2525 0.0825487 
2526 0.0845168 
2527 0.0866078 
2528 0.087311 
2529 0.0888411 
2530 0.0904326 
2531 0.0912124 
2532 0.0923433 
2533 0.0936 
2534 0.0944324 
2535 0.0957176 
2536 0.0968297 
2537 0.0977122 
2538 0.098533 
2539 0.100452 
2540 0.101537 
2541 0.102152 
2542 0.102038 
2543 0.102091 
2544 0.102832 
2545 0.104879 
2546 0.104784 
2547 0.106507 
2548 0.108113 
2549 0.10849 
2550 0.105932 
2551 0.100936 
2552 0.0998867 
2553 0.0946697 
2554 0.0901278 
2555 0.0875969 
2556 0.0822242 
2557 0.0740109 
2558 0.0697854 
2559 0.0609963 
2560 0.0524846 
2561 0.0475034 
2562 0.0381988 
2563 0.0265297 
2564 0.0194256 
2565 0 
2566 0.0168721 
2567 0.0219816 
2568 0.0276857 
2569 0.0291406 
2570 0.0293003 
2571 0.0291397 
2572 0.0282079 
2573 0.0278559 
2574 0.027338 
2575 0.0271373 
2576 0.0270915 
2577 0.0271658 
2578 0.0269478 
2579 0.0270182 
2580 0.0269956 
2581 0.0270476 
2582 0.0271195 
2583 0.0271677 
2584 0.0271552 
2585 0.0272131 
2586 0.0274595 
2587 0.027406 
2588 0.0274161 
2589 0.027459 
2590 0.0273785 
2591 0.0274002 
2592 0.0273601 
2593 0.02739 
2594 0.0273992 
2595 0.0275473 
2596 0.0276688 
2597 0.027798 
2598 0.0277599 
2599 0.0277098 
2600 0.0277744 
2601 0.027841 
2602 0.0278622 
2603 0.0278414 
2604 0.0277903 
2605 0.0277353 
2606 0.0277204 
2607 0.0277836 
2608 0.0278067 
2609 0.0278337 
2610 0.0278318 
2611 0.027839 
2612 0.0278602 
2613 0.0277242 
2614 0.027526 
2615 0.0275246 
2616 0.0276866 
2617 0.0276702 
2618 0.0276027 
2619 0.0275174 
2620 0.0275159 
2621 0.0275936 
2622 0.0276982 
2623 0.0276712 
2624 0.0286029 
2625 0.0335528 
2626 0.0396026 
2627 0.0426355 
2628 0.0466329 
2629 0.0505204 
2630 0.0519579 
2631 0.0538845 
2632 0.0555155 
2633 0.0562693 
2634 0.0579408 
2635 0.0592578 
2636 0.0600873 
2637 0.0638402 
2638 0.0710378 
2639 0.0748023 
2640 0.0839198 
2641 0.0912596 
2642 0.0951331 
2643 0.103989 
2644 0.113107 
2645 0.118678 
2646 0.128155 
2647 0.134715 
2648 0.137386 
2649 0.145302 
2650 0.149392 
2651 0.151923 
2652 0.155885 
2653 0.160452 
2654 0.16234 
2655 0.16486 
2656 0.169399 
2657 0.171003 
2658 0.176197 
2659 0.176766 
2660 0.178223 
2661 0.182478 
2662 0.183134 
2663 0.182595 
2664 0.179229 
2665 0.176872 
2666 0.17367 
2667 0.170361 
2668 0.169001 
2669 0.168166 
2670 0.168037 
2671 0.169358 
2672 0.168361 
2673 0.169517 
2674 0.172856 
2675 0.175535 
2676 0.175841 
2677 0.177698 
2678 0.177624 
2679 0.175715 
2680 0.17087 
2681 0.166898 
2682 0.161095 
2683 0.154569 
2684 0.151139 
2685 0.147877 
2686 0.142329 
2687 0.140422 
2688 0.142949 
2689 0.141082 
2690 0.139503 
2691 0.134032 
2692 0.128438 
2693 0.125331 
2694 0.120068 
2695 0.115471 
2696 0.112739 
2697 0.106773 
2698 0.0994994 
2699 0.0956689 
2700 0.0885224 
2701 0.0779673 
2702 0.0745882 
2703 0.0718176 
2704 0.0743465 
2705 0.0752252 
2706 0.0751008 
2707 0.0732837 
2708 0.0722102 
2709 0.0689202 
2710 0.067309 
2711 0.0661468 
2712 0.0667043 
2713 0.0674918 
2714 0.0677532 
2715 0.0679147 
2716 0.0682731 
2717 0.0682726 
2718 0.0685253 
2719 0.0685894 
2720 0.0682697 
2721 0.068194 
2722 0.0699489 
2723 0.0705382 
2724 0.0715447 
2725 0.0728868 
2726 0.0732128 
2727 0.0754524 
2728 0.079605 
2729 0.0822627 
2730 0.0873958 
2731 0.0924937 
2732 0.0944324 
2733 0.0978655 
2734 0.0999122 
2735 0.100737 
2736 0.102238 
2737 0.103111 
2738 0.103318 
2739 0.103989 
2740 0.105346 
2741 0.105786 
2742 0.106391 
2743 0.106878 
2744 0.107591 
2745 0.108248 
2746 0.109611 
2747 0.111045 
2748 0.113045 
2749 0.11478 
2750 0.115202 
2751 0.115866 
2752 0.117108 
2753 0.117207 
2754 0.118564 
2755 0.120006 
2756 0.120322 
2757 0.121155 
2758 0.121082 
2759 0.122335 
2760 0.123735 
2761 0.122255 
2762 0.123222 
2763 0.123965 
2764 0.124562 
2765 0.125981 
2766 0.126704 
2767 0.127406 
2768 0.127708 
2769 0.128216 
2770 0.128521 
2771 0.129018 
2772 0.129523 
2773 0.12996 
2774 0.130217 
2775 0.129231 
2776 0.129402 
2777 0.129274 
2778 0.130325 
2779 0.132108 
2780 0.132777 
2781 0.135774 
2782 0.137787 
2783 0.138312 
2784 0.138988 
2785 0.139358 
2786 0.139344 
2787 0.139034 
2788 0.138878 
2789 0.13941 
2790 0.140467 
2791 0.140796 
2792 0.141177 
2793 0.141059 
2794 0.140462 
2795 0.140088 
2796 0.140464 
2797 0.140614 
2798 0.140854 
2799 0.141417 
2800 0.141875 
2801 0.142296 
2802 0.142882 
2803 0.143015 
2804 0.143391 
2805 0.143406 
2806 0.144334 
2807 0.144375 
2808 0.144849 
2809 0.145138 
2810 0.144952 
2811 0.144185 
2812 0.144889 
2813 0.145213 
2814 0.146467 
2815 0.146436 
2816 0.14666 
2817 0.146821 
2818 0.146474 
2819 0.146652 
2820 0.146915 
2821 0.147261 
2822 0.147633 
2823 0.148097 
2824 0.147504 
2825 0.147663 
2826 0.14748 
2827 0.147299 
2828 0.147507 
2829 0.147644 
2830 0.14743 
2831 0.147567 
2832 0.148003 
2833 0.148361 
2834 0.148373 
2835 0.148202 
2836 0.147189 
2837 0.147304 
2838 0.147287 
2839 0.147724 
2840 0.147743 
2841 0.147604 
2842 0.147396 
2843 0.147394 
2844 0.146684 
2845 0.146936 
2846 0.147253 
2847 0.14723 
2848 0.147606 
2849 0.148462 
2850 0.15082 
2851 0.153113 
2852 0.153809 
2853 0.156121 
2854 0.15729 
2855 0.156511 
2856 0.155197 
2857 0.15329 
2858 0.152765 
2859 0.151051 
2860 0.149812 
2861 0.146715 
2862 0.146577 
2863 0.146704 
2864 0.146885 
2865 0.147712 
2866 0.148432 
2867 0.148572 
2868 0.148822 
2869 0.149417 
2870 0.149955 
2871 0.150363 
2872 0.150649 
2873 0.150795 
2874 0.150518 
2875 0.150065 
2876 0.149946 
2877 0.149356 
2878 0.149826 
2879 0.15007 
2880 0.151155 
2881 0.152522 
2882 0.153163 
2883 0.154451 
2884 0.155381 
2885 0.155975 
2886 0.155211 
2887 0.156584 
2888 0.156969 
2889 0.157409 
2890 0.158695 
2891 0.158914 
2892 0.159013 
2893 0.158306 
2894 0.158566 
2895 0.156762 
2896 0.156826 
2897 0.15711 
2898 0.157663 
2899 0.157729 
2900 0.158568 
2901 0.158049 
2902 0.158337 
2903 0.15828 
2904 0.157933 
2905 0.157874 
2906 0.157854 
2907 0.158246 
2908 0.159269 
2909 0.159541 
2910 0.1592 
2911 0.158809 
2912 0.158766 
2913 0.158775 
2914 0.159239 
2915 0.159137 
2916 0.15928 
2917 0.158988 
2918 0.158579 
2919 0.158127 
2920 0.157916 
2921 0.157964 
2922 0.158023 
2923 0.158834 
2924 0.158743 
2925 0.158997 
2926 0.158399 
2927 0.158097 
2928 0.158267 
2929 0.158762 
2930 0.159121 
2931 0.161299 
2932 0.162544 
2933 0.163084 
2934 0.163991 
2935 0.163898 
2936 0.162567 
2937 0.162445 
2938 0.162679 
2939 0.163487 
2940 0.165607 
2941 0.167948 
2942 0.169489 
2943 0.172888 
2944 0.176595 
2945 0.178546 
2946 0.182929 
2947 0.188302 
2948 0.190467 
2949 0.195262 
2950 0.199529 
2951 0.20221 
2952 0.207422 
2953 0.210624 
2954 0.211957 
2955 0.21683 
2956 0.221696 
2957 0.224155 
2958 0.229094 
2959 0.234161 
2960 0.237974 
2961 0.244828 
2962 0.249707 
2963 0.25199 
2964 0.257161 
2965 0.262044 
2966 0.26451 
2967 0.26928 
2968 0.274467 
2969 0.278916 
2970 0.284293 
2971 0.288846 
2972 0.291482 
2973 0.297677 
2974 0.304495 
2975 0.307047 
2976 0.311983 
2977 0.315788 
2978 0.317548 
2979 0.321608 
2980 0.325215 
2981 0.326615 
2982 0.332416 
2983 0.33845 
2984 0.341902 
2985 0.345939 
2986 0.358044 
2987 0.35938 
2988 0.361975 
2989 0.366164 
2990 0.36993 
2991 0.375326 
2992 0.381509 
2993 0.38564 
2994 0.39228 
2995 0.396456 
2996 0.398658 
2997 0.402693 
2998 0.412346 
2999 0.416661 
3000 0.42475 
3001 0.431966 
3002 0.436223 
3003 0.441574 
3004 0.447496 
3005 0.450311 
3006 0.457241 
3007 0.464877 
3008 0.4688 
3009 0.47372 
3010 0.479993 
3011 0.492328 
3012 0.49655 
3013 0.503882 
3014 0.50698 
3015 0.522295 
3016 0.533491 
3017 0.539222 
3018 0.547297 
3019 0.553995 
3020 0.558292 
3021 0.564974 
3022 0.568123 
3023 0.569552 
3024 0.574891 
3025 0.579456 
3026 0.580081 
3027 0.58204 
3028 0.583585 
3029 0.584403 
3030 0.5889 
3031 0.593525 
3032 0.595304 
3033 0.598172 
3034 0.600709 
3035 0.601352 
3036 0.60811 
3037 0.610801 
3038 0.61178 
3039 0.613848 
3040 0.593153 
3041 0.588708 
3042 0.585131 
3043 0.581854 
3044 0.582731 
3045 0.583477 
3046 0.584425 
3047 0.583486 
3048 0.583526 
3049 0.584006 
3050 0.5834 
3051 0.583466 
3052 0.582872 
3053 0.582017 
3054 0.581954 
3055 0.580706 
3056 0.57937 
3057 0.581872 
3058 0.583958 
3059 0.58406 
3060 0.587999 
3061 0.589133 
3062 0.591274 
3063 0.592544 
3064 0.595274 
3065 0.595829 
3066 0.596644 
3067 0.600207 
3068 0.600863 
3069 0.602536 
3070 0.60554 
3071 0.605485 
3072 0.606155 
3073 0.605851 
3074 0.606159 
3075 0.605688 
3076 0.60556 
3077 0.606301 
3078 0.604284 
3079 0.604326 
3080 0.605437 
3081 0.607223 
3082 0.611912 
3083 0.613005 
3084 0.617894 
3085 0.621513 
3086 0.626143 
3087 0.629542 
3088 0.633063 
3089 0.635454 
3090 0.636257 
3091 0.637366 
3092 0.637338 
3093 0.637275 
3094 0.635032 
3095 0.634463 
3096 0.63295 
3097 0.630036 
3098 0.628969 
3099 0.626198 
3100 0.626218 
3101 0.625804 
3102 0.623833 
3103 0.622864 
3104 0.621957 
3105 0.62113 
3106 0.620204 
3107 0.618793 
3108 0.617513 
3109 0.616999 
3110 0.616737 
3111 0.617264 
3112 0.616087 
3113 0.615995 
3114 0.615706 
3115 0.614887 
3116 0.613311 
3117 0.611708 
3118 0.610476 
3119 0.610234 
3120 0.610365 
3121 0.610432 
3122 0.610109 
3123 0.6101 
3124 0.61009 
3125 0.61081 
3126 0.612476 
3127 0.614549 
3128 0.615204 
3129 0.617076 
3130 0.620212 
3131 0.619661 
3132 0.620704 
3133 0.621593 
3134 0.622285 
3135 0.623634 
3136 0.631615 
3137 0.630938 
3138 0.630932 
3139 0.63218 
3140 0.63167 
3141 0.631982 
3142 0.632587 
3143 0.632225 
3144 0.631701 
3145 0.630672 
3146 0.630592 
3147 0.629864 
3148 0.629185 
3149 0.628934 
3150 0.628724 
3151 0.628304 
3152 0.627892 
3153 0.627717 
3154 0.627731 
3155 0.62782 
3156 0.627295 
3157 0.627166 
3158 0.627019 
3159 0.627178 
3160 0.626902 
3161 0.626274 
3162 0.626106 
3163 0.62582 
3164 0.626263 
3165 0.625761 
3166 0.626037 
3167 0.625409 
3168 0.624775 
3169 0.62391 
3170 0.624332 
3171 0.623775 
3172 0.623685 
3173 0.622447 
3174 0.622248 
3175 0.621666 
3176 0.621319 
3177 0.62145 
3178 0.623078 
3179 0.623472 
3180 0.624125 
3181 0.626127 
3182 0.628193 
3183 0.628791 
3184 0.630963 
3185 0.632056 
3186 0.633673 
3187 0.634497 
3188 0.633744 
3189 0.632698 
3190 0.633287 
3191 0.633536 
3192 0.634524 
3193 0.635576 
3194 0.635436 
3195 0.634742 
3196 0.635054 
3197 0.634757 
3198 0.634143 
3199 0.633128 
3200 0.633459 
3201 0.632705 
3202 0.632872 
3203 0.632448 
3204 0.632696 
3205 0.632591 
3206 0.631946 
3207 0.631945 
3208 0.63146 
3209 0.631314 
3210 0.63107 
3211 0.632511 
3212 0.632534 
3213 0.631915 
3214 0.63305 
3215 0.633256 
3216 0.632616 
3217 0.632328 
3218 0.632475 
3219 0.632084 
3220 0.632077 
3221 0.631765 
3222 0.631567 
3223 0.631473 
3224 0.631022 
3225 0.630882 
3226 0.630899 
3227 0.630988 
3228 0.631149 
3229 0.631235 
3230 0.63119 
3231 0.629903 
3232 0.629528 
3233 0.629606 
3234 0.62939 
3235 0.628994 
3236 0.630224 
3237 0.629962 
3238 0.629587 
3239 0.629385 
3240 0.629214 
3241 0.62892 
3242 0.628794 
3243 0.628591 
3244 0.628899 
3245 0.62861 
3246 0.628482 
3247 0.628012 
3248 0.628448 
3249 0.628545 
3250 0.628744 
3251 0.628777 
3252 0.62832 
3253 0.628418 
3254 0.628347 
3255 0.627348 
3256 0.626901 
3257 0.626912 
3258 0.627044 
3259 0.627811 
3260 0.628251 
3261 0.627684 
3262 0.62739 
3263 0.62752 
3264 0.628356 
3265 0.628442 
3266 0.628137 
3267 0.627527 
3268 0.627535 
3269 0.627829 
3270 0.628826 
3271 0.629419 
3272 0.629473 
3273 0.630323 
3274 0.631015 
3275 0.631054 
3276 0.631535 
3277 0.632797 
3278 0.633035 
3279 0.632881 
3280 0.633291 
3281 0.633426 
3282 0.633484 
3283 0.633599 
3284 0.633975 
3285 0.634013 
3286 0.641607 
3287 0.641858 
3288 0.641651 
3289 0.640755 
3290 0.640036 
3291 0.640702 
3292 0.640958 
3293 0.641045 
3294 0.642095 
3295 0.641834 
3296 0.641519 
3297 0.640421 
3298 0.640304 
3299 0.640225 
3300 0.639877 
3301 0.639006 
3302 0.638625 
3303 0.638164 
3304 0.638073 
3305 0.637632 
3306 0.637757 
3307 0.637953 
3308 0.637475 
3309 0.637301 
3310 0.638126 
3311 0.641515 
3312 0.640698 
3313 0.639476 
3314 0.638932 
3315 0.638331 
3316 0.637642 
3317 0.637468 
3318 0.636401 
3319 0.635791 
3320 0.63472 
3321 0.634414 
3322 0.634064 
3323 0.633761 
3324 0.633304 
3325 0.633498 
3326 0.633522 
3327 0.63329 
3328 0.633403 
3329 0.633125 
3330 0.633045 
3331 0.633031 
3332 0.633432 
3333 0.63293 
3334 0.632269 
3335 0.631983 
3336 0.627845 
3337 0.627956 
3338 0.627769 
3339 0.627375 
3340 0.626593 
3341 0.626497 
3342 0.627008 
3343 0.626952 
3344 0.626433 
3345 0.626346 
3346 0.625704 
3347 0.625261 
3348 0.624409 
3349 0.623926 
3350 0.624062 
3351 0.623486 
3352 0.623255 
3353 0.623216 
3354 0.623981 
3355 0.62451 
3356 0.624742 
3357 0.625783 
3358 0.626424 
3359 0.626297 
3360 0.626248 
3361 0.630436 
3362 0.629661 
3363 0.629719 
3364 0.629323 
3365 0.629242 
3366 0.627653 
3367 0.62725 
3368 0.626467 
3369 0.625571 
3370 0.62416 
3371 0.62394 
3372 0.624787 
3373 0.625266 
3374 0.624813 
3375 0.62541 
3376 0.625034 
3377 0.624952 
3378 0.624736 
3379 0.624791 
3380 0.6248 
3381 0.624973 
3382 0.624457 
3383 0.62479 
3384 0.625069 
3385 0.624905 
3386 0.623607 
3387 0.623479 
3388 0.623273 
3389 0.62322 
3390 0.623415 
3391 0.62365 
3392 0.623984 
3393 0.623975 
3394 0.623853 
3395 0.623793 
3396 0.623629 
3397 0.623481 
3398 0.62369 
3399 0.624204 
3400 0.625429 
3401 0.625607 
3402 0.626183 
3403 0.627438 
3404 0.627874 
3405 0.628454 
3406 0.628376 
3407 0.628184 
3408 0.627876 
3409 0.627691 
3410 0.627291 
3411 0.627788 
3412 0.62759 
3413 0.627464 
3414 0.627174 
3415 0.626581 
3416 0.62614 
3417 0.625416 
3418 0.625208 
3419 0.625208 
3420 0.625081 
3421 0.624792 
3422 0.624675 
3423 0.624532 
3424 0.624187 
3425 0.624117 
3426 0.624166 
3427 0.624271 
3428 0.624458 
3429 0.62446 
3430 0.624801 
3431 0.624826 
3432 0.624772 
3433 0.626026 
3434 0.626676 
3435 0.629674 
3436 0.640675 
3437 0.640552 
3438 0.640305 
3439 0.640335 
3440 0.640578 
3441 0.640966 
3442 0.641228 
3443 0.640825 
3444 0.641012 
3445 0.641557 
3446 0.642191 
3447 0.642785 
3448 0.643268 
3449 0.643373 
3450 0.643911 
3451 0.644191 
3452 0.644522 
3453 0.645057 
3454 0.645799 
3455 0.645763 
3456 0.645755 
3457 0.645269 
3458 0.645368 
3459 0.645103 
3460 0.644621 
3461 0.649158 
3462 0.648981 
3463 0.649143 
3464 0.648985 
3465 0.649104 
3466 0.648988 
3467 0.648761 
3468 0.648259 
3469 0.647725 
3470 0.647381 
3471 0.646951 
3472 0.647213 
3473 0.647078 
3474 0.646658 
3475 0.647501 
3476 0.647448 
3477 0.647558 
3478 0.647616 
3479 0.647735 
3480 0.647795 
3481 0.647731 
3482 0.647384 
3483 0.647579 
3484 0.647606 
3485 0.647477 
3486 0.646789 
3487 0.646408 
3488 0.646081 
3489 0.645757 
3490 0.64572 
3491 0.646269 
3492 0.64578 
3493 0.645937 
3494 0.645536 
3495 0.646559 
3496 0.646433 
3497 0.647228 
3498 0.647234 
3499 0.647079 
3500 0.646971 
3501 0.646837 
3502 0.647105 
3503 0.64687 
3504 0.647062 
3505 0.646937 
3506 0.64706 
3507 0.646987 
3508 0.646786 
3509 0.647057 
3510 0.647271 
3511 0.648458 
3512 0.64799 
3513 0.647954 
3514 0.647968 
3515 0.648383 
3516 0.648455 
3517 0.64843 
3518 0.648607 
3519 0.648503 
3520 0.64839 
3521 0.648823 
3522 0.648341 
3523 0.648317 
3524 0.648082 
3525 0.64852 
3526 0.648644 
3527 0.648614 
3528 0.648957 
3529 0.648866 
3530 0.649079 
3531 0.649199 
3532 0.64919 
3533 0.649167 
3534 0.648759 
3535 0.648634 
3536 0.646751 
3537 0.646646 
3538 0.647196 
3539 0.646875 
3540 0.646768 
3541 0.646294 
3542 0.646594 
3543 0.646608 
3544 0.646357 
3545 0.645993 
3546 0.646407 
3547 0.647092 
3548 0.647178 
3549 0.647184 
3550 0.647393 
3551 0.64708 
3552 0.647038 
3553 0.647148 
3554 0.647038 
3555 0.64689 
3556 0.646702 
3557 0.646758 
3558 0.646494 
3559 0.646549 
3560 0.64677 
3561 0.645226 
3562 0.645004 
3563 0.644876 
3564 0.645288 
3565 0.645512 
3566 0.646026 
3567 0.645992 
3568 0.64669 
3569 0.647276 
3570 0.648925 
3571 0.648611 
3572 0.648873 
3573 0.64871 
3574 0.648683 
3575 0.648499 
3576 0.648342 
3577 0.648021 
3578 0.648253 
3579 0.648289 
3580 0.64817 
3581 0.648648 
3582 0.648886 
3583 0.648785 
3584 0.648765 
3585 0.64853 
3586 0.648763 
3587 0.648764 
3588 0.649182 
3589 0.649177 
3590 0.648857 
3591 0.649018 
3592 0.648954 
3593 0.649062 
3594 0.648715 
3595 0.645778 
3596 0.646021 
3597 0.645761 
3598 0.645318 
3599 0.644997 
3600 0.645294 
3601 0.645703 
3602 0.64498 
3603 0.64473 
3604 0.644807 
3605 0.644951 
3606 0.645372 
3607 0.645028 
3608 0.64556 
3609 0.645902 
3610 0.645831 
3611 0.646184 
3612 0.647027 
3613 0.647669 
3614 0.648371 
3615 0.648793 
3616 0.649248 
3617 0.649742 
3618 0.650182 
3619 0.650528 
3620 0.653705 
3621 0.655355 
3622 0.656575 
3623 0.657293 
3624 0.657824 
3625 0.6577 
3626 0.657752 
3627 0.657814 
3628 0.658099 
3629 0.658406 
3630 0.658909 
3631 0.658685 
3632 0.659416 
3633 0.660456 
3634 0.660997 
3635 0.662748 
3636 0.664837 
3637 0.665366 
3638 0.666411 
3639 0.667204 
3640 0.667302 
3641 0.668384 
3642 0.668002 
3643 0.667783 
3644 0.667561 
3645 0.666193 
3646 0.665084 
3647 0.664929 
3648 0.663905 
3649 0.663921 
3650 0.664747 
3651 0.6652 
3652 0.664945 
3653 0.665528 
3654 0.665984 
3655 0.665802 
3656 0.665593 
3657 0.666221 
3658 0.665965 
3659 0.665593 
3660 0.665758 
3661 0.666028 
3662 0.666001 
3663 0.665841 
3664 0.666803 
3665 0.667302 
3666 0.667195 
3667 0.667073 
3668 0.667001 
3669 0.666514 
3670 0.659826 
3671 0.65926 
3672 0.659172 
3673 0.65907 
3674 0.658821 
3675 0.658475 
3676 0.6585 
3677 0.65806 
3678 0.65829 
3679 0.658891 
3680 0.658447 
3681 0.659063 
3682 0.659308 
3683 0.659315 
3684 0.659386 
3685 0.659371 
3686 0.659536 
3687 0.660102 
3688 0.659337 
3689 0.659856 
3690 0.659472 
3691 0.65936 
3692 0.658593 
3693 0.658455 
3694 0.658461 
3695 0.65458 
3696 0.65443 
3697 0.654707 
3698 0.653959 
3699 0.654285 
3700 0.653819 
3701 0.653335 
3702 0.653542 
3703 0.653832 
3704 0.653367 
3705 0.653698 
3706 0.653217 
3707 0.65275 
3708 0.652678 
3709 0.652532 
3710 0.652353 
3711 0.651772 
3712 0.65143 
3713 0.650978 
3714 0.651075 
3715 0.651065 
3716 0.650705 
3717 0.650543 
3718 0.650493 
3719 0.650324 
3720 0.644588 
3721 0.644781 
3722 0.644546 
3723 0.644249 
3724 0.644179 
3725 0.643897 
3726 0.643862 
3727 0.643698 
3728 0.643832 
3729 0.643628 
3730 0.64364 
3731 0.643217 
3732 0.643251 
3733 0.643207 
3734 0.643766 
3735 0.643477 
3736 0.643542 
3737 0.64353 
3738 0.644064 
3739 0.643641 
3740 0.643883 
3741 0.643913 
3742 0.643675 
3743 0.643566 
3744 0.643371 
3745 0.643552 
3746 0.643624 
3747 0.643812 
3748 0.643743 
3749 0.643816 
3750 0.643753 
3751 0.643957 
3752 0.644324 
3753 0.643963 
3754 0.643671 
3755 0.642841 
3756 0.642633 
3757 0.642179 
3758 0.641425 
3759 0.640159 
3760 0.640014 
3761 0.639644 
3762 0.639303 
3763 0.638249 
3764 0.638031 
3765 0.636749 
3766 0.637072 
3767 0.636254 
3768 0.6359 
3769 0.635143 
3770 0.635001 
3771 0.635147 
3772 0.635623 
3773 0.636261 
3774 0.637038 
3775 0.637168 
3776 0.637291 
3777 0.637845 
3778 0.63767 
3779 0.637311 
3780 0.638657 
3781 0.639397 
3782 0.640084 
3783 0.639786 
3784 0.638867 
3785 0.63903 
3786 0.638874 
3787 0.638813 
3788 0.63884 
3789 0.639093 
3790 0.638849 
3791 0.638769 
3792 0.638781 
3793 0.638913 
3794 0.638159 
3795 0.640031 
3796 0.63983 
3797 0.63941 
3798 0.638551 
3799 0.637899 
3800 0.637133 
3801 0.63649 
3802 0.635999 
3803 0.635648 
3804 0.634682 
3805 0.63466 
3806 0.634187 
3807 0.63431 
3808 0.634004 
3809 0.635685 
3810 0.638595 
3811 0.640499 
3812 0.642686 
3813 0.645392 
3814 0.646989 
3815 0.647388 
3816 0.651718 
3817 0.656349 
3818 0.665949 
3819 0.671153 
3820 0.706084 
3821 0.706838 
3822 0.708084 
3823 0.709466 
3824 0.710222 
3825 0.710842 
3826 0.711691 
3827 0.71244 
3828 0.712948 
3829 0.714203 
3830 0.714986 
3831 0.716024 
3832 0.717253 
3833 0.718827 
3834 0.719787 
3835 0.720004 
3836 0.721426 
3837 0.721738 
3838 0.721903 
3839 0.722409 
3840 0.72246 
3841 0.72259 
3842 0.722595 
3843 0.722728 
3844 0.723112 
3845 0.734512 
3846 0.734531 
3847 0.734103 
3848 0.733596 
3849 0.733115 
3850 0.73321 
3851 0.73245 
3852 0.731421 
3853 0.731485 
3854 0.730299 
3855 0.729831 
3856 0.729195 
3857 0.728965 
3858 0.72845 
3859 0.728191 
3860 0.727924 
3861 0.728014 
3862 0.727695 
3863 0.728244 
3864 0.727377 
3865 0.727078 
3866 0.72847 
3867 0.727382 
3868 0.727631 
3869 0.727677 
3870 0.729226 
3871 0.729062 
3872 0.729452 
3873 0.729462 
3874 0.729544 
3875 0.729345 
3876 0.729615 
3877 0.729355 
3878 0.729389 
3879 0.729299 
3880 0.72971 
3881 0.72968 
3882 0.729295 
3883 0.727703 
3884 0.726607 
3885 0.726316 
3886 0.726714 
3887 0.726087 
3888 0.725837 
3889 0.725907 
3890 0.725312 
3891 0.725422 
3892 0.725221 
3893 0.725175 
3894 0.724929 
3895 0.726291 
3896 0.72631 
3897 0.726489 
3898 0.72701 
3899 0.726726 
3900 0.727029 
3901 0.726442 
3902 0.725706 
3903 0.72658 
3904 0.727103 
3905 0.726274 
3906 0.729035 
3907 0.728902 
3908 0.728494 
3909 0.726464 
3910 0.725671 
3911 0.725054 
3912 0.722675 
3913 0.722561 
3914 0.722058 
3915 0.722113 
3916 0.720788 
3917 0.720283 
3918 0.719901 
3919 0.718202 
3920 0.709742 
3921 0.709454 
3922 0.709369 
3923 0.70966 
3924 0.709898 
3925 0.710509 
3926 0.71042 
3927 0.710155 
3928 0.710124 
3929 0.709658 
3930 0.708804 
3931 0.709257 
3932 0.7103 
3933 0.712567 
3934 0.712514 
3935 0.712157 
3936 0.712659 
3937 0.713277 
3938 0.712996 
3939 0.714058 
3940 0.713869 
3941 0.716288 
3942 0.71619 
3943 0.716844 
3944 0.716546 
3945 0.729917 
3946 0.729743 
3947 0.728097 
3948 0.730156 
3949 0.729084 
3950 0.731309 
3951 0.729736 
3952 0.729055 
3953 0.729489 
3954 0.7297 
3955 0.729052 
3956 0.727823 
3957 0.727573 
3958 0.726763 
3959 0.727485 
3960 0.727377 
3961 0.726729 
3962 0.726505 
3963 0.72695 
3964 0.727656 
3965 0.727945 
3966 0.730735 
3967 0.730664 
3968 0.731393 
3969 0.732499 
3970 0.737354 
3971 0.73514 
3972 0.736044 
3973 0.735977 
3974 0.735281 
3975 0.734866 
3976 0.733896 
3977 0.734529 
3978 0.733759 
3979 0.733333 
3980 0.73478 
3981 0.733604 
3982 0.732906 
3983 0.732403 
3984 0.731708 
3985 0.731653 
3986 0.730842 
3987 0.729158 
3988 0.727961 
3989 0.730197 
3990 0.730285 
3991 0.731429 
3992 0.730015 
3993 0.729484 
3994 0.729253 
3995 0.732473 
3996 0.730154 
3997 0.729579 
3998 0.729004 
3999 0.729015 
4000 0.728765 
4001 0.728645 
4002 0.730178 
4003 0.729874 
4004 0.730242 
4005 0.730076 
4006 0.727483 
4007 0.728499 
4008 0.728478 
4009 0.728146 
4010 0.728356 
4011 0.728074 
4012 0.728346 
4013 0.730663 
4014 0.731672 
4015 0.732039 
4016 0.732043 
4017 0.731399 
4018 0.732585 
4019 0.732773 
4020 0.731078 
4021 0.73108 
4022 0.731596 
4023 0.731301 
4024 0.731556 
4025 0.731481 
4026 0.731665 
4027 0.731415 
4028 0.731061 
4029 0.731385 
4030 0.731011 
4031 0.732489 
4032 0.733041 
4033 0.733645 
4034 0.73337 
4035 0.7335 
4036 0.732287 
4037 0.732815 
4038 0.732095 
4039 0.73001 
4040 0.727002 
4041 0.727137 
4042 0.72547 
4043 0.721843 
4044 0.719014 
4045 0.712811 
4046 0.712231 
4047 0.712644 
4048 0.714638 
4049 0.714397 
4050 0.713585 
4051 0.712932 
4052 0.713086 
4053 0.711401 
4054 0.712136 
4055 0.711908 
4056 0.712198 
4057 0.711831 
4058 0.713731 
4059 0.711982 
4060 0.712371 
4061 0.712649 
4062 0.713829 
4063 0.71465 
4064 0.718025 
4065 0.718304 
4066 0.721996 
4067 0.72155 
4068 0.723042 
4069 0.722779 
4070 0.745938 
4071 0.743365 
4072 0.742669 
4073 0.743587 
4074 0.742929 
4075 0.743458 
4076 0.744722 
4077 0.74475 
4078 0.745086 
4079 0.745184 
4080 0.745882 
4081 0.746363 
4082 0.7465 
4083 0.746524 
4084 0.747241 
4085 0.747493 
4086 0.747011 
4087 0.747011 
4088 0.746898 
4089 0.747022 
4090 0.746467 
4091 0.746848 
4092 0.746199 
4093 0.744918 
4094 0.743567 
4095 0.736193 
4096 0.734333 
4097 0.733236 
4098 0.732739 
4099 0.730981 
4100 0.730325 
4101 0.72908 
4102 0.728158 
4103 0.728216 
4104 0.726884 
4105 0.72688 
4106 0.725439 
4107 0.725494 
4108 0.726413 
4109 0.726665 
4110 0.726954 
4111 0.72776 
4112 0.728109 
4113 0.72839 
4114 0.727841 
4115 0.728222 
4116 0.728584 
4117 0.728552 
4118 0.727486 
4119 0.72898 
4120 0.73298 
4121 0.732672 
4122 0.732343 
4123 0.732579 
4124 0.73358 
4125 0.733346 
4126 0.73365 
4127 0.735112 
4128 0.736012 
4129 0.736334 
4130 0.73643 
4131 0.740796 
4132 0.740805 
4133 0.740764 
4134 0.739763 
4135 0.739875 
4136 0.738534 
4137 0.738922 
4138 0.736827 
4139 0.736572 
4140 0.736209 
4141 0.735497 
4142 0.735394 
4143 0.736007 
4144 0.735381 
4145 0.743962 
4146 0.742069 
4147 0.740933 
4148 0.739959 
4149 0.739411 
4150 0.738482 
4151 0.738162 
4152 0.737605 
4153 0.737113 
4154 0.735498 
4155 0.736009 
4156 0.735294 
4157 0.734913 
4158 0.734441 
4159 0.733068 
4160 0.732766 
4161 0.733372 
4162 0.733731 
4163 0.734276 
4164 0.734542 
4165 0.735013 
4166 0.73606 
4167 0.736846 
4168 0.738681 
4169 0.739965 
4170 0.738594 
4171 0.740085 
4172 0.742232 
4173 0.743774 
4174 0.745202 
4175 0.747367 
4176 0.747621 
4177 0.74836 
4178 0.749957 
4179 0.751554 
4180 0.752705 
4181 0.756349 
4182 0.75738 
4183 0.759791 
4184 0.760946 
4185 0.762673 
4186 0.764608 
4187 0.768125 
4188 0.768192 
4189 0.770543 
4190 0.772787 
4191 0.775211 
4192 0.778261 
4193 0.779079 
4194 0.779306 
4195 0.781801 
4196 0.780969 
4197 0.784017 
4198 0.78466 
4199 0.783725 
4200 0.784055 
4201 0.784953 
4202 0.785799 
4203 0.785645 
4204 0.785907 
4205 0.785484 
4206 0.787154 
4207 0.791338 
4208 0.792162 
4209 0.793032 
4210 0.79326 
4211 0.792376 
4212 0.792421 
4213 0.793013 
4214 0.795377 
4215 0.79659 
4216 0.799739 
4217 0.80317 
4218 0.804278 
4219 0.806155 
4220 0.80505 
4221 0.806196 
4222 0.809036 
4223 0.811931 
4224 0.814598 
4225 0.816621 
4226 0.817396 
4227 0.818652 
4228 0.818964 
4229 0.81855 
4230 0.818994 
4231 0.8194 
4232 0.81973 
4233 0.819071 
4234 0.821626 
4235 0.82058 
4236 0.820657 
4237 0.821857 
4238 0.82531 
4239 0.82614 
4240 0.823475 
4241 0.819013 
4242 0.820228 
4243 0.811534 
4244 0.80841 
4245 0.800772 
4246 0.800228 
4247 0.798448 
4248 0.797953 
4249 0.774628 
4250 0.771703 
4251 0.769104 
4252 0.766617 
4253 0.766779 
4254 0.76584 
4255 0.714254 
4256 0.712886 
4257 0.709924 
4258 0.708555 
4259 0.711557 
4260 0.713996 
4261 0.674686 
4262 0.677093 
4263 0.676659 
4264 0.68089 
4265 0.682789 
4266 0.683506 
4267 0.682952 
4268 0.685683 
4269 0.686921 
4270 0.68256 
4271 0.690567 
4272 0.6942 
4273 0.698504 
4274 0.703429 
4275 0.706075 
4276 0.707162 
4277 0.707469 
4278 0.707237 
4279 0.705237 
4280 0.704147 
4281 0.705041 
4282 0.70354 
4283 0.704645 
4284 0.702082 
4285 0.704804 
4286 0.706367 
4287 0.704495 
4288 0.70546 
4289 0.706038 
4290 0.706888 
4291 0.707339 
4292 0.706226 
4293 0.678409 
4294 0.676534 
4295 0.665708 
4296 0.667327 
4297 0.666121 
4298 0.666127 
4299 0.66513 
4300 0.663385 
4301 0.660195 
4302 0.659705 
4303 0.660516 
4304 0.659497 
4305 0.660349 
4306 0.659228 
4307 0.660558 
4308 0.659529 
4309 0.65626 
4310 0.653891 
4311 0.651826 
4312 0.656589 
4313 0.657318 
4314 0.658793 
4315 0.65957 
4316 0.658331 
4317 0.6578 
4318 0.63729 
4319 0.632984 
4320 0.62529 
4321 0.625237 
4322 0.626474 
4323 0.615211 
4324 0.6101 
4325 0.602448 
4326 0.601598 
4327 0.596369 
4328 0.585167 
4329 0.583043 
4330 0.580634 
4331 0.582385 
4332 0.583939 
4333 0.584497 
4334 0.586083 
4335 0.587669 
4336 0.589148 
4337 0.587689 
4338 0.587659 
4339 0.59028 
4340 0.591661 
4341 0.592064 
4342 0.595735 
4343 0.595807 
4344 0.597273 
4345 0.584212 
4346 0.585392 
4347 0.585963 
4348 0.585954 
4349 0.587049 
4350 0.588413 
4351 0.591007 
4352 0.591522 
4353 0.591209 
4354 0.591999 
4355 0.589208 
4356 0.586151 
4357 0.583816 
4358 0.577561 
4359 0.575278 
4360 0.571784 
4361 0.568984 
4362 0.567263 
4363 0.565015 
4364 0.563836 
4365 0.56106 
4366 0.563026 
4367 0.56049 
4368 0.559802 
4369 0.562238 
4370 0.562315 
4371 0.560698 
4372 0.562282 
4373 0.556592 
4374 0.55613 
4375 0.553583 
4376 0.551454 
4377 0.552449 
4378 0.553372 
4379 0.548699 
4380 0.548622 
4381 0.551541 
4382 0.555281 
4383 0.555173 
4384 0.55765 
4385 0.557807 
4386 0.559667 
4387 0.560574 
4388 0.554452 
4389 0.554482 
4390 0.548414 
4391 0.543706 
4392 0.544266 
4393 0.54059 
4394 0.527987 
4395 0.530204 
4396 0.522785 
4397 0.514588 
4398 0.508774 
4399 0.499939 
4400 0.491735 
4401 0.489806 
4402 0.482123 
4403 0.47795 
4404 0.47626 
4405 0.470845 
4406 0.463924 
4407 0.460398 
4408 0.455139 
4409 0.44753 
4410 0.449006 
4411 0.448564 
4412 0.445528 
4413 0.443882 
4414 0.447157 
4415 0.448914 
4416 0.451949 
4417 0.462369 
4418 0.467029 
4419 0.467728 
4420 0.471542 
4421 0.481886 
4422 0.485463 
4423 0.487301 
4424 0.489926 
4425 0.488917 
4426 0.483373 
4427 0.477105 
4428 0.473085 
4429 0.467737 
4430 0.461869 
4431 0.460101 
4432 0.458478 
4433 0.456254 
4434 0.454816 
4435 0.451296 
4436 0.44871 
4437 0.446017 
4438 0.442169 
4439 0.44286 
4440 0.44046 
4441 0.4391 
4442 0.440312 
4443 0.440222 
4444 0.438843 
4445 0.440561 
4446 0.443286 
4447 0.446759 
4448 0.45246 
4449 0.456085 
4450 0.460136 
4451 0.463492 
4452 0.462349 
4453 0.465844 
4454 0.468402 
4455 0.469028 
4456 0.469449 
4457 0.467938 
4458 0.468294 
4459 0.463271 
4460 0.459023 
4461 0.454724 
4462 0.45618 
4463 0.453545 
4464 0.453717 
4465 0.455452 
4466 0.456169 
4467 0.457134 
4468 0.462855 
4469 0.470957 
4470 0.46796 
4471 0.474244 
4472 0.476831 
4473 0.480087 
4474 0.486089 
4475 0.488278 
4476 0.476783 
4477 0.471257 
4478 0.470405 
4479 0.457142 
4480 0.457892 
4481 0.453134 
4482 0.451949 
4483 0.435239 
4484 0.432754 
4485 0.43151 
4486 0.43134 
4487 0.420993 
4488 0.419301 
4489 0.417173 
4490 0.418216 
4491 0.417623 
4492 0.419811 
4493 0.421945 
4494 0.420936 
4495 0.421573 
4496 0.429705 
4497 0.435333 
4498 0.443822 
4499 0.448242 
4500 0.452687 
4501 0.460088 
4502 0.465785 
4503 0.470971 
4504 0.491738 
4505 0.501932 
4506 0.505333 
4507 0.524234 
4508 0.528709 
4509 0.531188 
4510 0.550784 
4511 0.557141 
4512 0.556874 
4513 0.57162 
4514 0.572464 
4515 0.574692 
4516 0.594239 
4517 0.605854 
4518 0.610681 
4519 0.619073 
4520 0.626624 
4521 0.6264 
4522 0.632593 
4523 0.634924 
4524 0.634382 
4525 0.659009 
4526 0.661701 
4527 0.662767 
4528 0.662616 
4529 0.692361 
4530 0.696342 
4531 0.7038 
4532 0.704141 
4533 0.708532 
4534 0.70887 
4535 0.712964 
4536 0.712648 
4537 0.713544 
4538 0.713039 
4539 0.708768 
4540 0.702069 
4541 0.695016 
4542 0.694857 
4543 0.688733 
4544 0.684964 
4545 0.67442 
4546 0.669691 
4547 0.660917 
4548 0.657497 
4549 0.652089 
4550 0.646148 
4551 0.644243 
4552 0.639841 
4553 0.640755 
4554 0.638452 
4555 0.631357 
4556 0.627473 
4557 0.624393 
4558 0.554344 
4559 0.547899 
4560 0.54683 
4561 0.541468 
4562 0.540383 
4563 0.541413 
4564 0.539488 
4565 0.511197 
4566 0.510553 
4567 0.508865 
4568 0.511089 
4569 0.512091 
4570 0.509913 
4571 0.493293 
4572 0.490888 
4573 0.487821 
4574 0.486572 
4575 0.484988 
4576 0.479851 
4577 0.473459 
4578 0.46794 
4579 0.463442 
4580 0.457305 
4581 0.455721 
4582 0.452559 
4583 0.451997 
4584 0.453826 
4585 0.451405 
4586 0.449965 
4587 0.451619 
4588 0.449163 
4589 0.450321 
4590 0.451226 
4591 0.448085 
4592 0.458172 
4593 0.460816 
4594 0.460113 
4595 0.463887 
4596 0.465489 
4597 0.464894 
4598 0.463882 
4599 0.460789 
4600 0.460401 
4601 0.456853 
4602 0.456088 
4603 0.452694 
4604 0.453283 
4605 0.456073 
4606 0.454725 
4607 0.451872 
4608 0.450787 
4609 0.446464 
4610 0.442723 
4611 0.440893 
4612 0.434725 
4613 0.427149 
4614 0.424667 
4615 0.420545 
4616 0.416898 
4617 0.414396 
4618 0.411687 
4619 0.409702 
4620 0.405383 
4621 0.400965 
4622 0.398219 
4623 0.396028 
4624 0.368797 
4625 0.360595 
4626 0.357161 
4627 0.34956 
4628 0.346406 
4629 0.345109 
4630 0.344009 
4631 0.345639 
4632 0.346631 
4633 0.347156 
4634 0.353727 
4635 0.354637 
4636 0.355462 
4637 0.353257 
4638 0.352696 
4639 0.36655 
4640 0.375837 
4641 0.380253 
4642 0.385562 
4643 0.389693 
4644 0.39176 
4645 0.395505 
4646 0.400758 
4647 0.400418 
4648 0.40374 
4649 0.407207 
4650 0.408512 
4651 0.414259 
4652 0.413118 
4653 0.416429 
4654 0.422796 
4655 0.422463 
4656 0.42453 
4657 0.428595 
4658 0.427255 
4659 0.424351 
4660 0.409899 
4661 0.406823 
4662 0.40407 
4663 0.398614 
4664 0.393781 
4665 0.391465 
4666 0.389905 
4667 0.387744 
4668 0.390893 
4669 0.383007 
4670 0.371131 
4671 0.368705 
4672 0.363246 
4673 0.350543 
4674 0.345654 
4675 0.335962 
4676 0.304951 
4677 0.300349 
4678 0.290724 
4679 0.281539 
4680 0.267827 
4681 0.263026 
4682 0.260313 
4683 0.261577 
4684 0.26408 
4685 0.258927 
4686 0.2601 
4687 0.26394 
4688 0.269265 
4689 0.270708 
4690 0.274461 
4691 0.276701 
4692 0.277591 
4693 0.277738 
4694 0.274475 
4695 0.274666 
4696 0.273417 
4697 0.274007 
4698 0.275283 
4699 0.276611 
4700 0.276927 
4701 0.276236 
4702 0.276285 
4703 0.277605 
4704 0.276891 
4705 0.278637 
4706 0.279567 
4707 0.280117 
4708 0.282804 
4709 0.286584 
4710 0.287994 
4711 0.29765 
4712 0.307119 
4713 0.308434 
4714 0.32364 
4715 0.329988 
4716 0.333151 
4717 0.340619 
4718 0.353009 
4719 0.354507 
4720 0.364438 
4721 0.366265 
4722 0.367609 
4723 0.368209 
4724 0.372869 
4725 0.375875 
4726 0.377119 
4727 0.38018 
4728 0.381507 
4729 0.380734 
4730 0.371666 
4731 0.368239 
4732 0.365194 
4733 0.363683 
4734 0.362422 
4735 0.360991 
4736 0.357527 
4737 0.355296 
4738 0.352222 
4739 0.347373 
4740 0.346042 
4741 0.341148 
4742 0.338916 
4743 0.338974 
4744 0.337393 
4745 0.332849 
4746 0.324306 
4747 0.318484 
4748 0.311066 
4749 0.308742 
4750 0.296733 
4751 0.289976 
4752 0.288958 
4753 0.281031 
4754 0.272424 
4755 0.273019 
4756 0.267393 
4757 0.26076 
4758 0.257997 
4759 0.247506 
4760 0.239329 
4761 0.234524 
4762 0.227078 
4763 0.218079 
4764 0.213905 
4765 0.207862 
4766 0.199978 
4767 0.197123 
4768 0.189686 
4769 0.179847 
4770 0.177673 
4771 0.174518 
4772 0.16762 
4773 0.165275 
4774 0.158178 
4775 0.149148 
4776 0.144184 
4777 0.133905 
4778 0.12156 
4779 0.117259 
4780 0.109521 
4781 0.100431 
4782 0.0974156 
4783 0.0917361 
4784 0.0848872 
4785 0.0796735 
4786 0.0658097 
4787 0.053981 
4788 0.0528535 
4789 0.0530787 
4790 0.0528091 
4791 0.0514554 
4792 0.0498442 
4793 0.0463628 
4794 0.0449339 
4795 0.0446354 
4796 0.0424209 
4797 0.0413141 
4798 0.0392472 
4799 0.0367867 
4800 0.0357041 
4801 0.0332981 
4802 0.0327976 
4803 0.0326037 
4804 0.0323008 
4805 0.0322835 
4806 0.0323577 
4807 0.0322796 
4808 0.032459 
4809 0.0324638 
4810 0.0326018 
4811 0.0326702 
4812 0.0327614 
4813 0.0327262 
4814 0.0327715 
4815 0.0329225 
4816 0.0330594 
4817 0.0330445 
4818 0.0330324 
4819 0.0328371 
4820 0.0328718 
4821 0.0329495 
4822 0.032922 
4823 0.033166 
4824 0.0333025 
4825 0.0336164 
4826 0.0337606 
4827 0.0337731 
4828 0.0338363 
4829 0.0335735 
4830 0.0335248 
4831 0.0334848 
4832 0.0334669 
4833 0.0333719 
4834 0.0358329 
4835 0.0358136 
4836 0.0354384 
4837 0.035585 
4838 0.0355792 
4839 0.0355898 
4840 0.0355633 
4841 0.0355025 
4842 0.0353718 
4843 0.0353072 
4844 0.0349489 
4845 0.0349064 
4846 0.034578 
4847 0.0344869 
4848 0.0343046 
4849 0.0343138 
4850 0.0341324 
4851 0.0338638 
4852 0.0337486 
4853 0.0337259 
4854 0.0333738 
4855 0.0334799 
4856 0.0333237 
4857 0.0330975 
4858 0.0327947 
4859 0.0327088 
4860 0.0322772 
4861 0.032297 
4862 0.0323433 
4863 0.0324349 
4864 0.0323283 
4865 0.0322815 
4866 0.0318924 
4867 0.0318837 
4868 0.0318205 
4869 0.0318591 
4870 0.0319276 
4871 0.0318736 
4872 0.0318494 
4873 0.0316459 
4874 0.0315403 
4875 0.0315075 
4876 0.031387 
4877 0.0314265 
4878 0.0313296 
4879 0.0311883 
4880 0.0311415 
4881 0.030965 
4882 0.0309322 
4883 0.030951 
4884 0.0304798 
4885 0.030624 
4886 0.0304562 
4887 0.0306033 
4888 0.0305372 
4889 0.0304461 
4890 0.0303135 
4891 0.0303564 
4892 0.0304133 
4893 0.0305879 
4894 0.0306703 
4895 0.0305739 
4896 0.0307586 
4897 0.0311743 
4898 0.0314598 
4899 0.0323717 
4900 0.0335026 
4901 0.0341652 
4902 0.0353916 
4903 0.0360774 
4904 0.0363436 
4905 0.0364251 
4906 0.035841 
4907 0.0355459 
4908 0.0350453 
4909 0.0342699 
4910 0.0338812 
4911 0.03333 
4912 0.0329596 
4913 0.0328077 
4914 0.0322343 
4915 0.0318403 
4916 0.0330493 
4917 0.0391826 
4918 0.0462307 
4919 0.0489072 
4920 0.0532094 
4921 0.055285 
4922 0.0565736 
4923 0.0586516 
4924 0.060788 
4925 0.0619661 
4926 0.067555 
4927 0.0762606 
4928 0.0811728 
4929 0.0888744 
4930 0.0970973 
4931 0.100707 
4932 0.104308 
4933 0.107604 
4934 0.109286 
4935 0.111258 
4936 0.113641 
4937 0.114569 
4938 0.116848 
4939 0.11869 
4940 0.120046 
4941 0.122397 
4942 0.123512 
4943 0.125211 
4944 0.128624 
4945 0.131381 
4946 0.132381 
4947 0.133371 
4948 0.133914 
4949 0.131797 
4950 0.12818 
4951 0.122743 
4952 0.120737 
4953 0.117948 
4954 0.113638 
4955 0.111135 
4956 0.106924 
4957 0.102416 
4958 0.101245 
4959 0.0992448 
4960 0.100877 
4961 0.101358 
4962 0.0989665 
4963 0.0967496 
4964 0.0934298 
4965 0.0850217 
4966 0.0858478 
4967 0.0890495 
4968 0.0934317 
4969 0.0960349 
4970 0.0968658 
4971 0.0986318 
4972 0.101293 
4973 0.103937 
4974 0.106964 
4975 0.109738 
4976 0.11038 
4977 0.111616 
4978 0.110101 
4979 0.109448 
4980 0.106871 
4981 0.104795 
4982 0.104362 
4983 0.102623 
4984 0.100294 
4985 0.101441 
4986 0.103672 
4987 0.104888 
4988 0.106109 
4989 0.106902 
4990 0.108145 
4991 0.108463 
4992 0.109824 
4993 0.111844 
4994 0.112113 
4995 0.113254 
4996 0.115723 
4997 0.116271 
4998 0.117623 
4999 0.116356 
5000 0.115108 
5001 0.111144 
5002 0.108329 
5003 0.108503 
5004 0.109293 
5005 0.10837 
5006 0.10636 
5007 0.104988 
5008 0.101303 
5009 0.0991671 
5010 0.0932914 
5011 0.089062 
5012 0.0853501 
5013 0.077324 
5014 0.0705107 
5015 0.0667019 
5016 0.0560629 
5017 0.0456752 
5018 0.0453313 
5019 0.0495669 
5020 0.0547145 
5021 0.0555531 
5022 0.0548003 
5023 0.0551461 
5024 0.0555464 
5025 0.054401 
5026 0.0532287 
5027 0.0530329 
5028 0.0496783 
5029 0.0469252 
5030 0.0456819 
5031 0.0434852 
5032 0.0419329 
5033 0.0420057 
5034 0.0425116 
5035 0.0429953 
5036 0.0432509 
5037 0.0436077 
5038 0.0441927 
5039 0.044485 
5040 0.0450251 
5041 0.0452445 
5042 0.045571 
5043 0.0460065 
5044 0.0480445 
5045 0.0495144 
5046 0.0536767 
5047 0.0588252 
5048 0.0618485 
5049 0.0683078 
5050 0.0741459 
5051 0.0775511 
5052 0.0838918 
5053 0.0887336 
5054 0.0912481 
5055 0.096278 
5056 0.103481 
5057 0.107336 
5058 0.113585 
5059 0.125012 
5060 0.129314 
5061 0.136861 
5062 0.143494 
5063 0.148029 
5064 0.156972 
5065 0.165726 
5066 0.170289 
5067 0.17839 
5068 0.182486 
5069 0.186154 
5070 0.195962 
5071 0.203126 
5072 0.207067 
5073 0.212485 
5074 0.217824 
5075 0.220243 
5076 0.227524 
5077 0.232013 
5078 0.232109 
5079 0.231417 
5080 0.229572 
5081 0.228 
5082 0.225444 
5083 0.221919 
5084 0.219247 
5085 0.216437 
5086 0.209721 
5087 0.207675 
5088 0.201499 
5089 0.189297 
5090 0.18725 
5091 0.182171 
5092 0.173552 
5093 0.170379 
5094 0.16701 
5095 0.164059 
5096 0.16215 
5097 0.161432 
5098 0.161127 
5099 0.161405 
5100 0.158458 
5101 0.151464 
5102 0.149329 
5103 0.145194 
5104 0.139132 
5105 0.137459 
5106 0.129832 
5107 0.122352 
5108 0.117032 
5109 0.106752 
5110 0.102493 
5111 0.0995568 
5112 0.0931626 
5113 0.0905633 
5114 0.0904422 
5115 0.0875328 
5116 0.0863016 
5117 0.0841667 
5118 0.0772642 
5119 0.0729191 
5120 0.0720269 
5121 0.0649002 
5122 0.0582417 
5123 0.0561454 
5124 0.0508685 
5125 0.0465104 
5126 0.0443258 
5127 0.0402715 
5128 0.0364453 
5129 0.0348954 
5130 0.0327976 
5131 0.0323929 
5132 0.0321499 
5133 0.0320978 
5134 0.0323727 
5135 0.0324388 
5136 0.0323761 
5137 0.0324711 
5138 0.0324778 
5139 0.0325077 
5140 0.0325241 
5141 0.0325019 
5142 0.0324875 
5143 0.0324267 
5144 0.0324204 
5145 0.0324122 
5146 0.0324209 
5147 0.0324011 
5148 0.032379 
5149 0.0323732 
5150 0.0323683 
5151 0.0323389 
5152 0.0323259 
5153 0.0322999 
5154 0.032322 
5155 0.032309 
5156 0.032282 
5157 0.032243 
5158 0.0322468 
5159 0.032174 
5160 0.0322049 
5161 0.0322174 
5162 0.0322164 
5163 0.0322213 
5164 0.0322111 
5165 0.0321793 
5166 0.0321899 
5167 0.032201 
5168 0.0322295 
5169 0.0322565 
5170 0.0322521 
5171 0.032243 
5172 0.0322309 
5173 0.0322401 
5174 0.0322338 
5175 0.0322357 
5176 0.0322367 
5177 0.0322328 
5178 0.0322304 
5179 0.0322314 
5180 0.0322483 
5181 0.0322487 
5182 0.0322468 
5183 0.0322574 
5184 0.0324156 
5185 0.0324069 
5186 0.0324108 
5187 0.0324026 
5188 0.0324084 
5189 0.0324156 
5190 0.0324035 
5191 0.0324185 
5192 0.0324093 
5193 0.0324021 
5194 0.0323982 
5195 0.0322738 
5196 0.0322598 
5197 0.0322618 
5198 0.03227 
5199 0.0322651 
5200 0.0322791 
5201 0.0322801 
5202 0.0322815 
5203 0.0322854 
5204 0.0322719 
5205 0.0322748 
5206 0.0322796 
5207 0.0322811 
5208 0.0322555 
5209 0.0322868 
5210 0.0322864 
5211 0.0322796 
5212 0.0322912 
5213 0.0322941 
5214 0.0322835 
5215 0.0322917 
5216 0.0322912 
5217 0.0322926 
5218 0.0322907 
5219 0.0322907 
5220 0.0323587 
5221 0.032378 
5222 0.0323717 
5223 0.0323206 
5224 0.0322989 
5225 0.0322941 
5226 0.0322873 
5227 0.0322907 
5228 0.0322941 
5229 0.0322897 
5230 0.0322883 
5231 0.0322782 
5232 0.032284 
5233 0.0322854 
5234 0.0322854 
5235 0.0322777 
5236 0.0322854 
5237 0.0322888 
5238 0.0323028 
5239 0.0323032 
5240 0.0323032 
5241 0.0323032 
5242 0.0323042 
5243 0.0323023 
5244 0.0322984 
5245 0.0321716 
5246 0.0321692 
5247 0.032175 
5248 0.0322087 
5249 0.0322352 
5250 0.0322574 
5251 0.0322917 
5252 0.0322917 
5253 0.0322893 
5254 0.0322907 
5255 0.032284 
5256 0.0322835 
5257 0.0356713 
5258 0.0416324 
5259 0.0446701 
5260 0.0514029 
5261 0.0566782 
5262 0.0595452 
5263 0.0640639 
5264 0.0673437 
5265 0.0679953 
5266 0.0699277 
5267 0.0718875 
5268 0.0726731 
5269 0.0749098 
5270 0.0757798 
5271 0.0765278 
5272 0.0778868 
5273 0.0788098 
5274 0.0790577 
5275 0.080706 
5276 0.0818658 
5277 0.0825135 
5278 0.083478 
5279 0.0846668 
5280 0.0851297 
5281 0.0860219 
5282 0.0868065 
5283 0.0871537 
5284 0.0879977 
5285 0.089131 
5286 0.0900632 
5287 0.091808 
5288 0.0961034 
5289 0.0997116 
5290 0.107316 
5291 0.115148 
5292 0.11921 
5293 0.126822 
5294 0.132171 
5295 0.134829 
5296 0.140075 
5297 0.146409 
5298 0.148173 
5299 0.152764 
5300 0.15648 
5301 0.15858 
5302 0.162257 
5303 0.166747 
5304 0.168318 
5305 0.170982 
5306 0.173601 
5307 0.175419 
5308 0.178737 
5309 0.180732 
5310 0.180939 
5311 0.182454 
5312 0.183313 
5313 0.183304 
5314 0.182837 
5315 0.182061 
5316 0.181141 
5317 0.179999 
5318 0.179765 
5319 0.178251 
5320 0.177115 
5321 0.175841 
5322 0.175612 
5323 0.174431 
5324 0.172587 
5325 0.171942 
5326 0.171346 
5327 0.171741 
5328 0.172563 
5329 0.175441 
5330 0.179149 
5331 0.180785 
5332 0.180653 
5333 0.183096 
5334 0.183754 
5335 0.186813 
5336 0.188205 
5337 0.188452 
5338 0.190481 
5339 0.192045 
5340 0.192158 
5341 0.193482 
5342 0.195085 
5343 0.195516 
5344 0.197177 
5345 0.198728 
5346 0.199582 
5347 0.200436 
5348 0.200949 
5349 0.20146 
5350 0.203373 
5351 0.206542 
5352 0.208849 
5353 0.214982 
5354 0.221102 
5355 0.223667 
5356 0.229291 
5357 0.234698 
5358 0.236603 
5359 0.241232 
5360 0.24538 
5361 0.247096 
5362 0.24989 
5363 0.247399 
5364 0.248302 
5365 0.248879 
5366 0.250483 
5367 0.251357 
5368 0.248626 
5369 0.250049 
5370 0.248946 
5371 0.250005 
5372 0.250723 
5373 0.25177 
5374 0.252845 
5375 0.254948 
5376 0.255596 
5377 0.256917 
5378 0.258279 
5379 0.258198 
5380 0.259671 
5381 0.260229 
5382 0.26144 
5383 0.262683 
5384 0.26447 
5385 0.266399 
5386 0.27193 
5387 0.277776 
5388 0.280172 
5389 0.285049 
5390 0.289264 
5391 0.289696 
5392 0.292553 
5393 0.295645 
5394 0.295636 
5395 0.297877 
5396 0.298836 
5397 0.298974 
5398 0.299142 
5399 0.29835 
5400 0.297824 
5401 0.296633 
5402 0.296011 
5403 0.295864 
5404 0.294401 
5405 0.295085 
5406 0.295092 
5407 0.29715 
5408 0.298525 
5409 0.300127 
5410 0.301383 
5411 0.302979 
5412 0.303427 
5413 0.304522 
5414 0.305781 
5415 0.306635 
5416 0.309881 
5417 0.315246 
5418 0.318207 
5419 0.32368 
5420 0.330801 
5421 0.332353 
5422 0.334976 
5423 0.33818 
5424 0.339134 
5425 0.3424 
5426 0.34435 
5427 0.345744 
5428 0.348002 
5429 0.351478 
5430 0.352827 
5431 0.356604 
5432 0.358813 
5433 0.359129 
5434 0.362123 
5435 0.366218 
5436 0.367373 
5437 0.370837 
5438 0.375397 
5439 0.377934 
5440 0.382667 
5441 0.386783 
5442 0.388091 
5443 0.392358 
5444 0.396297 
5445 0.394512 
5446 0.397129 
5447 0.400538 
5448 0.401726 
5449 0.404959 
5450 0.407068 
5451 0.407233 
5452 0.406696 
5453 0.405828 
5454 0.405456 
5455 0.403765 
5456 0.403384 
5457 0.403315 
5458 0.402604 
5459 0.401932 
5460 0.401236 
5461 0.400242 
5462 0.398668 
5463 0.398357 
5464 0.395882 
5465 0.394761 
5466 0.393458 
5467 0.39269 
5468 0.391656 
5469 0.391575 
5470 0.393415 
5471 0.391979 
5472 0.391497 
5473 0.390421 
5474 0.390093 
5475 0.390174 
5476 0.390686 
5477 0.393191 
5478 0.395142 
5479 0.398746 
5480 0.403542 
5481 0.406204 
5482 0.410896 
5483 0.415579 
5484 0.417801 
5485 0.422656 
5486 0.427893 
5487 0.430081 
5488 0.434984 
5489 0.440097 
5490 0.443422 
5491 0.447816 
5492 0.451346 
5493 0.454411 
5494 0.458185 
5495 0.468753 
5496 0.469592 
5497 0.471173 
5498 0.472663 
5499 0.476143 
5500 0.47904 
5501 0.483002 
5502 0.487386 
5503 0.490967 
5504 0.494586 
5505 0.495633 
5506 0.499212 
5507 0.502846 
5508 0.504198 
5509 0.505664 
5510 0.507659 
5511 0.508525 
5512 0.510012 
5513 0.511223 
5514 0.511297 
5515 0.512027 
5516 0.512433 
5517 0.512258 
5518 0.512283 
5519 0.514886 
5520 0.519627 
5521 0.522741 
5522 0.525632 
5523 0.526319 
5524 0.529163 
5525 0.531667 
5526 0.533363 
5527 0.536729 
5528 0.550074 
5529 0.55291 
5530 0.559685 
5531 0.565254 
5532 0.568531 
5533 0.574322 
5534 0.578294 
5535 0.582225 
5536 0.58549 
5537 0.588861 
5538 0.590823 
5539 0.593772 
5540 0.595748 
5541 0.597648 
5542 0.598623 
5543 0.600605 
5544 0.602269 
5545 0.606935 
5546 0.608124 
5547 0.608615 
5548 0.610015 
5549 0.61211 
5550 0.613731 
5551 0.61499 
5552 0.617828 
5553 0.618891 
5554 0.620723 
5555 0.623739 
5556 0.62473 
5557 0.628606 
5558 0.631203 
5559 0.633454 
5560 0.635852 
5561 0.640019 
5562 0.64128 
5563 0.644132 
5564 0.646842 
5565 0.647089 
5566 0.646844 
5567 0.648129 
5568 0.647883 
5569 0.650015 
5570 0.646802 
5571 0.647691 
5572 0.648791 
5573 0.649363 
5574 0.649592 
5575 0.650888 
5576 0.651994 
5577 0.65188 
5578 0.651999 
5579 0.65235 
5580 0.653242 
5581 0.654231 
5582 0.65403 
5583 0.65429 
5584 0.65533 
5585 0.656275 
5586 0.655867 
5587 0.65894 
5588 0.66013 
5589 0.661064 
5590 0.66251 
5591 0.663829 
5592 0.664144 
5593 0.665098 
5594 0.666241 
5595 0.671767 
5596 0.672171 
5597 0.671504 
5598 0.671043 
5599 0.670753 
5600 0.669241 
5601 0.668917 
5602 0.669242 
5603 0.669254 
5604 0.669222 
5605 0.670123 
5606 0.67148 
5607 0.671728 
5608 0.671834 
5609 0.671756 
5610 0.671564 
5611 0.670734 
5612 0.671047 
5613 0.670784 
5614 0.670782 
5615 0.670984 
5616 0.67029 
5617 0.670591 
5618 0.670163 
5619 0.669763 
5620 0.675508 
5621 0.674642 
5622 0.675353 
5623 0.674777 
5624 0.674349 
5625 0.674398 
5626 0.673916 
5627 0.67342 
5628 0.672831 
5629 0.672712 
5630 0.671864 
5631 0.670971 
5632 0.669065 
5633 0.66793 
5634 0.667806 
5635 0.667205 
5636 0.667371 
5637 0.667407 
5638 0.667232 
5639 0.66772 
5640 0.668868 
5641 0.669901 
5642 0.67182 
5643 0.67699 
5644 0.678406 
5645 0.712253 
5646 0.711451 
5647 0.711816 
5648 0.713133 
5649 0.713714 
5650 0.713963 
5651 0.713428 
5652 0.712692 
5653 0.712708 
5654 0.712277 
5655 0.713193 
5656 0.712882 
5657 0.712076 
5658 0.711821 
5659 0.712059 
5660 0.712471 
5661 0.713358 
5662 0.71445 
5663 0.715118 
5664 0.714837 
5665 0.715072 
5666 0.71498 
5667 0.716008 
5668 0.716551 
5669 0.716617 
5670 0.723554 
5671 0.722508 
5672 0.723471 
5673 0.723904 
5674 0.724375 
5675 0.724132 
5676 0.723546 
5677 0.724379 
5678 0.724465 
5679 0.724086 
5680 0.725161 
5681 0.725195 
5682 0.724986 
5683 0.724082 
5684 0.722993 
5685 0.721935 
5686 0.722242 
5687 0.721883 
5688 0.72183 
5689 0.721496 
5690 0.721609 
5691 0.721823 
5692 0.721924 
5693 0.722418 
5694 0.722035 
5695 0.722196 
5696 0.724091 
5697 0.723816 
5698 0.723607 
5699 0.724421 
5700 0.723873 
5701 0.728837 
5702 0.732346 
5703 0.732407 
5704 0.734626 
5705 0.738787 
5706 0.739059 
5707 0.739548 
5708 0.740231 
5709 0.740235 
5710 0.742215 
5711 0.748883 
5712 0.747101 
5713 0.747411 
5714 0.748551 
5715 0.749352 
5716 0.749814 
5717 0.749521 
5718 0.749916 
5719 0.749948 
5720 0.752485 
5721 0.751787 
5722 0.752156 
5723 0.75197 
5724 0.751812 
5725 0.75204 
5726 0.752146 
5727 0.752242 
5728 0.752354 
5729 0.752186 
5730 0.752089 
5731 0.752091 
5732 0.752027 
5733 0.75196 
5734 0.75217 
5735 0.751685 
5736 0.751895 
5737 0.752323 
Time taken by function: 421867490 microseconds
