Frame Number Queue Density
1 0.079766 
11 0.110698 
21 0.121695 
31 0.13429 
41 0.140261 
51 0.145439 
61 0.158041 
71 0.148059 
81 0.16306 
91 0.196022 
101 0.203251 
111 0.210377 
121 0.222518 
131 0.230091 
141 0.240165 
151 0.239103 
161 0.229936 
171 0.223463 
181 0.221773 
191 0.219961 
201 0.221061 
211 0.222301 
221 0.222083 
231 0.221681 
241 0.220094 
251 0.219057 
261 0.219352 
271 0.218175 
281 0.227378 
291 0.232541 
301 0.221116 
311 0.220854 
321 0.220245 
331 0.221138 
341 0.223087 
351 0.224725 
361 0.225194 
371 0.224496 
381 0.223935 
391 0.232774 
401 0.239472 
411 0.261621 
421 0.2928 
431 0.328271 
441 0.347347 
451 0.361403 
461 0.37043 
471 0.375175 
481 0.374234 
491 0.374548 
501 0.381375 
511 0.414525 
521 0.440247 
531 0.452901 
541 0.460517 
551 0.456155 
561 0.452517 
571 0.453801 
581 0.467636 
591 0.48184 
601 0.513038 
611 0.548288 
621 0.567274 
631 0.576559 
641 0.578356 
651 0.581002 
661 0.581563 
671 0.58101 
681 0.586305 
691 0.588811 
701 0.591763 
711 0.593059 
721 0.597701 
731 0.598358 
741 0.598339 
751 0.603978 
761 0.606023 
771 0.612126 
781 0.611728 
791 0.61957 
801 0.614968 
811 0.613942 
821 0.642132 
831 0.66513 
841 0.670271 
851 0.682124 
861 0.679065 
871 0.677057 
881 0.676821 
891 0.678515 
901 0.677559 
911 0.680043 
921 0.678323 
931 0.675471 
941 0.674707 
951 0.673873 
961 0.679888 
971 0.679541 
981 0.668311 
991 0.668636 
1001 0.670171 
1011 0.666806 
1021 0.668614 
1031 0.668341 
1041 0.669348 
1051 0.670116 
1061 0.6634 
1071 0.66285 
1081 0.664462 
1091 0.668149 
1101 0.66799 
1111 0.669134 
1121 0.668167 
1131 0.6724 
1141 0.675806 
1151 0.673865 
1161 0.665525 
1171 0.662931 
1181 0.662768 
1191 0.672858 
1201 0.672847 
1211 0.673197 
1221 0.669832 
1231 0.671817 
1241 0.665315 
1251 0.667057 
1261 0.664499 
1271 0.668245 
1281 0.667189 
1291 0.666739 
1301 0.668942 
1311 0.661864 
1321 0.657488 
1331 0.655624 
1341 0.661274 
1351 0.663156 
1361 0.666643 
1371 0.671131 
1381 0.674238 
1391 0.675578 
1401 0.677995 
1411 0.682847 
1421 0.687748 
1431 0.694553 
1441 0.707307 
1451 0.721688 
1461 0.744535 
1471 0.761628 
1481 0.768776 
1491 0.779633 
1501 0.796498 
1511 0.800934 
1521 0.769754 
1531 0.7266 
1541 0.706687 
1551 0.688645 
1561 0.665034 
1571 0.672374 
1581 0.693169 
1591 0.679312 
1601 0.683191 
1611 0.683456 
1621 0.647616 
1631 0.650144 
1641 0.644265 
1651 0.628511 
1661 0.637125 
1671 0.667868 
1681 0.656063 
1691 0.63604 
1701 0.668618 
1711 0.637224 
1721 0.613949 
1731 0.553048 
1741 0.457716 
1751 0.397919 
1761 0.361964 
1771 0.361495 
1781 0.36599 
1791 0.339715 
1801 0.308285 
1811 0.304713 
1821 0.288626 
1831 0.259388 
1841 0.241221 
1851 0.194376 
1861 0.162647 
1871 0.173592 
1881 0.231674 
1891 0.278855 
1901 0.295483 
1911 0.3378 
1921 0.313381 
1931 0.269149 
1941 0.25076 
1951 0.190992 
1961 0.102827 
1971 0.0540224 
1981 0.0371319 
1991 0.0365599 
2001 0.0465496 
2011 0.162503 
2021 0.249915 
2031 0.314481 
2041 0.270835 
2051 0.210355 
2061 0.127947 
2071 0.0791534 
2081 0.0526386 
2091 0.0412466 
2101 0.0582036 
2111 0.123983 
2121 0.21954 
2131 0.311886 
2141 0.325699 
2151 0.304391 
2161 0.296195 
2171 0.283054 
2181 0.190461 
2191 0.110569 
2201 0.0570522 
2211 0.029135 
2221 0.0340837 
2231 0.0376412 
2241 0.0393608 
2251 0.0392981 
2261 0.0435973 
2271 0.0766662 
2281 0.104281 
2291 0.113174 
2301 0.124777 
2311 0.120725 
2321 0.085582 
2331 0.0743782 
2341 0.0552771 
2351 0.0466713 
2361 0.0411506 
2371 0.044125 
2381 0.0431434 
2391 0.0818658 
2401 0.091051 
2411 0.10169 
2421 0.0662816 
2431 0.0337589 
2441 0.0637206 
2451 0.0773194 
2461 0.0846114 
2471 0.0552476 
2481 0.0355598 
2491 0.0404716 
2501 0.0429552 
2511 0.0564359 
2521 0.0778618 
2531 0.0924422 
2541 0.103019 
2551 0.101587 
2561 0.0477305 
2571 0.0293343 
2581 0.0272935 
2591 0.0277327 
2601 0.0280611 
2611 0.0280242 
2621 0.0278729 
2631 0.0543324 
2641 0.0921544 
2651 0.153764 
2661 0.184353 
2671 0.171013 
2681 0.168212 
2691 0.134597 
2701 0.0784707 
2711 0.0666544 
2721 0.0687947 
2731 0.0931655 
2741 0.106938 
2751 0.117245 
2761 0.123526 
2771 0.13032 
2781 0.136947 
2791 0.141852 
2801 0.143029 
2811 0.144856 
2821 0.148173 
2831 0.148535 
2841 0.148653 
2851 0.154034 
2861 0.147516 
2871 0.151166 
2881 0.153724 
2891 0.159835 
2901 0.159078 
2911 0.159665 
2921 0.158787 
2931 0.162163 
2941 0.169005 
2951 0.203288 
2961 0.24542 
2971 0.288955 
2981 0.327412 
2991 0.376415 
3001 0.434235 
3011 0.495003 
3021 0.567153 
3031 0.595527 
3041 0.59121 
3051 0.585575 
3061 0.591748 
3071 0.608931 
3081 0.609968 
3091 0.638678 
3101 0.627271 
3111 0.619562 
3121 0.612455 
3131 0.621485 
3141 0.633224 
3151 0.630091 
3161 0.628323 
3171 0.625633 
3181 0.628087 
3191 0.635826 
3201 0.635058 
3211 0.634822 
3221 0.633929 
3231 0.632264 
3241 0.631508 
3251 0.631231 
3261 0.630855 
3271 0.632423 
3281 0.636471 
3291 0.64345 
3301 0.6418 
3311 0.644059 
3321 0.636855 
3331 0.635183 
3341 0.629113 
3351 0.626327 
3361 0.633412 
3371 0.626976 
3381 0.628017 
3391 0.626537 
3401 0.628438 
3411 0.630552 
3421 0.627563 
3431 0.627227 
3441 0.64373 
3451 0.646745 
3461 0.651797 
3471 0.649421 
3481 0.650343 
3491 0.649192 
3501 0.64983 
3511 0.651642 
3521 0.651605 
3531 0.65165 
3541 0.6489 
3551 0.649565 
3561 0.647867 
3571 0.651321 
3581 0.650897 
3591 0.651343 
3601 0.648339 
3611 0.648494 
3621 0.658008 
3631 0.661388 
3641 0.670736 
3651 0.666986 
3661 0.668153 
3671 0.661447 
3681 0.661314 
3691 0.661484 
3701 0.655421 
3711 0.654008 
3721 0.647443 
3731 0.64559 
3741 0.64638 
3751 0.646583 
3761 0.641778 
3771 0.637331 
3781 0.641269 
3791 0.641306 
3801 0.639021 
3811 0.642826 
3821 0.709783 
3831 0.719112 
3841 0.725699 
3851 0.735519 
3861 0.73143 
3871 0.732172 
3881 0.732873 
3891 0.728655 
3901 0.729375 
3911 0.728024 
3921 0.712536 
3931 0.712695 
3941 0.719426 
3951 0.732619 
3961 0.72957 
3971 0.738287 
3981 0.736623 
3991 0.73432 
4001 0.731611 
4011 0.731246 
4021 0.733907 
4031 0.735335 
4041 0.729718 
4051 0.715425 
4061 0.715533 
4071 0.746273 
4081 0.749402 
4091 0.749793 
4101 0.732382 
4111 0.730681 
4121 0.735814 
4131 0.743682 
4141 0.738206 
4151 0.740534 
4161 0.736512 
4171 0.743114 
4181 0.7593 
4191 0.777722 
4201 0.787464 
4211 0.795302 
4221 0.809606 
4231 0.822629 
4241 0.821836 
4251 0.77202 
4261 0.678401 
4271 0.694055 
4281 0.708056 
4291 0.709252 
4301 0.662994 
4311 0.654941 
4321 0.628449 
4331 0.585645 
4341 0.594771 
4351 0.594317 
4361 0.572991 
4371 0.563828 
4381 0.555871 
4391 0.547173 
4401 0.492649 
4411 0.451218 
4421 0.483958 
4431 0.463883 
4441 0.443143 
4451 0.467466 
4461 0.4592 
4471 0.478515 
4481 0.456089 
4491 0.420551 
4501 0.462208 
4511 0.558495 
4521 0.629419 
4531 0.708115 
4541 0.699 
4551 0.649136 
4561 0.545727 
4571 0.496885 
4581 0.459831 
4591 0.451805 
4601 0.460388 
4611 0.444335 
4621 0.404775 
4631 0.348516 
4641 0.382881 
4651 0.417071 
4661 0.408525 
4671 0.370478 
4681 0.264761 
4691 0.278083 
4701 0.278331 
4711 0.30083 
4721 0.370359 
4731 0.37209 
4741 0.344162 
4751 0.292933 
4761 0.236386 
4771 0.176127 
4781 0.101026 
4791 0.0515758 
4801 0.0334416 
4811 0.0328253 
4821 0.0331906 
4831 0.0336962 
4841 0.0357185 
4851 0.0341981 
4861 0.0326519 
4871 0.0322533 
4881 0.0314562 
4891 0.0307919 
4901 0.0345192 
4911 0.0336704 
4921 0.0559377 
4931 0.101602 
4941 0.123552 
4951 0.124175 
4961 0.102155 
4971 0.0992546 
4981 0.10658 
4991 0.10989 
5001 0.112045 
5011 0.0898295 
5021 0.056137 
5031 0.043815 
5041 0.04552 
5051 0.0784154 
5061 0.137578 
5071 0.203181 
5081 0.228043 
5091 0.183279 
5101 0.152757 
5111 0.0998635 
5121 0.0650491 
5131 0.0326482 
5141 0.0327146 
5151 0.0324784 
5161 0.0323898 
5171 0.0324194 
5181 0.0323898 
5191 0.0325707 
5201 0.0324784 
5211 0.0324378 
5221 0.0326297 
5231 0.0324267 
5241 0.0324415 
5251 0.0324231 
5261 0.0567311 
5271 0.0775149 
5281 0.0869917 
5291 0.116097 
5301 0.15944 
5311 0.183848 
5321 0.176936 
5331 0.182382 
5341 0.195136 
5351 0.208742 
5361 0.25003 
5371 0.252292 
5381 0.262757 
5391 0.291959 
5401 0.298922 
5411 0.305185 
5421 0.334696 
5431 0.359462 
5441 0.390224 
5451 0.410695 
5461 0.40451 
5471 0.39583 
5481 0.410433 
5491 0.452963 
5501 0.488021 
5511 0.513112 
5521 0.526703 
5531 0.57009 
5541 0.602875 
5551 0.619632 
5561 0.644852 
5571 0.653137 
5581 0.660038 
5591 0.669119 
5601 0.673315 
5611 0.675179 
5621 0.678832 
5631 0.675651 
5641 0.674271 
5651 0.716569 
5661 0.716385 
5671 0.725943 
5681 0.728353 
5691 0.725338 
5701 0.732611 
5711 0.75207 
5721 0.755569 
5731 0.756148 
Time taken by function: 49714748 microseconds
