Frame Number Queue Density
1 0.079766 
51 0.145439 
101 0.203251 
151 0.239103 
201 0.221061 
251 0.219057 
301 0.221116 
351 0.224725 
401 0.239472 
451 0.361403 
501 0.381375 
551 0.456155 
601 0.513038 
651 0.581002 
701 0.591763 
751 0.603978 
801 0.614968 
851 0.682124 
901 0.677559 
951 0.673873 
1001 0.670171 
1051 0.670116 
1101 0.66799 
1151 0.673865 
1201 0.672847 
1251 0.667057 
1301 0.668942 
1351 0.663156 
1401 0.677995 
1451 0.721688 
1501 0.796498 
1551 0.688645 
1601 0.683191 
1651 0.628511 
1701 0.668618 
1751 0.397919 
1801 0.308285 
1851 0.194376 
1901 0.295483 
1951 0.190992 
2001 0.0465496 
2051 0.210355 
2101 0.0582036 
2151 0.304391 
2201 0.0570522 
2251 0.0392981 
2301 0.124777 
2351 0.0466713 
2401 0.091051 
2451 0.0773194 
2501 0.0429552 
2551 0.101587 
2601 0.0280611 
2651 0.153764 
2701 0.0784707 
2751 0.117245 
2801 0.143029 
2851 0.154034 
2901 0.159078 
2951 0.203288 
3001 0.434235 
3051 0.585575 
3101 0.627271 
3151 0.630091 
3201 0.635058 
3251 0.631231 
3301 0.6418 
3351 0.626327 
3401 0.628438 
3451 0.646745 
3501 0.64983 
3551 0.649565 
3601 0.648339 
3651 0.666986 
3701 0.655421 
3751 0.646583 
3801 0.639021 
3851 0.735519 
3901 0.729375 
3951 0.732619 
4001 0.731611 
4051 0.715425 
4101 0.732382 
4151 0.740534 
4201 0.787464 
4251 0.77202 
4301 0.662994 
4351 0.594317 
4401 0.492649 
4451 0.467466 
4501 0.462208 
4551 0.649136 
4601 0.460388 
4651 0.417071 
4701 0.278331 
4751 0.292933 
4801 0.0334416 
4851 0.0341981 
4901 0.0345192 
4951 0.124175 
5001 0.112045 
5051 0.0784154 
5101 0.152757 
5151 0.0324784 
5201 0.0324784 
5251 0.0324231 
5301 0.15944 
5351 0.208742 
5401 0.298922 
5451 0.410695 
5501 0.488021 
5551 0.619632 
5601 0.673315 
5651 0.716569 
5701 0.732611 
Time taken by function: 33547692 microseconds
