Frame Number Queue Density
1 0.079766 
3 0.0793601 
5 0.0954425 
7 0.101646 
9 0.106052 
11 0.110698 
13 0.1132 
15 0.115857 
17 0.118835 
19 0.119913 
21 0.121695 
23 0.124105 
25 0.126522 
27 0.129286 
29 0.133006 
31 0.13429 
33 0.135412 
35 0.136505 
37 0.137578 
39 0.139084 
41 0.140261 
43 0.141335 
45 0.1428 
47 0.143778 
49 0.144096 
51 0.145439 
53 0.149469 
55 0.152554 
57 0.155428 
59 0.158362 
61 0.158041 
63 0.154709 
65 0.151598 
67 0.150672 
69 0.149653 
71 0.148059 
73 0.150959 
75 0.152561 
77 0.155244 
79 0.158809 
81 0.16306 
83 0.16833 
85 0.17464 
87 0.180242 
89 0.189457 
91 0.196022 
93 0.199074 
95 0.198838 
97 0.201602 
99 0.202594 
101 0.203251 
103 0.20355 
105 0.202229 
107 0.202974 
109 0.205624 
111 0.210377 
113 0.21533 
115 0.218437 
117 0.221382 
119 0.222061 
121 0.222518 
123 0.223112 
125 0.224566 
127 0.22557 
129 0.227043 
131 0.230091 
133 0.232471 
135 0.234349 
137 0.236674 
139 0.238708 
141 0.240165 
143 0.240117 
145 0.240542 
147 0.240859 
149 0.23932 
151 0.239103 
153 0.237401 
155 0.235084 
157 0.232501 
159 0.231102 
161 0.229936 
163 0.22898 
165 0.227279 
167 0.226552 
169 0.225762 
171 0.223463 
173 0.222563 
175 0.222555 
177 0.221743 
179 0.22136 
181 0.221773 
183 0.221455 
185 0.220957 
187 0.219957 
189 0.219721 
191 0.219961 
193 0.21957 
195 0.220293 
197 0.220895 
199 0.221031 
201 0.221061 
203 0.221448 
205 0.221928 
207 0.221533 
209 0.221415 
211 0.222301 
213 0.222171 
215 0.221293 
217 0.22057 
219 0.220725 
221 0.222083 
223 0.222079 
225 0.22178 
227 0.222027 
229 0.221618 
231 0.221681 
233 0.222374 
235 0.222865 
237 0.222496 
239 0.220858 
241 0.220094 
243 0.220913 
245 0.218492 
247 0.219348 
249 0.219164 
251 0.219057 
253 0.218636 
255 0.21847 
257 0.218869 
259 0.218964 
261 0.219352 
263 0.219241 
265 0.219422 
267 0.219256 
269 0.21916 
271 0.218175 
273 0.217765 
275 0.219481 
277 0.222016 
279 0.223725 
281 0.227378 
283 0.230678 
285 0.233726 
287 0.234541 
289 0.233696 
291 0.232541 
293 0.230154 
295 0.228017 
297 0.22536 
299 0.222444 
301 0.221116 
303 0.219861 
305 0.219322 
307 0.219603 
309 0.21971 
311 0.220854 
313 0.219466 
315 0.220145 
317 0.220304 
319 0.219717 
321 0.220245 
323 0.220363 
325 0.221035 
327 0.220961 
329 0.221075 
331 0.221138 
333 0.221042 
335 0.22119 
337 0.221157 
339 0.221385 
341 0.223087 
343 0.224227 
345 0.224083 
347 0.225149 
349 0.225304 
351 0.224725 
353 0.224275 
355 0.224297 
357 0.224873 
359 0.224884 
361 0.225194 
363 0.225441 
365 0.225493 
367 0.225592 
369 0.225592 
371 0.224496 
373 0.224714 
375 0.224149 
377 0.22388 
379 0.223614 
381 0.223935 
383 0.225958 
385 0.227607 
387 0.228748 
389 0.231238 
391 0.232774 
393 0.23442 
395 0.236534 
397 0.237512 
399 0.238276 
401 0.239472 
403 0.241143 
405 0.24418 
407 0.251236 
409 0.25648 
411 0.261621 
413 0.270629 
415 0.277544 
417 0.283884 
419 0.290708 
421 0.2928 
423 0.299764 
425 0.310041 
427 0.316374 
429 0.321278 
431 0.328271 
433 0.334062 
435 0.33997 
437 0.345365 
439 0.347077 
441 0.347347 
443 0.348705 
445 0.349893 
447 0.353085 
449 0.358004 
451 0.361403 
453 0.363588 
455 0.366282 
457 0.36757 
459 0.36854 
461 0.37043 
463 0.371821 
465 0.371622 
467 0.372005 
469 0.371847 
471 0.375175 
473 0.37495 
475 0.374603 
477 0.373474 
479 0.373312 
481 0.374234 
483 0.37388 
485 0.374507 
487 0.374895 
489 0.374408 
491 0.374548 
493 0.374319 
495 0.373315 
497 0.373806 
499 0.376297 
501 0.381375 
503 0.389586 
505 0.394616 
507 0.401107 
509 0.410587 
511 0.414525 
513 0.4173 
515 0.42164 
517 0.426028 
519 0.42912 
521 0.440247 
523 0.442634 
525 0.446051 
527 0.449136 
529 0.451469 
531 0.452901 
533 0.454129 
535 0.456222 
537 0.457495 
539 0.459628 
541 0.460517 
543 0.462484 
545 0.460691 
547 0.459717 
549 0.4582 
551 0.456155 
553 0.456214 
555 0.454598 
557 0.454244 
559 0.45303 
561 0.452517 
563 0.451771 
565 0.44966 
567 0.44917 
569 0.449542 
571 0.453801 
573 0.454561 
575 0.457746 
577 0.460226 
579 0.463621 
581 0.467636 
583 0.470297 
585 0.472994 
587 0.47622 
589 0.479253 
591 0.48184 
593 0.48656 
595 0.495022 
597 0.501664 
599 0.508344 
601 0.513038 
603 0.518429 
605 0.523142 
607 0.5326 
609 0.540759 
611 0.548288 
613 0.551974 
615 0.555222 
617 0.559181 
619 0.561573 
621 0.567274 
623 0.568798 
625 0.571123 
627 0.571813 
629 0.574692 
631 0.576559 
633 0.578198 
635 0.579419 
637 0.579364 
639 0.579065 
641 0.578356 
643 0.577275 
645 0.578187 
647 0.578537 
649 0.579829 
651 0.581002 
653 0.581401 
655 0.581929 
657 0.581995 
659 0.581596 
661 0.581563 
663 0.582449 
665 0.583047 
667 0.582696 
669 0.583268 
671 0.58101 
673 0.58229 
675 0.582936 
677 0.583604 
679 0.584678 
681 0.586305 
683 0.587195 
685 0.588084 
687 0.588243 
689 0.588571 
691 0.588811 
693 0.589147 
695 0.590907 
697 0.591697 
699 0.591889 
701 0.591763 
703 0.591915 
705 0.591704 
707 0.591667 
709 0.592306 
711 0.593059 
713 0.594254 
715 0.594147 
717 0.595011 
719 0.595716 
721 0.597701 
723 0.598136 
725 0.597727 
727 0.597712 
729 0.598018 
731 0.598358 
733 0.598221 
735 0.598295 
737 0.598443 
739 0.597841 
741 0.598339 
743 0.597956 
745 0.602214 
747 0.602343 
749 0.603539 
751 0.603978 
753 0.604277 
755 0.604642 
757 0.604786 
759 0.605233 
761 0.606023 
763 0.606609 
765 0.606846 
767 0.60782 
769 0.608145 
771 0.612126 
773 0.61199 
775 0.61275 
777 0.611979 
779 0.611514 
781 0.611728 
783 0.612411 
785 0.613296 
787 0.615473 
789 0.616824 
791 0.61957 
793 0.62057 
795 0.616905 
797 0.617171 
799 0.616736 
801 0.614968 
803 0.613447 
805 0.613104 
807 0.612558 
809 0.612835 
811 0.613942 
813 0.616407 
815 0.621765 
817 0.627998 
819 0.629227 
821 0.642132 
823 0.647483 
825 0.654709 
827 0.659421 
829 0.661071 
831 0.66513 
833 0.666536 
835 0.667226 
837 0.667964 
839 0.669411 
841 0.670271 
843 0.671101 
845 0.681582 
847 0.68225 
849 0.681722 
851 0.682124 
853 0.681737 
855 0.680386 
857 0.68032 
859 0.679308 
861 0.679065 
863 0.678342 
865 0.678548 
867 0.678128 
869 0.677939 
871 0.677057 
873 0.677127 
875 0.677231 
877 0.677327 
879 0.676633 
881 0.676821 
883 0.677006 
885 0.677323 
887 0.676696 
889 0.677696 
891 0.678515 
893 0.677825 
895 0.677961 
897 0.678039 
899 0.677788 
901 0.677559 
903 0.677943 
905 0.67926 
907 0.68022 
909 0.680106 
911 0.680043 
913 0.67839 
915 0.67846 
917 0.678297 
919 0.678235 
921 0.678323 
923 0.678463 
925 0.678593 
927 0.679072 
929 0.678795 
931 0.675471 
933 0.675478 
935 0.675271 
937 0.675659 
939 0.675972 
941 0.674707 
943 0.673533 
945 0.673175 
947 0.673157 
949 0.673762 
951 0.673873 
953 0.673371 
955 0.681416 
957 0.681681 
959 0.680334 
961 0.679888 
963 0.678962 
965 0.678851 
967 0.678991 
969 0.679401 
971 0.679541 
973 0.679862 
975 0.680072 
977 0.67936 
979 0.677781 
981 0.668311 
983 0.666772 
985 0.666625 
987 0.666437 
989 0.666972 
991 0.668636 
993 0.668891 
995 0.669249 
997 0.668957 
999 0.669433 
1001 0.670171 
1003 0.670252 
1005 0.669238 
1007 0.669987 
1009 0.670101 
1011 0.666806 
1013 0.667178 
1015 0.667998 
1017 0.667942 
1019 0.668695 
1021 0.668614 
1023 0.668942 
1025 0.668817 
1027 0.669293 
1029 0.66916 
1031 0.668341 
1033 0.668238 
1035 0.667666 
1037 0.66947 
1039 0.66909 
1041 0.669348 
1043 0.670009 
1045 0.670212 
1047 0.670024 
1049 0.669917 
1051 0.670116 
1053 0.669876 
1055 0.669618 
1057 0.669101 
1059 0.669536 
1061 0.6634 
1063 0.663315 
1065 0.663034 
1067 0.663979 
1069 0.662927 
1071 0.66285 
1073 0.662809 
1075 0.662573 
1077 0.663167 
1079 0.664654 
1081 0.664462 
1083 0.664514 
1085 0.665573 
1087 0.668415 
1089 0.667769 
1091 0.668149 
1093 0.668249 
1095 0.668529 
1097 0.668817 
1099 0.669249 
1101 0.66799 
1103 0.667256 
1105 0.667341 
1107 0.66744 
1109 0.666832 
1111 0.669134 
1113 0.668142 
1115 0.667466 
1117 0.66792 
1119 0.667141 
1121 0.668167 
1123 0.668787 
1125 0.668348 
1127 0.669669 
1129 0.670673 
1131 0.6724 
1133 0.671164 
1135 0.670286 
1137 0.670544 
1139 0.673441 
1141 0.675806 
1143 0.676138 
1145 0.675101 
1147 0.676618 
1149 0.675375 
1151 0.673865 
1153 0.671858 
1155 0.670075 
1157 0.669046 
1159 0.668599 
1161 0.665525 
1163 0.665529 
1165 0.665008 
1167 0.663698 
1169 0.663163 
1171 0.662931 
1173 0.662824 
1175 0.663178 
1177 0.6623 
1179 0.661599 
1181 0.662768 
1183 0.663529 
1185 0.663835 
1187 0.672433 
1189 0.673463 
1191 0.672858 
1193 0.672153 
1195 0.673212 
1197 0.67495 
1199 0.674456 
1201 0.672847 
1203 0.673603 
1205 0.671847 
1207 0.671275 
1209 0.671382 
1211 0.673197 
1213 0.670153 
1215 0.670917 
1217 0.669976 
1219 0.669322 
1221 0.669832 
1223 0.669477 
1225 0.669858 
1227 0.66957 
1229 0.669588 
1231 0.671817 
1233 0.669869 
1235 0.669511 
1237 0.663857 
1239 0.663027 
1241 0.665315 
1243 0.669906 
1245 0.670507 
1247 0.670555 
1249 0.667791 
1251 0.667057 
1253 0.665684 
1255 0.66558 
1257 0.665163 
1259 0.664591 
1261 0.664499 
1263 0.663628 
1265 0.664023 
1267 0.665739 
1269 0.666832 
1271 0.668245 
1273 0.667795 
1275 0.666935 
1277 0.668293 
1279 0.668079 
1281 0.667189 
1283 0.66702 
1285 0.666761 
1287 0.665883 
1289 0.666426 
1291 0.666739 
1293 0.666765 
1295 0.668367 
1297 0.667909 
1299 0.667293 
1301 0.668942 
1303 0.66837 
1305 0.668765 
1307 0.669105 
1309 0.669359 
1311 0.661864 
1313 0.660281 
1315 0.658768 
1317 0.656698 
1319 0.656554 
1321 0.657488 
1323 0.656676 
1325 0.656067 
1327 0.65682 
1329 0.655687 
1331 0.655624 
1333 0.655144 
1335 0.655458 
1337 0.660868 
1339 0.660831 
1341 0.661274 
1343 0.660953 
1345 0.661569 
1347 0.662189 
1349 0.661584 
1351 0.663156 
1353 0.664396 
1355 0.665496 
1357 0.666293 
1359 0.666927 
1361 0.666643 
1363 0.667669 
1365 0.667688 
1367 0.668917 
1369 0.670046 
1371 0.671131 
1373 0.673699 
1375 0.673651 
1377 0.673987 
1379 0.673887 
1381 0.674238 
1383 0.675345 
1385 0.674983 
1387 0.673146 
1389 0.67409 
1391 0.675578 
1393 0.676131 
1395 0.675758 
1397 0.676386 
1399 0.676984 
1401 0.677995 
1403 0.678301 
1405 0.679176 
1407 0.679829 
1409 0.681556 
1411 0.682847 
1413 0.682722 
1415 0.682925 
1417 0.685552 
1419 0.686176 
1421 0.687748 
1423 0.689032 
1425 0.68932 
1427 0.689449 
1429 0.691937 
1431 0.694553 
1433 0.696299 
1435 0.699129 
1437 0.705491 
1439 0.704314 
1441 0.707307 
1443 0.70837 
1445 0.710259 
1447 0.715488 
1449 0.718429 
1451 0.721688 
1453 0.726364 
1455 0.732246 
1457 0.735903 
1459 0.741224 
1461 0.744535 
1463 0.748314 
1465 0.750867 
1467 0.754801 
1469 0.756163 
1471 0.761628 
1473 0.764473 
1475 0.765536 
1477 0.767082 
1479 0.76819 
1481 0.768776 
1483 0.771249 
1485 0.773445 
1487 0.776297 
1489 0.777976 
1491 0.779633 
1493 0.779423 
1495 0.784246 
1497 0.785194 
1499 0.789317 
1501 0.796498 
1503 0.799775 
1505 0.799295 
1507 0.796129 
1509 0.797247 
1511 0.800934 
1513 0.799867 
1515 0.796439 
1517 0.786445 
1519 0.775961 
1521 0.769754 
1523 0.739435 
1525 0.729962 
1527 0.72774 
1529 0.726327 
1531 0.7266 
1533 0.7266 
1535 0.727356 
1537 0.711776 
1539 0.708303 
1541 0.706687 
1543 0.707702 
1545 0.712658 
1547 0.717068 
1549 0.719644 
1551 0.688645 
1553 0.676803 
1555 0.671109 
1557 0.668057 
1559 0.668835 
1561 0.665034 
1563 0.670935 
1565 0.67447 
1567 0.675426 
1569 0.673426 
1571 0.672374 
1573 0.669588 
1575 0.675563 
1577 0.67974 
1579 0.688984 
1581 0.693169 
1583 0.688298 
1585 0.685442 
1587 0.68253 
1589 0.682523 
1591 0.679312 
1593 0.679681 
1595 0.679201 
1597 0.674537 
1599 0.674611 
1601 0.683191 
1603 0.68601 
1605 0.684645 
1607 0.686375 
1609 0.68215 
1611 0.683456 
1613 0.685379 
1615 0.674223 
1617 0.671695 
1619 0.661226 
1621 0.647616 
1623 0.645335 
1625 0.644011 
1627 0.645719 
1629 0.649004 
1631 0.650144 
1633 0.653214 
1635 0.655521 
1637 0.652004 
1639 0.649664 
1641 0.644265 
1643 0.64073 
1645 0.640955 
1647 0.6337 
1649 0.627943 
1651 0.628511 
1653 0.626965 
1655 0.634696 
1657 0.634124 
1659 0.637741 
1661 0.637125 
1663 0.645904 
1665 0.647653 
1667 0.656919 
1669 0.664842 
1671 0.667868 
1673 0.665868 
1675 0.661455 
1677 0.659514 
1679 0.659248 
1681 0.656063 
1683 0.655654 
1685 0.650845 
1687 0.630423 
1689 0.630157 
1691 0.63604 
1693 0.646435 
1695 0.652318 
1697 0.660728 
1699 0.665817 
1701 0.668618 
1703 0.667057 
1705 0.669389 
1707 0.660078 
1709 0.652591 
1711 0.637224 
1713 0.629297 
1715 0.62481 
1717 0.620503 
1719 0.615156 
1721 0.613949 
1723 0.60248 
1725 0.598498 
1727 0.599343 
1729 0.589638 
1731 0.553048 
1733 0.525231 
1735 0.514817 
1737 0.495878 
1739 0.481364 
1741 0.457716 
1743 0.452306 
1745 0.433335 
1747 0.427238 
1749 0.406702 
1751 0.397919 
1753 0.381644 
1755 0.37436 
1757 0.368747 
1759 0.36492 
1761 0.361964 
1763 0.357694 
1765 0.354528 
1767 0.361883 
1769 0.363034 
1771 0.361495 
1773 0.367773 
1775 0.36471 
1777 0.369374 
1779 0.369607 
1781 0.36599 
1783 0.365735 
1785 0.36003 
1787 0.356764 
1789 0.345712 
1791 0.339715 
1793 0.333848 
1795 0.316389 
1797 0.311569 
1799 0.310894 
1801 0.308285 
1803 0.306779 
1805 0.310396 
1807 0.315307 
1809 0.311547 
1811 0.304713 
1813 0.307167 
1815 0.304129 
1817 0.299255 
1819 0.293896 
1821 0.288626 
1823 0.283357 
1825 0.271732 
1827 0.262495 
1829 0.259927 
1831 0.259388 
1833 0.25868 
1835 0.253912 
1837 0.248694 
1839 0.242582 
1841 0.241221 
1843 0.233416 
1845 0.22695 
1847 0.216998 
1849 0.204137 
1851 0.194376 
1853 0.179054 
1855 0.174758 
1857 0.16919 
1859 0.166629 
1861 0.162647 
1863 0.153572 
1865 0.150203 
1867 0.162123 
1869 0.170031 
1871 0.173592 
1873 0.179257 
1875 0.184228 
1877 0.196723 
1879 0.218219 
1881 0.231674 
1883 0.24232 
1885 0.252266 
1887 0.256543 
1889 0.26699 
1891 0.278855 
1893 0.289719 
1895 0.296915 
1897 0.287276 
1899 0.290217 
1901 0.295483 
1903 0.314067 
1905 0.325231 
1907 0.336936 
1909 0.345815 
1911 0.3378 
1913 0.332275 
1915 0.326445 
1917 0.319334 
1919 0.3133 
1921 0.313381 
1923 0.307753 
1925 0.291442 
1927 0.283478 
1929 0.272917 
1931 0.269149 
1933 0.260399 
1935 0.257085 
1937 0.253458 
1939 0.25234 
1941 0.25076 
1943 0.249107 
1945 0.238291 
1947 0.224544 
1949 0.206993 
1951 0.190992 
1953 0.169341 
1955 0.153513 
1957 0.129006 
1959 0.117795 
1961 0.102827 
1963 0.0861503 
1965 0.0724039 
1967 0.0593623 
1969 0.0521515 
1971 0.0540224 
1973 0.0502473 
1975 0.0447339 
1977 0.0406451 
1979 0.0377814 
1981 0.0371319 
1983 0.0373127 
1985 0.0372315 
1987 0.037047 
1989 0.0364824 
1991 0.0365599 
1993 0.0366743 
1995 0.0369142 
1997 0.0368256 
1999 0.0371614 
2001 0.0465496 
2003 0.0642815 
2005 0.0922836 
2007 0.113241 
2009 0.13456 
2011 0.162503 
2013 0.184128 
2015 0.205775 
2017 0.230043 
2019 0.245007 
2021 0.249915 
2023 0.257584 
2025 0.273773 
2027 0.287099 
2029 0.310041 
2031 0.314481 
2033 0.298321 
2035 0.290748 
2037 0.288431 
2039 0.274625 
2041 0.270835 
2043 0.26175 
2045 0.24242 
2047 0.225482 
2049 0.217743 
2051 0.210355 
2053 0.199502 
2055 0.185445 
2057 0.169913 
2059 0.145712 
2061 0.127947 
2063 0.111163 
2065 0.0999668 
2067 0.0920142 
2069 0.0870728 
2071 0.0791534 
2073 0.0748579 
2075 0.0653222 
2077 0.0633737 
2079 0.0593291 
2081 0.0526386 
2083 0.043125 
2085 0.0421138 
2087 0.0422762 
2089 0.0420216 
2091 0.0412466 
2093 0.041361 
2095 0.0420585 
2097 0.0443354 
2099 0.0484722 
2101 0.0582036 
2103 0.0679534 
2105 0.0786036 
2107 0.0934349 
2109 0.107052 
2111 0.123983 
2113 0.145564 
2115 0.162824 
2117 0.179242 
2119 0.202834 
2121 0.21954 
2123 0.240542 
2125 0.264551 
2127 0.282191 
2129 0.298218 
2131 0.311886 
2133 0.32095 
2135 0.324773 
2137 0.326891 
2139 0.32495 
2141 0.325699 
2143 0.32447 
2145 0.32326 
2147 0.320887 
2149 0.312983 
2151 0.304391 
2153 0.291121 
2155 0.289918 
2157 0.292892 
2159 0.294885 
2161 0.296195 
2163 0.297332 
2165 0.294608 
2167 0.292033 
2169 0.287833 
2171 0.283054 
2173 0.271378 
2175 0.256362 
2177 0.23618 
2179 0.210964 
2181 0.190461 
2183 0.175766 
2185 0.156628 
2187 0.143265 
2189 0.131017 
2191 0.110569 
2193 0.0915086 
2195 0.0822201 
2197 0.0725109 
2199 0.0635693 
2201 0.0570522 
2203 0.0461695 
2205 0.0434423 
2207 0.0394826 
2209 0.0262455 
2211 0.029135 
2213 0.0335375 
2215 0.0346483 
2217 0.0341612 
2219 0.0345819 
2221 0.0340837 
2223 0.0341206 
2225 0.0337774 
2227 0.0355155 
2229 0.0382205 
2231 0.0376412 
2233 0.0378552 
2235 0.0384272 
2237 0.0382722 
2239 0.0386597 
2241 0.0393608 
2243 0.0381467 
2245 0.0366743 
2247 0.035438 
2249 0.0362056 
2251 0.0392981 
2253 0.0416267 
2255 0.042398 
2257 0.0422909 
2259 0.043387 
2261 0.0435973 
2263 0.044387 
2265 0.044542 
2267 0.0518009 
2269 0.0672928 
2271 0.0766662 
2273 0.0845782 
2275 0.0932394 
2277 0.0985054 
2279 0.100945 
2281 0.104281 
2283 0.107115 
2285 0.107912 
2287 0.110573 
2289 0.112957 
2291 0.113174 
2293 0.113654 
2295 0.113359 
2297 0.11437 
2299 0.120669 
2301 0.124777 
2303 0.126615 
2305 0.13039 
2307 0.131309 
2309 0.12991 
2311 0.120725 
2313 0.111772 
2315 0.106181 
2317 0.0931434 
2319 0.0884973 
2321 0.085582 
2323 0.0805115 
2325 0.0753819 
2327 0.0745516 
2329 0.0767953 
2331 0.0743782 
2333 0.0715034 
2335 0.0664108 
2337 0.0613772 
2339 0.058174 
2341 0.0552771 
2343 0.0512436 
2345 0.0493468 
2347 0.0477784 
2349 0.0467341 
2351 0.0466713 
2353 0.0462728 
2355 0.0453022 
2357 0.0434165 
2359 0.0414828 
2361 0.0411506 
2363 0.0411949 
2365 0.0423684 
2367 0.0427338 
2369 0.0428962 
2371 0.044125 
2373 0.0459444 
2375 0.0449664 
2377 0.0440586 
2379 0.0437523 
2381 0.0431434 
2383 0.0452358 
2385 0.0566684 
2387 0.0701269 
2389 0.0816518 
2391 0.0818658 
2393 0.0820245 
2395 0.0878921 
2397 0.0888922 
2399 0.0897631 
2401 0.091051 
2403 0.0927264 
2405 0.0954093 
2407 0.0987933 
2409 0.100417 
2411 0.10169 
2413 0.104458 
2415 0.0951583 
2417 0.0876338 
2419 0.0765444 
2421 0.0662816 
2423 0.0543546 
2425 0.0391763 
2427 0.0253561 
2429 0.0258506 
2431 0.0337589 
2433 0.0414237 
2435 0.0516606 
2437 0.057233 
2439 0.0599749 
2441 0.0637206 
2443 0.0673998 
2445 0.070138 
2447 0.0726437 
2449 0.0756329 
2451 0.0773194 
2453 0.0783895 
2455 0.0795483 
2457 0.077895 
2459 0.0803712 
2461 0.0846114 
2463 0.0870728 
2465 0.0798177 
2467 0.0683187 
2469 0.0610488 
2471 0.0552476 
2473 0.0455864 
2475 0.0409181 
2477 0.0368699 
2479 0.0349841 
2481 0.0355598 
2483 0.0364787 
2485 0.0377629 
2487 0.0389844 
2489 0.0395933 
2491 0.0404716 
2493 0.0409772 
2495 0.0411839 
2497 0.0414828 
2499 0.0422319 
2501 0.0429552 
2503 0.0435272 
2505 0.0447413 
2507 0.043077 
2509 0.0490664 
2511 0.0564359 
2513 0.0673408 
2515 0.0717064 
2517 0.0731013 
2519 0.0722341 
2521 0.0778618 
2523 0.0813344 
2525 0.0839472 
2527 0.0877482 
2529 0.0899587 
2531 0.0924422 
2533 0.0945162 
2535 0.0966677 
2537 0.0988412 
2539 0.101395 
2541 0.103019 
2543 0.102967 
2545 0.105904 
2547 0.107473 
2549 0.10937 
2551 0.101587 
2553 0.0951952 
2555 0.0880655 
2557 0.0744225 
2559 0.0614658 
2561 0.0477305 
2563 0.0267289 
2565 0 
2567 0.0220976 
2569 0.0292457 
2571 0.0293343 
2573 0.0281128 
2575 0.0274411 
2577 0.0274707 
2579 0.0273194 
2581 0.0272935 
2583 0.0273821 
2585 0.0274485 
2587 0.0277474 
2589 0.0277806 
2591 0.0277327 
2593 0.0277253 
2595 0.0278729 
2597 0.0281054 
2599 0.0279246 
2601 0.0280611 
2603 0.0280537 
2605 0.0279947 
2607 0.0280316 
2609 0.0280537 
2611 0.0280242 
2613 0.0278803 
2615 0.0277068 
2617 0.0278618 
2619 0.0277548 
2621 0.0278729 
2623 0.0279652 
2625 0.0338623 
2627 0.0429663 
2629 0.0510001 
2631 0.0543324 
2633 0.056768 
2635 0.0598384 
2637 0.0645177 
2639 0.0754853 
2641 0.0921544 
2643 0.105019 
2645 0.120001 
2647 0.1366 
2649 0.146745 
2651 0.153764 
2653 0.162237 
2655 0.166688 
2657 0.173064 
2659 0.17839 
2661 0.184353 
2663 0.184309 
2665 0.178832 
2667 0.171906 
2669 0.170101 
2671 0.171013 
2673 0.171031 
2675 0.177257 
2677 0.17915 
2679 0.177013 
2681 0.168212 
2683 0.155871 
2685 0.149092 
2687 0.141597 
2689 0.141811 
2691 0.134597 
2693 0.125832 
2695 0.116016 
2697 0.107203 
2699 0.096151 
2701 0.0784707 
2703 0.072319 
2705 0.0756476 
2707 0.073618 
2709 0.0692376 
2711 0.0666544 
2713 0.067957 
2715 0.0682966 
2717 0.0687136 
2719 0.0689534 
2721 0.0687947 
2723 0.0709794 
2725 0.0733523 
2727 0.0758395 
2729 0.0826814 
2731 0.0931655 
2733 0.0986014 
2735 0.101779 
2737 0.104185 
2739 0.105292 
2741 0.106938 
2743 0.107894 
2745 0.109359 
2747 0.112355 
2749 0.116108 
2751 0.117245 
2753 0.118573 
2755 0.121201 
2757 0.122326 
2759 0.123504 
2761 0.123526 
2763 0.125087 
2765 0.127157 
2767 0.128618 
2769 0.129497 
2771 0.13032 
2773 0.131095 
2775 0.13036 
2777 0.13063 
2779 0.133353 
2781 0.136947 
2783 0.139287 
2785 0.140298 
2787 0.140232 
2789 0.140468 
2791 0.141852 
2793 0.141881 
2795 0.140944 
2797 0.14152 
2799 0.14204 
2801 0.143029 
2803 0.143649 
2805 0.14404 
2807 0.145025 
2809 0.14597 
2811 0.144856 
2813 0.145955 
2815 0.147236 
2817 0.147804 
2819 0.147583 
2821 0.148173 
2823 0.149018 
2825 0.148435 
2827 0.148081 
2829 0.148601 
2831 0.148535 
2833 0.149188 
2835 0.148948 
2837 0.148266 
2839 0.148845 
2841 0.148653 
2843 0.148487 
2845 0.147815 
2847 0.147841 
2849 0.149232 
2851 0.154034 
2853 0.156938 
2855 0.157521 
2857 0.154417 
2859 0.15203 
2861 0.147516 
2863 0.147502 
2865 0.148531 
2867 0.149314 
2869 0.150011 
2871 0.151166 
2873 0.151768 
2875 0.151037 
2877 0.150266 
2879 0.151199 
2881 0.153724 
2883 0.155727 
2885 0.157395 
2887 0.157635 
2889 0.158318 
2891 0.159835 
2893 0.158975 
2895 0.157495 
2897 0.158078 
2899 0.158532 
2901 0.159078 
2903 0.159274 
2905 0.158687 
2907 0.159163 
2909 0.160348 
2911 0.159665 
2913 0.159717 
2915 0.159993 
2917 0.159857 
2919 0.158979 
2921 0.158787 
2923 0.15958 
2925 0.15975 
2927 0.158868 
2929 0.159606 
2931 0.162163 
2933 0.163754 
2935 0.164621 
2937 0.163466 
2939 0.164348 
2941 0.169005 
2943 0.174216 
2945 0.179895 
2947 0.189383 
2949 0.196572 
2951 0.203288 
2953 0.211809 
2955 0.217806 
2957 0.224994 
2959 0.235364 
2961 0.24542 
2963 0.252528 
2965 0.262433 
2967 0.269551 
2969 0.279375 
2971 0.288955 
2973 0.297782 
2975 0.307554 
2977 0.316392 
2979 0.322219 
2981 0.327412 
2983 0.339139 
2985 0.346756 
2987 0.36051 
2989 0.367415 
2991 0.376415 
2993 0.387088 
2995 0.39786 
2997 0.404631 
2999 0.418839 
3001 0.434235 
3003 0.4438 
3005 0.452373 
3007 0.467068 
3009 0.476068 
3011 0.495003 
3013 0.50627 
3015 0.524419 
3017 0.541501 
3019 0.556314 
3021 0.567153 
3023 0.571717 
3025 0.581548 
3027 0.584028 
3029 0.58653 
3031 0.595527 
3033 0.599775 
3035 0.603406 
3037 0.612994 
3039 0.615865 
3041 0.59121 
3043 0.584239 
3045 0.585626 
3047 0.585829 
3049 0.586368 
3051 0.585575 
3053 0.583814 
3055 0.582419 
3057 0.58384 
3059 0.586597 
3061 0.591748 
3063 0.595132 
3065 0.598553 
3067 0.603052 
3069 0.605506 
3071 0.608931 
3073 0.609119 
3075 0.608643 
3077 0.609093 
3079 0.607303 
3081 0.609968 
3083 0.615451 
3085 0.623422 
3087 0.631681 
3089 0.637224 
3091 0.638678 
3093 0.63887 
3095 0.635748 
3097 0.631357 
3099 0.627648 
3101 0.627271 
3103 0.624389 
3105 0.622773 
3107 0.620297 
3109 0.618562 
3111 0.619562 
3113 0.61799 
3115 0.616979 
3117 0.613898 
3119 0.612259 
3121 0.612455 
3123 0.612045 
3125 0.612853 
3127 0.616278 
3129 0.618699 
3131 0.621485 
3133 0.623053 
3135 0.625061 
3137 0.632316 
3139 0.63353 
3141 0.633224 
3143 0.633626 
3145 0.632179 
3147 0.631194 
3149 0.630607 
3151 0.630091 
3153 0.629187 
3155 0.629275 
3157 0.628759 
3159 0.628578 
3161 0.628323 
3163 0.627965 
3165 0.627821 
3167 0.627264 
3169 0.625633 
3171 0.625633 
3173 0.623921 
3175 0.623385 
3177 0.623157 
3179 0.62512 
3181 0.628087 
3183 0.630582 
3185 0.6337 
3187 0.636914 
3189 0.634962 
3191 0.635826 
3193 0.637789 
3195 0.637003 
3197 0.637302 
3199 0.635634 
3201 0.635058 
3203 0.634741 
3205 0.635099 
3207 0.634309 
3209 0.633567 
3211 0.634822 
3213 0.634324 
3215 0.635659 
3217 0.634567 
3219 0.634364 
3221 0.633929 
3223 0.6336 
3225 0.633209 
3227 0.633246 
3229 0.633534 
3231 0.632264 
3233 0.631999 
3235 0.631733 
3237 0.63274 
3239 0.632109 
3241 0.631508 
3243 0.631131 
3245 0.630962 
3247 0.630434 
3249 0.630999 
3251 0.631231 
3253 0.63115 
3255 0.630094 
3257 0.629629 
3259 0.630737 
3261 0.630855 
3263 0.630726 
3265 0.631478 
3267 0.630574 
3269 0.631061 
3271 0.632423 
3273 0.633213 
3275 0.634032 
3277 0.635892 
3279 0.635925 
3281 0.636471 
3283 0.636553 
3285 0.636933 
3287 0.644653 
3289 0.643442 
3291 0.64345 
3293 0.643944 
3295 0.64493 
3297 0.643487 
3299 0.643169 
3301 0.6418 
3303 0.641058 
3305 0.640497 
3307 0.640974 
3309 0.640239 
3311 0.644059 
3313 0.641926 
3315 0.640708 
3317 0.639796 
3319 0.638088 
3321 0.636855 
3323 0.636172 
3325 0.635984 
3327 0.635733 
3329 0.635567 
3331 0.635183 
3333 0.635231 
3335 0.634095 
3337 0.630511 
3339 0.630094 
3341 0.629113 
3343 0.629681 
3345 0.629046 
3347 0.627877 
3349 0.626589 
3351 0.626327 
3353 0.626046 
3355 0.627408 
3357 0.628489 
3359 0.629061 
3361 0.633412 
3363 0.632652 
3365 0.63212 
3367 0.630109 
3369 0.628264 
3371 0.626976 
3373 0.628179 
3375 0.628504 
3377 0.627902 
3379 0.627832 
3381 0.628017 
3383 0.627799 
3385 0.627699 
3387 0.626386 
3389 0.626061 
3391 0.626537 
3393 0.626899 
3395 0.626969 
3397 0.626456 
3399 0.627194 
3401 0.628438 
3403 0.630467 
3405 0.631475 
3407 0.631179 
3409 0.630589 
3411 0.630552 
3413 0.630157 
3415 0.629142 
3417 0.627902 
3419 0.627884 
3421 0.627563 
3423 0.627087 
3425 0.626626 
3427 0.626622 
3429 0.626781 
3431 0.627227 
3433 0.628401 
3435 0.631991 
3437 0.643405 
3439 0.643335 
3441 0.64373 
3443 0.64369 
3445 0.644339 
3447 0.645564 
3449 0.646107 
3451 0.646745 
3453 0.647782 
3455 0.648561 
3457 0.648122 
3459 0.647933 
3461 0.651797 
3463 0.651782 
3465 0.651764 
3467 0.651192 
3469 0.650258 
3471 0.649421 
3473 0.649672 
3475 0.650111 
3477 0.65007 
3479 0.650376 
3481 0.650343 
3483 0.650074 
3485 0.650011 
3487 0.649387 
3489 0.648922 
3491 0.649192 
3493 0.649015 
3495 0.649535 
3497 0.650107 
3499 0.650089 
3501 0.64983 
3503 0.649701 
3505 0.649834 
3507 0.649797 
3509 0.649897 
3511 0.651642 
3513 0.651026 
3515 0.651303 
3517 0.651247 
3519 0.651247 
3521 0.651605 
3523 0.651085 
3525 0.651325 
3527 0.651321 
3529 0.65155 
3531 0.65165 
3533 0.651583 
3535 0.65121 
3537 0.64924 
3539 0.649369 
3541 0.6489 
3543 0.649103 
3545 0.648483 
3547 0.649513 
3549 0.64952 
3551 0.649565 
3553 0.649701 
3555 0.64938 
3557 0.649136 
3559 0.649044 
3561 0.647867 
3563 0.647531 
3565 0.648029 
3567 0.648505 
3569 0.64948 
3571 0.651321 
3573 0.651484 
3575 0.651162 
3577 0.650764 
3579 0.650697 
3581 0.650897 
3583 0.651196 
3585 0.650849 
3587 0.651103 
3589 0.651602 
3591 0.651343 
3593 0.65134 
3595 0.64866 
3597 0.648354 
3599 0.64769 
3601 0.648339 
3603 0.647284 
3605 0.647395 
3607 0.647435 
3609 0.648306 
3611 0.648494 
3613 0.649934 
3615 0.6511 
3617 0.652166 
3619 0.652923 
3621 0.658008 
3623 0.659842 
3625 0.660207 
3627 0.660244 
3629 0.660997 
3631 0.661388 
3633 0.662964 
3635 0.665119 
3637 0.667953 
3639 0.669721 
3641 0.670736 
3643 0.670105 
3645 0.668444 
3647 0.66695 
3649 0.665935 
3651 0.666986 
3653 0.667477 
3655 0.667688 
3657 0.668164 
3659 0.667477 
3661 0.668153 
3663 0.668046 
3665 0.66954 
3667 0.669282 
3669 0.668699 
3671 0.661447 
3673 0.661444 
3675 0.660768 
3677 0.660381 
3679 0.661119 
3681 0.661314 
3683 0.661599 
3685 0.661776 
3687 0.662433 
3689 0.66203 
3691 0.661484 
3693 0.660469 
3695 0.656772 
3697 0.657045 
3699 0.656561 
3701 0.655421 
3703 0.656104 
3705 0.65603 
3707 0.655056 
3709 0.654676 
3711 0.654008 
3713 0.653332 
3715 0.65331 
3717 0.652753 
3719 0.652362 
3721 0.647443 
3723 0.646598 
3725 0.646221 
3727 0.645889 
3729 0.646051 
3731 0.64559 
3733 0.645409 
3735 0.645992 
3737 0.645981 
3739 0.645933 
3741 0.64638 
3743 0.645716 
3745 0.646262 
3747 0.64628 
3749 0.646324 
3751 0.646583 
3753 0.646417 
3755 0.645417 
3757 0.644597 
3759 0.642472 
3761 0.641778 
3763 0.640258 
3765 0.638818 
3767 0.638423 
3769 0.637364 
3771 0.637331 
3773 0.638446 
3775 0.63901 
3777 0.639641 
3779 0.63925 
3781 0.641269 
3783 0.641855 
3785 0.64114 
3787 0.641199 
3789 0.641693 
3791 0.641306 
3793 0.641416 
3795 0.6428 
3797 0.641937 
3799 0.640324 
3801 0.639021 
3803 0.638161 
3805 0.63715 
3807 0.636881 
3809 0.638202 
3811 0.642826 
3813 0.648033 
3815 0.649871 
3817 0.659052 
3819 0.673991 
3821 0.709783 
3823 0.712388 
3825 0.713835 
3827 0.715636 
3829 0.717167 
3831 0.719112 
3833 0.721954 
3835 0.723315 
3837 0.725149 
3839 0.72567 
3841 0.725699 
3843 0.725803 
3845 0.737545 
3847 0.73697 
3849 0.736047 
3851 0.735519 
3853 0.734534 
3855 0.732999 
3857 0.732179 
3859 0.731641 
3861 0.73143 
3863 0.731611 
3865 0.730371 
3867 0.730452 
3869 0.730618 
3871 0.732172 
3873 0.73263 
3875 0.732427 
3877 0.732696 
3879 0.732637 
3881 0.732873 
3883 0.730818 
3885 0.729615 
3887 0.729438 
3889 0.729308 
3891 0.728655 
3893 0.728434 
3895 0.729748 
3897 0.729788 
3899 0.729832 
3901 0.729375 
3903 0.729482 
3905 0.729057 
3907 0.731681 
3909 0.729456 
3911 0.728024 
3913 0.725581 
3915 0.725264 
3917 0.723282 
3919 0.72136 
3921 0.712536 
3923 0.712805 
3925 0.713868 
3927 0.71351 
3929 0.712953 
3931 0.712695 
3933 0.715868 
3935 0.715425 
3937 0.716359 
3939 0.717226 
3941 0.719426 
3943 0.719946 
3945 0.732818 
3947 0.730947 
3949 0.731903 
3951 0.732619 
3953 0.732187 
3955 0.731866 
3957 0.730408 
3959 0.730272 
3961 0.72957 
3963 0.729821 
3965 0.730858 
3967 0.733582 
3969 0.735486 
3971 0.738287 
3973 0.73901 
3975 0.737859 
3977 0.737538 
3979 0.736405 
3981 0.736623 
3983 0.735324 
3985 0.73446 
3987 0.732021 
3989 0.733061 
3991 0.73432 
3993 0.732323 
3995 0.73542 
3997 0.732748 
3999 0.732039 
4001 0.731611 
4003 0.732774 
4005 0.733014 
4007 0.731371 
4009 0.731135 
4011 0.731246 
4013 0.733752 
4015 0.735095 
4017 0.734508 
4019 0.735966 
4021 0.733907 
4023 0.734054 
4025 0.734268 
4027 0.73436 
4029 0.734198 
4031 0.735335 
4033 0.736427 
4035 0.736202 
4037 0.735564 
4039 0.732637 
4041 0.729718 
4043 0.724482 
4045 0.715651 
4047 0.715599 
4049 0.716891 
4051 0.715425 
4053 0.713857 
4055 0.714484 
4057 0.714603 
4059 0.714913 
4061 0.715533 
4063 0.717555 
4065 0.721433 
4067 0.724625 
4069 0.725696 
4071 0.746273 
4073 0.746454 
4075 0.746542 
4077 0.747605 
4079 0.748 
4081 0.749402 
4083 0.749668 
4085 0.750598 
4087 0.750122 
4089 0.750122 
4091 0.749793 
4093 0.747598 
4095 0.73921 
4097 0.736121 
4099 0.733921 
4101 0.732382 
4103 0.731283 
4105 0.729999 
4107 0.728253 
4109 0.729659 
4111 0.730681 
4113 0.731353 
4115 0.731069 
4117 0.731582 
4119 0.731803 
4121 0.735814 
4123 0.735538 
4125 0.736147 
4127 0.737704 
4129 0.73925 
4131 0.743682 
4133 0.743431 
4135 0.74252 
4137 0.741413 
4139 0.739058 
4141 0.738206 
4143 0.738612 
4145 0.746845 
4147 0.743645 
4149 0.742044 
4151 0.740534 
4153 0.739612 
4155 0.738575 
4157 0.737852 
4159 0.735969 
4161 0.736512 
4163 0.737106 
4165 0.737759 
4167 0.739597 
4169 0.742944 
4171 0.743114 
4173 0.746948 
4175 0.750679 
4177 0.751317 
4179 0.754502 
4181 0.7593 
4183 0.762864 
4185 0.76561 
4187 0.770898 
4189 0.773529 
4191 0.777722 
4193 0.781423 
4195 0.784464 
4197 0.786733 
4199 0.786132 
4201 0.787464 
4203 0.788077 
4205 0.78839 
4207 0.794191 
4209 0.795848 
4211 0.795302 
4213 0.796243 
4215 0.799653 
4217 0.806517 
4219 0.809455 
4221 0.809606 
4223 0.815223 
4225 0.820293 
4227 0.822057 
4229 0.82181 
4231 0.822629 
4233 0.822374 
4235 0.82343 
4237 0.824718 
4239 0.829176 
4241 0.821836 
4243 0.814293 
4245 0.803052 
4247 0.800638 
4249 0.777294 
4251 0.77202 
4253 0.770024 
4255 0.71802 
4257 0.713237 
4259 0.715241 
4261 0.678401 
4263 0.680168 
4265 0.686398 
4267 0.686379 
4269 0.689756 
4271 0.694055 
4273 0.701424 
4275 0.709181 
4277 0.710779 
4279 0.708543 
4281 0.708056 
4283 0.707561 
4285 0.707702 
4287 0.706528 
4289 0.707975 
4291 0.709252 
4293 0.680246 
4295 0.667747 
4297 0.668765 
4299 0.6673 
4301 0.662994 
4303 0.6632 
4305 0.66296 
4307 0.663477 
4309 0.659447 
4311 0.654941 
4313 0.660086 
4315 0.662303 
4317 0.660923 
4319 0.635383 
4321 0.628449 
4323 0.618123 
4325 0.605602 
4327 0.599055 
4329 0.586412 
4331 0.585645 
4333 0.588025 
4335 0.590974 
4337 0.590213 
4339 0.593177 
4341 0.594771 
4343 0.598406 
4345 0.588202 
4347 0.589077 
4349 0.590937 
4351 0.594317 
4353 0.595192 
4355 0.592874 
4357 0.587936 
4359 0.579722 
4361 0.572991 
4363 0.569123 
4365 0.56527 
4367 0.5642 
4369 0.566448 
4371 0.563828 
4373 0.560274 
4375 0.557443 
4377 0.556746 
4379 0.552926 
4381 0.555871 
4383 0.559303 
4385 0.561636 
4387 0.564293 
4389 0.557934 
4391 0.547173 
4393 0.543202 
4395 0.532954 
4397 0.517835 
4399 0.502779 
4401 0.492649 
4403 0.480696 
4405 0.4736 
4407 0.462835 
4409 0.450177 
4411 0.451218 
4413 0.447085 
4415 0.452306 
4417 0.465473 
4419 0.471345 
4421 0.483958 
4423 0.489889 
4425 0.491981 
4427 0.479991 
4429 0.471315 
4431 0.463883 
4433 0.460396 
4435 0.455285 
4437 0.450321 
4439 0.447007 
4441 0.443143 
4443 0.444682 
4445 0.444944 
4447 0.450679 
4449 0.460196 
4451 0.467466 
4453 0.470079 
4455 0.47298 
4457 0.471928 
4459 0.467533 
4461 0.4592 
4463 0.45855 
4465 0.459595 
4467 0.461894 
4469 0.475773 
4471 0.478515 
4473 0.483966 
4475 0.491796 
4477 0.474308 
4479 0.460159 
4481 0.456089 
4483 0.437781 
4485 0.433645 
4487 0.423533 
4489 0.41964 
4491 0.420551 
4493 0.424899 
4495 0.423544 
4497 0.437626 
4499 0.450672 
4501 0.462208 
4503 0.472396 
4505 0.504465 
4507 0.525954 
4509 0.532877 
4511 0.558495 
4513 0.573238 
4515 0.577035 
4517 0.607971 
4519 0.621843 
4521 0.629419 
4523 0.637678 
4525 0.662115 
4527 0.665606 
4529 0.695815 
4531 0.708115 
4533 0.712898 
4535 0.716713 
4537 0.717743 
4539 0.712643 
4541 0.699 
4543 0.692365 
4545 0.679323 
4547 0.66582 
4549 0.656584 
4551 0.649136 
4553 0.644826 
4555 0.635527 
4557 0.628589 
4559 0.552716 
4561 0.545727 
4563 0.545568 
4565 0.515204 
4567 0.513108 
4569 0.516772 
4571 0.496885 
4573 0.492162 
4575 0.489435 
4577 0.478249 
4579 0.467455 
4581 0.459831 
4583 0.455879 
4585 0.455499 
4587 0.456067 
4589 0.454011 
4591 0.451805 
4593 0.464337 
4595 0.467743 
4597 0.468529 
4599 0.464573 
4601 0.460388 
4603 0.456148 
4605 0.459521 
4607 0.45631 
4609 0.450959 
4611 0.444335 
4613 0.430128 
4615 0.424146 
4617 0.417776 
4619 0.412853 
4621 0.404775 
4623 0.399295 
4625 0.363433 
4627 0.352517 
4629 0.347841 
4631 0.348516 
4633 0.350587 
4635 0.357901 
4637 0.356432 
4639 0.368935 
4641 0.382881 
4643 0.392601 
4645 0.398052 
4647 0.403454 
4649 0.409392 
4651 0.417071 
4653 0.419175 
4655 0.424891 
4657 0.430988 
4659 0.426725 
4661 0.408525 
4663 0.400509 
4665 0.393003 
4667 0.389483 
4669 0.384674 
4671 0.370478 
4673 0.352292 
4675 0.337494 
4677 0.302332 
4679 0.283025 
4681 0.264761 
4683 0.263333 
4685 0.260879 
4687 0.265584 
4689 0.272171 
4691 0.278083 
4693 0.279286 
4695 0.276319 
4697 0.275703 
4699 0.278382 
4701 0.278331 
4703 0.279954 
4705 0.28105 
4707 0.282847 
4709 0.289542 
4711 0.30083 
4713 0.311883 
4715 0.333604 
4717 0.34452 
4719 0.358595 
4721 0.370359 
4723 0.372087 
4725 0.379939 
4727 0.384316 
4729 0.384715 
4731 0.37209 
4733 0.367363 
4735 0.364215 
4737 0.358621 
4739 0.350384 
4741 0.344162 
4743 0.3418 
4745 0.33611 
4747 0.321223 
4749 0.311503 
4751 0.292933 
4753 0.283578 
4755 0.274862 
4757 0.262846 
4759 0.249561 
4761 0.236386 
4763 0.219931 
4765 0.209281 
4767 0.19883 
4769 0.181582 
4771 0.176127 
4773 0.166595 
4775 0.150177 
4777 0.134837 
4779 0.118094 
4781 0.101026 
4783 0.092147 
4785 0.0801424 
4787 0.0544431 
4789 0.0533766 
4791 0.0515758 
4793 0.0465533 
4795 0.0447302 
4797 0.0414717 
4799 0.0369068 
4801 0.0334416 
4803 0.0328179 
4805 0.0324858 
4807 0.0324895 
4809 0.0326924 
4811 0.0328253 
4813 0.0329582 
4815 0.033139 
4817 0.0332128 
4819 0.0329766 
4821 0.0331906 
4823 0.0333825 
4825 0.0338254 
4827 0.0339656 
4829 0.0337885 
4831 0.0336962 
4833 0.0336335 
4835 0.0360063 
4837 0.0358403 
4839 0.0358108 
4841 0.0357185 
4843 0.0355082 
4845 0.0351428 
4847 0.0347664 
4849 0.0346003 
4851 0.0341981 
4853 0.0340173 
4855 0.0337626 
4857 0.0334527 
4859 0.0331316 
4861 0.0326519 
4863 0.0327736 
4865 0.0325781 
4867 0.0323197 
4869 0.0322275 
4871 0.0322533 
4873 0.032161 
4875 0.0319839 
4877 0.031899 
4879 0.0316961 
4881 0.0314562 
4883 0.031423 
4885 0.031113 
4887 0.0310023 
4889 0.0308768 
4891 0.0307919 
4893 0.0309949 
4895 0.0309211 
4897 0.0315521 
4899 0.0328105 
4901 0.0345192 
4903 0.0364972 
4905 0.0368108 
4907 0.0359399 
4909 0.0347147 
4911 0.0336704 
4913 0.0331168 
4915 0.0321168 
4917 0.0394199 
4919 0.0492361 
4921 0.0559377 
4923 0.0592811 
4925 0.0626578 
4927 0.077157 
4929 0.0898147 
4931 0.101602 
4933 0.108506 
4935 0.1122 
4937 0.115713 
4939 0.119677 
4941 0.123552 
4943 0.126375 
4945 0.132641 
4947 0.134837 
4949 0.13322 
4951 0.124175 
4953 0.119164 
4955 0.112171 
4957 0.103207 
4959 0.0999041 
4961 0.102155 
4963 0.0971363 
4965 0.0853421 
4967 0.0893682 
4969 0.0967378 
4971 0.0992546 
4973 0.104868 
4975 0.110975 
4977 0.113289 
4979 0.111326 
4981 0.10658 
4983 0.104314 
4985 0.103122 
4987 0.106742 
4989 0.108395 
4991 0.10989 
4993 0.113233 
4995 0.114555 
4997 0.117839 
4999 0.117588 
5001 0.112045 
5003 0.109388 
5005 0.109193 
5007 0.105709 
5009 0.100133 
5011 0.0898295 
5013 0.0779209 
5015 0.0672448 
5017 0.0461695 
5019 0.0499926 
5021 0.056137 
5023 0.0557384 
5025 0.0547753 
5027 0.0534541 
5029 0.0472655 
5031 0.043815 
5033 0.0422725 
5035 0.0433353 
5037 0.0438593 
5039 0.0448705 
5041 0.04552 
5043 0.0463392 
5045 0.0499779 
5047 0.059425 
5049 0.0688686 
5051 0.0784154 
5053 0.0894531 
5055 0.0970478 
5057 0.108281 
5059 0.125954 
5061 0.137578 
5063 0.149 
5065 0.16647 
5067 0.17895 
5069 0.186578 
5071 0.203181 
5073 0.212359 
5075 0.220031 
5077 0.231659 
5079 0.231305 
5081 0.228043 
5083 0.222828 
5085 0.21699 
5087 0.208347 
5089 0.190461 
5091 0.183279 
5093 0.171537 
5095 0.165835 
5097 0.162887 
5099 0.162654 
5101 0.152757 
5103 0.146092 
5105 0.138032 
5107 0.122895 
5109 0.107244 
5111 0.0998635 
5113 0.091051 
5115 0.0879991 
5117 0.0844601 
5119 0.0731382 
5121 0.0650491 
5123 0.056292 
5125 0.0467009 
5127 0.0403867 
5129 0.0350948 
5131 0.0326482 
5133 0.0323382 
5135 0.0327035 
5137 0.0327146 
5139 0.0327294 
5141 0.0327146 
5143 0.0325928 
5145 0.0325891 
5147 0.0325707 
5149 0.0325375 
5151 0.0324784 
5153 0.0324526 
5155 0.0324673 
5157 0.0324489 
5159 0.0323935 
5161 0.0323898 
5163 0.0324378 
5165 0.0323751 
5167 0.0323825 
5169 0.0324231 
5171 0.0324194 
5173 0.0323751 
5175 0.0323751 
5177 0.0323677 
5179 0.0323529 
5181 0.0323898 
5183 0.0323751 
5185 0.032567 
5187 0.0325744 
5189 0.0325781 
5191 0.0325707 
5193 0.032567 
5195 0.03246 
5197 0.0324489 
5199 0.03246 
5201 0.0324784 
5203 0.0324784 
5205 0.0324563 
5207 0.03246 
5209 0.0324673 
5211 0.0324378 
5213 0.0324673 
5215 0.0324747 
5217 0.0324747 
5219 0.0324821 
5221 0.0326297 
5223 0.0325301 
5225 0.0324747 
5227 0.0324452 
5229 0.03246 
5231 0.0324267 
5233 0.0324083 
5235 0.0324009 
5237 0.032412 
5239 0.0324341 
5241 0.0324415 
5243 0.0324452 
5245 0.032305 
5247 0.032305 
5249 0.0323825 
5251 0.0324231 
5253 0.0324231 
5255 0.0323972 
5257 0.0356521 
5259 0.0447598 
5261 0.0567311 
5263 0.0643701 
5265 0.0684183 
5267 0.0725515 
5269 0.075596 
5271 0.0775149 
5273 0.0797181 
5275 0.0815854 
5277 0.083604 
5279 0.0856373 
5281 0.0869917 
5283 0.0879216 
5285 0.0900103 
5287 0.092826 
5289 0.100764 
5291 0.116097 
5293 0.12805 
5295 0.136143 
5297 0.147793 
5299 0.153893 
5301 0.15944 
5303 0.168204 
5305 0.172389 
5307 0.176954 
5309 0.182323 
5311 0.183848 
5313 0.184855 
5315 0.18339 
5317 0.181227 
5319 0.179622 
5321 0.176936 
5323 0.175367 
5325 0.172939 
5327 0.172895 
5329 0.176858 
5331 0.182382 
5333 0.184936 
5335 0.18856 
5337 0.190272 
5339 0.193546 
5341 0.195136 
5343 0.197029 
5345 0.200365 
5347 0.202196 
5349 0.203484 
5351 0.208742 
5353 0.217175 
5355 0.225969 
5357 0.237184 
5359 0.243726 
5361 0.25003 
5363 0.250111 
5365 0.25117 
5367 0.253447 
5369 0.252148 
5371 0.252292 
5373 0.253834 
5375 0.256986 
5377 0.25899 
5379 0.260403 
5381 0.262757 
5383 0.265038 
5385 0.268666 
5387 0.280198 
5389 0.287339 
5391 0.291959 
5393 0.297616 
5395 0.300214 
5397 0.301059 
5399 0.30079 
5401 0.298922 
5403 0.297719 
5405 0.297265 
5407 0.299107 
5409 0.302103 
5411 0.305185 
5413 0.306668 
5415 0.309134 
5417 0.317485 
5419 0.326072 
5421 0.334696 
5423 0.340568 
5425 0.344867 
5427 0.348505 
5429 0.354122 
5431 0.359462 
5433 0.362163 
5435 0.369607 
5437 0.374219 
5439 0.381294 
5441 0.390224 
5443 0.395612 
5445 0.397874 
5447 0.403956 
5449 0.408783 
5451 0.410695 
5453 0.410137 
5455 0.407875 
5457 0.40737 
5459 0.406059 
5461 0.40451 
5463 0.402495 
5465 0.39907 
5467 0.396771 
5469 0.395915 
5471 0.39583 
5473 0.394199 
5475 0.393977 
5477 0.396933 
5479 0.402687 
5481 0.410433 
5483 0.419946 
5485 0.427474 
5487 0.4347 
5489 0.445107 
5491 0.452963 
5493 0.45965 
5495 0.474072 
5497 0.476142 
5499 0.481526 
5501 0.488021 
5503 0.495941 
5505 0.500624 
5507 0.50765 
5509 0.51041 
5511 0.513112 
5513 0.5154 
5515 0.516599 
5517 0.516459 
5519 0.519345 
5521 0.526703 
5523 0.530585 
5525 0.53601 
5527 0.541479 
5529 0.557573 
5531 0.57009 
5533 0.578973 
5535 0.587139 
5537 0.594321 
5539 0.598945 
5541 0.602875 
5543 0.606037 
5545 0.6112 
5547 0.613329 
5549 0.61678 
5551 0.619632 
5553 0.623374 
5555 0.62839 
5557 0.633423 
5559 0.638202 
5561 0.644852 
5563 0.648989 
5565 0.651878 
5567 0.652937 
5569 0.655166 
5571 0.653137 
5573 0.654698 
5575 0.656521 
5577 0.657646 
5579 0.658001 
5581 0.660038 
5583 0.659757 
5585 0.661927 
5587 0.664499 
5589 0.66633 
5591 0.669119 
5593 0.670378 
5595 0.676788 
5597 0.675928 
5599 0.675083 
5601 0.673315 
5603 0.673666 
5605 0.674622 
5607 0.676072 
5609 0.676183 
5611 0.675179 
5613 0.675076 
5615 0.675201 
5617 0.674913 
5619 0.674367 
5621 0.678832 
5623 0.678663 
5625 0.678404 
5627 0.677415 
5629 0.676924 
5631 0.675651 
5633 0.672415 
5635 0.671433 
5637 0.671777 
5639 0.671909 
5641 0.674271 
5643 0.681168 
5645 0.715344 
5647 0.715112 
5649 0.716872 
5651 0.716569 
5653 0.715647 
5655 0.716057 
5657 0.714783 
5659 0.71523 
5661 0.716385 
5663 0.718053 
5665 0.718156 
5667 0.719304 
5669 0.719795 
5671 0.725943 
5673 0.727463 
5675 0.727659 
5677 0.727747 
5679 0.727209 
5681 0.728353 
5683 0.727537 
5685 0.725275 
5687 0.725242 
5689 0.724795 
5691 0.725338 
5693 0.725803 
5695 0.72574 
5697 0.727681 
5699 0.727917 
5701 0.732611 
5703 0.736102 
5705 0.742405 
5707 0.743184 
5709 0.743631 
5711 0.75207 
5713 0.750908 
5715 0.752819 
5717 0.752993 
5719 0.753557 
5721 0.755569 
5723 0.755809 
5725 0.756008 
5727 0.756107 
5729 0.756071 
5731 0.756148 
5733 0.756203 
5735 0.755786 
5737 0.756292 
Time taken by function: 122336916 microseconds
