1 0.079766 0 
2 0.0869769 0.0639752 
3 0.101646 0.0639678 
4 0.108558 0.0619012 
5 0.1132 0.055886 
6 0.117374 0.0536571 
7 0.119913 0.0471511 
8 0.122939 0.0443095 
9 0.126522 0.0410805 
10 0.131146 0.0442247 
11 0.13429 0.0479851 
12 0.136095 0.0466713 
13 0.137578 0.0469038 
14 0.139564 0.044173 
15 0.141335 0.0441693 
16 0.142977 0.0471548 
17 0.144096 0.0370027 
18 0.147601 0.0366632 
19 0.152554 0.0396118 
20 0.157074 0.0392686 
21 0.158041 0.0392317 
22 0.153561 0.0411617 
23 0.150672 0.034711 
24 0.146693 0.0381836 
25 0.150959 0.024821 
26 0.153831 0.0254262 
27 0.158809 0.0346778 
28 0.164724 0.039752 
29 0.17464 0.0501033 
30 0.185372 0.0582109 
31 0.196022 0.0669644 
32 0.199387 0.0722083 
33 0.201602 0.0881024 
34 0.203329 0.0696952 
35 0.20355 0.0620415 
36 0.201181 0.0635397 
37 0.205624 0.07133 
38 0.213178 0.0704517 
39 0.218437 0.0726806 
40 0.221928 0.0740165 
41 0.222518 0.0897668 
42 0.223795 0.0765961 
43 0.22557 0.076489 
44 0.228895 0.0815485 
45 0.232471 0.0833862 
46 0.235534 0.0787955 
47 0.238708 0.0718429 
48 0.239567 0.0698059 
49 0.240542 0.076633 
50 0.240497 0.058997 
51 0.239103 0.0572219 
52 0.236209 0.0522179 
53 0.232501 0.052609 
54 0.230563 0.0440734 
55 0.22898 0.04297 
56 0.226921 0.0427818 
57 0.225762 0.0401137 
58 0.223216 0.0529375 
59 0.222555 0.0356299 
60 0.221404 0.0345007 
61 0.221773 0.0301941 
62 0.221219 0.0303196 
63 0.219957 0.0272566 
64 0.220046 0.0219979 
65 0.21957 0.01847 
66 0.220732 0.0326888 
67 0.221031 0.0150638 
68 0.221127 0.0116392 
69 0.221928 0.0102295 
70 0.221463 0.00926637 
71 0.222301 0.00856521 
72 0.221518 0.00920732 
73 0.22057 0.00912983 
74 0.221603 0.0281497 
75 0.222079 0.0113772 
76 0.221681 0.00821832 
77 0.221618 0.00840652 
78 0.22188 0.00859473 
79 0.222865 0.010141 
80 0.22185 0.0113588 
81 0.220094 0.0130526 
82 0.221404 0.0101299 
83 0.219348 0.0278655 
84 0.218846 0.0106539 
85 0.218636 0.00756513 
86 0.218721 0.00574581 
87 0.218964 0.00633626 
88 0.219105 0.00752085 
89 0.219422 0.00658351 
90 0.219086 0.00646173 
91 0.218175 0.024201 
92 0.218064 0.0075762 
93 0.222016 0.0128829 
94 0.225234 0.0156321 
95 0.230678 0.0181711 
96 0.234792 0.0237471 
97 0.233696 0.0283453 
98 0.231283 0.023463 
99 0.228017 0.039848 
100 0.224065 0.0225183 
101 0.221116 0.0192856 
102 0.219581 0.0150712 
103 0.219603 0.0114473 
104 0.219271 0.0130157 
105 0.219466 0.0171784 
106 0.220688 0.0142151 
107 0.219717 0.0120304 
108 0.220422 0.0306 
109 0.221035 0.0134733 
110 0.221068 0.0125655 
111 0.221138 0.0122666 
112 0.221411 0.00674958 
113 0.221157 0.00607056 
114 0.221917 0.00814082 
115 0.224227 0.0123736 
116 0.224851 0.0351871 
117 0.225304 0.0203779 
118 0.224389 0.0185401 
119 0.224297 0.0157982 
120 0.224791 0.0163924 
121 0.225194 0.0134327 
122 0.225441 0.0128312 
123 0.225592 0.0129235 
124 0.22447 0.0312495 
125 0.224714 0.0152115 
126 0.224334 0.0136099 
127 0.223614 0.0130711 
128 0.224928 0.0142372 
129 0.227607 0.0189866 
130 0.229821 0.0249502 
131 0.232774 0.0284228 
132 0.2348 0.0311204 
133 0.237512 0.0448114 
134 0.238457 0.0324969 
135 0.241143 0.0346778 
136 0.247686 0.0406266 
137 0.25648 0.0466492 
138 0.265617 0.0544284 
139 0.277544 0.0613846 
140 0.287689 0.0686877 
141 0.2928 0.103753 
142 0.304967 0.0845302 
143 0.316374 0.0872315 
144 0.325024 0.0894236 
145 0.334062 0.0948262 
146 0.343391 0.101329 
147 0.347077 0.102989 
148 0.34821 0.105989 
149 0.349893 0.133873 
150 0.355786 0.112333 
151 0.361403 0.110506 
152 0.364599 0.110163 
153 0.36757 0.106399 
154 0.369363 0.103476 
155 0.371821 0.10045 
156 0.37178 0.0970662 
157 0.371847 0.0917964 
158 0.375124 0.108344 
159 0.374603 0.0800908 
160 0.373264 0.0736032 
161 0.374234 0.0747325 
162 0.374766 0.068053 
163 0.374895 0.0623515 
164 0.374338 0.0559266 
165 0.374319 0.0521404 
166 0.373485 0.0773452 
167 0.376297 0.049845 
168 0.385689 0.0510776 
169 0.394616 0.0437671 
170 0.4061 0.0460255 
171 0.414525 0.046723 
172 0.420009 0.0544468 
173 0.426028 0.0531183 
174 0.438165 0.110189 
175 0.442634 0.060617 
176 0.448454 0.0613403 
177 0.451469 0.0630379 
178 0.454336 0.0634253 
179 0.456222 0.0633774 
180 0.45841 0.0643258 
181 0.460517 0.0642926 
182 0.46158 0.0635434 
183 0.459717 0.10582 
184 0.457244 0.0666876 
185 0.456214 0.0585615 
186 0.454436 0.0534246 
187 0.45303 0.0492509 
188 0.452218 0.0648166 
189 0.44966 0.0776293 
190 0.448384 0.081744 
191 0.453801 0.106927 
192 0.456344 0.0653074 
193 0.460226 0.0459628 
194 0.465636 0.0266551 
195 0.470297 0.0282604 
196 0.474777 0.0310835 
197 0.479253 0.0314082 
198 0.48322 0.0343937 
199 0.495022 0.0852129 
200 0.504417 0.0394826 
201 0.513038 0.037464 
202 0.520699 0.034855 
203 0.5326 0.03408 
204 0.545269 0.0344121 
205 0.551974 0.0363754 
206 0.557303 0.0382574 
207 0.561573 0.041671 
208 0.568278 0.0854565 
209 0.571123 0.0445752 
210 0.57223 0.0425825 
211 0.576559 0.0424312 
212 0.579375 0.0402576 
213 0.579364 0.0396819 
214 0.578962 0.0372721 
215 0.577275 0.0351908 
216 0.57857 0.0765149 
217 0.579829 0.0345228 
218 0.581087 0.035117 
219 0.581929 0.0341649 
220 0.581888 0.0343937 
221 0.581563 0.0338475 
222 0.582811 0.0331796 
223 0.582696 0.0320024 
224 0.580312 0.0806369 
225 0.58229 0.0408296 
226 0.582659 0.037405 
227 0.584678 0.0354934 
228 0.58687 0.0355229 
229 0.588084 0.0345265 
230 0.588501 0.030589 
231 0.588811 0.0307661 
232 0.589523 0.0294634 
233 0.591697 0.070972 
234 0.591409 0.033353 
235 0.591915 0.0312126 
236 0.591365 0.0275482 
237 0.592306 0.0285187 
238 0.593476 0.0301646 
239 0.594147 0.0280427 
240 0.595409 0.0241236 
241 0.597701 0.0621374 
242 0.597443 0.0219094 
243 0.597712 0.0203299 
244 0.598199 0.0164145 
245 0.598221 0.0148535 
246 0.598302 0.0124548 
247 0.597841 0.0130489 
248 0.597989 0.0103993 
249 0.602214 0.0434312 
250 0.603148 0.00980515 
251 0.603978 0.00860949 
252 0.604705 0.00640638 
253 0.604786 0.00643959 
254 0.605746 0.00521441 
255 0.606609 0.00874234 
256 0.606576 0.00566462 
257 0.608145 0.00682338 
258 0.611946 0.0379954 
259 0.61275 0.00524762 
260 0.61199 0.00649863 
261 0.611728 0.00678279 
262 0.612794 0.00632888 
263 0.615473 0.00884567 
264 0.618079 0.00965385 
265 0.62057 0.0126098 
266 0.61692 0.0448889 
267 0.616736 0.0174921 
268 0.613056 0.0199092 
269 0.613104 0.020603 
270 0.612473 0.0204406 
271 0.613942 0.0197542 
272 0.618732 0.0196288 
273 0.627998 0.019507 
274 0.642612 0.057388 
275 0.647483 0.0183704 
276 0.656355 0.0128312 
277 0.661071 0.0148941 
278 0.66592 0.0135139 
279 0.667226 0.0101447 
280 0.668551 0.00803749 
281 0.670271 0.00870913 
282 0.671326 0.00715551 
283 0.68225 0.0346077 
284 0.68136 0.00970551 
285 0.681737 0.00767215 
286 0.680449 0.0081482 
287 0.679308 0.00851354 
288 0.678604 0.007388 
289 0.678548 0.0102775 
290 0.678035 0.0115101 
291 0.677057 0.033198 
292 0.677452 0.00755037 
293 0.677327 0.00921839 
294 0.677327 0.035486 
295 0.677006 0.00705218 
296 0.676862 0.0065872 
297 0.677696 0.00824784 
298 0.678205 0.00924053 
299 0.677961 0.00869068 
300 0.67822 0.00867961 
301 0.677559 0.00783084 
302 0.677895 0.00661303 
303 0.68022 0.025965 
304 0.680131 0.00796738 
305 0.67839 0.00705956 
306 0.678367 0.00770906 
307 0.678235 0.00696361 
308 0.678633 0.00272714 
309 0.678593 0.00178242 
310 0.678803 0.00153886 
311 0.675471 0.025751 
312 0.675489 0.00316998 
313 0.675659 0.00432504 
314 0.674876 0.00766846 
315 0.673533 0.0101299 
316 0.672515 0.0092553 
317 0.673762 0.00772013 
318 0.673666 0.00625876 
319 0.681416 0.0317588 
320 0.680973 0.00598199 
321 0.679888 0.00750978 
322 0.678829 0.00661303 
323 0.678991 0.00516643 
324 0.679091 0.00619234 
325 0.679862 0.00754299 
326 0.679737 0.00901543 
327 0.677781 0.0100561 
328 0.667385 0.0372537 
329 0.666625 0.0139641 
330 0.666673 0.00985313 
331 0.668636 0.00753192 
332 0.669108 0.00550594 
333 0.668957 0.00635471 
334 0.669658 0.00674219 
335 0.670252 0.00606318 
336 0.669496 0.0324895 
337 0.670101 0.00614806 
338 0.666223 0.0373865 
339 0.667998 0.0105285 
340 0.668049 0.0107462 
341 0.668614 0.0109897 
342 0.668869 0.010462 
343 0.669293 0.00954683 
344 0.668381 0.00713706 
345 0.668238 0.0086427 
346 0.671142 0.0346188 
347 0.66909 0.00770906 
348 0.66985 0.0118422 
349 0.670212 0.0131375 
350 0.669599 0.0116429 
351 0.670116 0.0116171 
352 0.670094 0.00893055 
353 0.669101 0.0087202 
354 0.670156 0.00784929 
355 0.663315 0.0344048 
356 0.66292 0.00856521 
357 0.662927 0.00755037 
358 0.663436 0.00860949 
359 0.662573 0.00699314 
360 0.664156 0.00614436 
361 0.664462 0.00636209 
362 0.665824 0.00707801 
363 0.668415 0.0361466 
364 0.667499 0.00997122 
365 0.668249 0.00991955 
366 0.668536 0.00844712 
367 0.669249 0.00930696 
368 0.668101 0.00936231 
369 0.667341 0.00920363 
370 0.666702 0.00808547 
371 0.669134 0.0383829 
372 0.667485 0.0110709 
373 0.66792 0.0102997 
374 0.668381 0.0101225 
375 0.668787 0.0100819 
376 0.669924 0.0112222 
377 0.670673 0.0154292 
378 0.671378 0.0195365 
379 0.670286 0.0196693 
380 0.672013 0.0428629 
381 0.675806 0.0198612 
382 0.675334 0.0172817 
383 0.676618 0.0158868 
384 0.675227 0.0156026 
385 0.671858 0.0160196 
386 0.66916 0.0155657 
387 0.668599 0.0160012 
388 0.666164 0.0435899 
389 0.665008 0.0194036 
390 0.663957 0.0180493 
391 0.662931 0.015658 
392 0.663363 0.0142741 
393 0.6623 0.0131449 
394 0.662307 0.0114547 
395 0.663529 0.0108753 
396 0.67185 0.0431619 
397 0.673463 0.0129604 
398 0.672116 0.0115285 
399 0.673212 0.0103107 
400 0.674899 0.00875341 
401 0.672847 0.00612591 
402 0.674338 0.00593033 
403 0.671275 0.00478264 
404 0.670422 0.00360543 
405 0.670153 0.0295003 
406 0.669824 0.00484907 
407 0.669322 0.00461289 
408 0.669507 0.00460182 
409 0.669858 0.00619972 
410 0.668813 0.00908554 
411 0.671817 0.0109491 
412 0.670068 0.0125729 
413 0.663857 0.03663 
414 0.663809 0.0124548 
415 0.669906 0.0149199 
416 0.671275 0.0143627 
417 0.667791 0.0135951 
418 0.666141 0.0109196 
419 0.66558 0.00921101 
420 0.665119 0.00904495 
421 0.664499 0.0403609 
422 0.663979 0.00864639 
423 0.665739 0.00949148 
424 0.668153 0.00846926 
425 0.667795 0.00812606 
426 0.668363 0.00973873 
427 0.668079 0.0137353 
428 0.667677 0.0125434 
429 0.666761 0.0103144 
430 0.666293 0.036309 
431 0.666739 0.01275 
432 0.667647 0.0117389 
433 0.667909 0.0154366 
434 0.668274 0.0147723 
435 0.66837 0.0138829 
436 0.669334 0.0110488 
437 0.669359 0.0103845 
438 0.661529 0.0384678 
439 0.658768 0.0132704 
440 0.657307 0.0105912 
441 0.657488 0.00891579 
442 0.656484 0.006244 
443 0.65682 0.00618865 
444 0.65569 0.00682338 
445 0.655144 0.00589711 
446 0.660536 0.0429958 
447 0.660831 0.0143664 
448 0.660462 0.0123699 
449 0.661569 0.0133109 
450 0.662082 0.0126024 
451 0.663156 0.0148092 
452 0.664853 0.017374 
453 0.666293 0.018732 
454 0.668009 0.0197505 
455 0.667669 0.0507381 
456 0.668341 0.023677 
457 0.670046 0.0224482 
458 0.672843 0.0231936 
459 0.673651 0.0195955 
460 0.67354 0.0177246 
461 0.674238 0.0170677 
462 0.674991 0.0161857 
463 0.673146 0.0449849 
464 0.674913 0.0173518 
465 0.676131 0.014621 
466 0.676755 0.0151819 
467 0.676984 0.0149052 
468 0.678076 0.0118016 
469 0.679176 0.0116651 
470 0.680471 0.0111595 
471 0.682847 0.043339 
472 0.682242 0.0151303 
473 0.685552 0.0208466 
474 0.687479 0.0218171 
475 0.689032 0.0285814 
476 0.68935 0.034021 
477 0.691937 0.0499668 
478 0.694885 0.0597867 
479 0.699129 0.0655325 
480 0.704919 0.0924791 
481 0.707307 0.0906746 
482 0.710023 0.104576 
483 0.715488 0.113706 
484 0.719898 0.12185 
485 0.726364 0.127035 
486 0.734386 0.135519 
487 0.741224 0.145771 
488 0.747144 0.162045 
489 0.750867 0.166577 
490 0.756617 0.193546 
491 0.761628 0.217016 
492 0.766175 0.230401 
493 0.767082 0.239582 
494 0.769762 0.239955 
495 0.771249 0.249546 
496 0.776618 0.267389 
497 0.777976 0.265008 
498 0.779441 0.288265 
499 0.784246 0.29745 
500 0.78897 0.307251 
501 0.796498 0.313182 
502 0.798897 0.317105 
503 0.796129 0.323577 
504 0.797206 0.319647 
505 0.799867 0.322529 
506 0.787117 0.325463 
507 0.775961 0.323943 
508 0.742501 0.329537 
509 0.729962 0.324987 
510 0.727504 0.324024 
511 0.7266 0.325009 
512 0.724677 0.327869 
513 0.711776 0.328054 
514 0.706429 0.328729 
515 0.707702 0.336914 
516 0.716975 0.347221 
517 0.719644 0.356237 
518 0.679017 0.362931 
519 0.671109 0.360396 
520 0.668891 0.361669 
521 0.665034 0.360015 
522 0.673308 0.358063 
523 0.675426 0.363983 
524 0.673194 0.374002 
525 0.669588 0.383183 
526 0.677113 0.38946 
527 0.688984 0.397631 
528 0.690531 0.403712 
529 0.685442 0.404639 
530 0.68411 0.408514 
531 0.679312 0.404351 
532 0.678212 0.410514 
533 0.674537 0.422692 
534 0.677592 0.432663 
535 0.68601 0.445952 
536 0.684301 0.456757 
537 0.68215 0.464115 
538 0.686519 0.461632 
539 0.674223 0.455104 
540 0.662289 0.447834 
541 0.647616 0.438959 
542 0.643852 0.427637 
543 0.645719 0.420271 
544 0.648428 0.41837 
545 0.653214 0.409377 
546 0.649428 0.408838 
547 0.649664 0.40193 
548 0.641405 0.402687 
549 0.640955 0.401985 
550 0.627877 0.389597 
551 0.628511 0.374352 
552 0.632117 0.374515 
553 0.634124 0.376412 
554 0.63787 0.373747 
555 0.645904 0.372367 
556 0.653067 0.368666 
557 0.664842 0.377854 
558 0.665237 0.375541 
559 0.661455 0.376626 
560 0.657488 0.377209 
561 0.656063 0.380928 
562 0.651793 0.378703 
563 0.630423 0.376644 
564 0.633563 0.367082 
565 0.646435 0.369156 
566 0.657108 0.371496 
567 0.665817 0.363916 
568 0.669817 0.36668 
569 0.669389 0.360927 
570 0.654975 0.354786 
571 0.637224 0.351635 
572 0.624131 0.351317 
573 0.620503 0.352901 
574 0.610137 0.350447 
575 0.60248 0.350266 
576 0.598454 0.344014 
577 0.589638 0.335582 
578 0.530253 0.345033 
579 0.514817 0.351948 
580 0.482822 0.368946 
581 0.457716 0.350118 
582 0.43691 0.347273 
583 0.427238 0.336774 
584 0.401019 0.343974 
585 0.381644 0.346738 
586 0.373028 0.343583 
587 0.36492 0.334862 
588 0.360126 0.324478 
589 0.354528 0.32343 
590 0.361975 0.325725 
591 0.361495 0.317688 
592 0.365499 0.3224 
593 0.369374 0.31533 
594 0.36644 0.304701 
595 0.365735 0.302103 
596 0.357875 0.296959 
597 0.345712 0.27991 
598 0.338088 0.274039 
599 0.316389 0.263016 
600 0.310325 0.273186 
601 0.308285 0.281279 
602 0.308694 0.286394 
603 0.315307 0.293918 
604 0.307436 0.300269 
605 0.307167 0.297524 
606 0.300144 0.290966 
607 0.293896 0.292236 
608 0.284338 0.292468 
609 0.271732 0.293638 
610 0.25779 0.288826 
611 0.259388 0.292058 
612 0.255078 0.292483 
613 0.248694 0.291224 
614 0.24173 0.276692 
615 0.233416 0.267119 
616 0.219525 0.252539 
617 0.204137 0.232072 
618 0.184678 0.212281 
619 0.174758 0.204657 
620 0.167614 0.204347 
621 0.162647 0.205214 
622 0.149454 0.197516 
623 0.162123 0.18901 
624 0.173035 0.188239 
625 0.179257 0.192778 
626 0.193538 0.199749 
627 0.218219 0.211322 
628 0.238626 0.229117 
629 0.252266 0.2388 
630 0.263584 0.259289 
631 0.278855 0.26802 
632 0.29538 0.27905 
633 0.287276 0.288866 
634 0.293372 0.32081 
635 0.314067 0.343394 
636 0.33546 0.361159 
637 0.345815 0.368669 
638 0.332844 0.355827 
639 0.326445 0.340516 
640 0.313473 0.327028 
641 0.313381 0.312518 
642 0.302122 0.305908 
643 0.283478 0.301406 
644 0.269817 0.286781 
645 0.260399 0.285966 
646 0.251923 0.268315 
647 0.25234 0.245926 
648 0.246797 0.232467 
649 0.238291 0.216414 
650 0.212193 0.203211 
651 0.190992 0.179751 
652 0.15758 0.154384 
653 0.129006 0.128061 
654 0.111034 0.108724 
655 0.0861503 0.0964352 
656 0.0626245 0.0786737 
657 0.0521515 0.0705329 
658 0.0523618 0.0538121 
659 0.0447339 0.0346446 
660 0.0389365 0.0251679 
661 0.0371319 0.00992324 
662 0.0375083 0.00664625 
663 0.037047 0.00968706 
664 0.0364344 0.00459813 
665 0.0366743 0.00483061 
666 0.0366374 0.00681231 
667 0.0371614 0.00690826 
668 0.0577423 0.0306886 
669 0.0922836 0.0506864 
670 0.126755 0.0767916 
671 0.162503 0.100709 
672 0.198834 0.122777 
673 0.230043 0.146882 
674 0.246583 0.175245 
675 0.257584 0.21051 
676 0.283663 0.249096 
677 0.310041 0.276345 
678 0.302727 0.276157 
679 0.290748 0.273976 
680 0.275046 0.279168 
681 0.270835 0.256325 
682 0.246848 0.252668 
683 0.225482 0.227913 
684 0.213027 0.232316 
685 0.199502 0.217662 
686 0.175467 0.195509 
687 0.145712 0.161104 
688 0.115651 0.14214 
689 0.0999668 0.119171 
690 0.0880545 0.0977969 
691 0.0791534 0.0850506 
692 0.0682855 0.0678242 
693 0.0633737 0.0519522 
694 0.0544099 0.0379105 
695 0.043125 0.027895 
696 0.0428666 0.0166654 
697 0.0420216 0.0116355 
698 0.0412023 0.00869806 
699 0.0420585 0.0100782 
700 0.0467894 0.0132593 
701 0.0582036 0.0252971 
702 0.0744557 0.0346889 
703 0.0934349 0.0430696 
704 0.118134 0.0500886 
705 0.145564 0.0599934 
706 0.174179 0.0629788 
707 0.202834 0.0702008 
708 0.231858 0.0818289 
709 0.264551 0.101768 
710 0.294575 0.118452 
711 0.311886 0.127216 
712 0.324279 0.136575 
713 0.326891 0.151395 
714 0.325482 0.139464 
715 0.32447 0.149258 
716 0.321751 0.15593 
717 0.312983 0.157713 
718 0.294727 0.171603 
719 0.289918 0.184814 
720 0.295701 0.203214 
721 0.296195 0.208314 
722 0.296454 0.205724 
723 0.292033 0.198967 
724 0.284667 0.19104 
725 0.271378 0.176157 
726 0.241929 0.179545 
727 0.210964 0.16013 
728 0.178998 0.143225 
729 0.156628 0.12622 
730 0.134242 0.102794 
731 0.110569 0.0898332 
732 0.0847885 0.0795778 
733 0.0725109 0.0658646 
734 0.0593439 0.0531368 
735 0.0461695 0.0459038 
736 0.0409698 0.0352461 
737 0.0262455 0.0305189 
738 0.0318105 0.0250314 
739 0.0346483 0.0137169 
740 0.0346446 0.0102443 
741 0.0340837 0.00824415 
742 0.0339435 0.00950993 
743 0.0355155 0.00901543 
744 0.0381947 0.0114621 
745 0.0378552 0.00949148 
746 0.0381246 0.0120858 
747 0.0386597 0.0103882 
748 0.0386708 0.0115839 
749 0.0366743 0.0110709 
750 0.0357517 0.0126578 
751 0.0392981 0.012333 
752 0.0421175 0.0153923 
753 0.0422909 0.0150638 
754 0.0438114 0.0154845 
755 0.044387 0.017946 
756 0.0485866 0.0206251 
757 0.0672928 0.0441767 
758 0.081482 0.0652484 
759 0.0932394 0.0822201 
760 0.100111 0.0933021 
761 0.104281 0.0998376 
762 0.107052 0.100934 
763 0.110573 0.105358 
764 0.112883 0.105927 
765 0.113654 0.110126 
766 0.113728 0.110525 
767 0.120669 0.116913 
768 0.126404 0.128201 
769 0.13039 0.135966 
770 0.130744 0.141446 
771 0.120725 0.146461 
772 0.106576 0.135929 
773 0.0931434 0.130106 
774 0.0872611 0.121533 
775 0.0805115 0.111126 
776 0.0750055 0.10365 
777 0.0767953 0.0957082 
778 0.0724186 0.0862684 
779 0.0664108 0.0753192 
780 0.0600635 0.0698649 
781 0.0552771 0.0572921 
782 0.0501255 0.0500185 
783 0.0477784 0.0440586 
784 0.0464167 0.0413942 
785 0.0462728 0.0383792 
786 0.0439258 0.0341944 
787 0.0414828 0.0291534 
788 0.0409181 0.0268728 
789 0.0423684 0.0235737 
790 0.042826 0.022474 
791 0.044125 0.0237804 
792 0.0460846 0.0238874 
793 0.0440586 0.0242638 
794 0.0431286 0.0245664 
795 0.0452358 0.0270057 
796 0.0660159 0.050262 
797 0.0816518 0.0687172 
798 0.0817957 0.0897557 
799 0.0878921 0.0934497 
800 0.0896007 0.0913352 
801 0.091051 0.0921507 
802 0.0945273 0.0957414 
803 0.0987933 0.100871 
804 0.102295 0.109226 
805 0.104458 0.110599 
806 0.08856 0.0974168 
807 0.0765444 0.0808067 
808 0.058484 0.0618865 
809 0.0391763 0.0505056 
810 0.0239796 0.0382205 
811 0.0337589 0.0259761 
812 0.0488302 0.0324673 
813 0.057233 0.0436785 
814 0.0626098 0.0534283 
815 0.0673998 0.0572662 
816 0.0718762 0.0597646 
817 0.0756329 0.0615175 
818 0.0779024 0.0637612 
819 0.0795483 0.0639641 
820 0.0789505 0.067064 
821 0.0846114 0.0691158 
822 0.0827921 0.0640342 
823 0.0683187 0.0564248 
824 0.0570448 0.0495756 
825 0.0455864 0.04235 
826 0.0388405 0.033091 
827 0.0349841 0.0348107 
828 0.0361798 0.0309322 
829 0.0377629 0.0214038 
830 0.0394457 0.02419 
831 0.0404716 0.0227766 
832 0.0413019 0.0234113 
833 0.0414828 0.0244446 
834 0.042826 0.024655 
835 0.0435272 0.0262639 
836 0.0438003 0.0266403 
837 0.0490664 0.0374419 
838 0.0641966 0.0558713 
839 0.0717064 0.0734298 
840 0.0720422 0.0884346 
841 0.0778618 0.0905934 
842 0.0831168 0.0936896 
843 0.0877482 0.09459 
844 0.091623 0.0959074 
845 0.0945162 0.100129 
846 0.0980441 0.106255 
847 0.101395 0.108263 
848 0.103122 0.113237 
849 0.105904 0.116333 
850 0.108953 0.121603 
851 0.101587 0.114651 
852 0.0907373 0.105392 
853 0.0744225 0.0889992 
854 0.0528858 0.0718097 
855 0.0267289 0.0614621 
856 0.016968 0.0447413 
857 0.0292457 0.0292346 
858 0.0284523 0.015241 
859 0.0274411 0.00355377 
860 0.0272271 0.000741752 
861 0.0272935 0.000509263 
862 0.0273526 0.000926268 
863 0.0277474 0.00325116 
864 0.0277105 0.000571998 
865 0.0277253 0.000682707 
866 0.0279873 0.000922577 
867 0.0279246 0.00107388 
868 0.0280833 0.000464979 
869 0.0279947 0.000675327 
870 0.0280316 0.000557237 
871 0.0280242 0.00268285 
872 0.0276921 0.0010665 
873 0.0278618 0.00144291 
874 0.0277991 0.00132482 
875 0.0279652 0.000878294 
876 0.039907 0.0135656 
877 0.0510001 0.0335707 
878 0.05603 0.0456307 
879 0.0598384 0.0519706 
880 0.0716769 0.0669791 
881 0.0921544 0.0878478 
882 0.114459 0.118097 
883 0.1366 0.148882 
884 0.151229 0.175127 
885 0.162237 0.192737 
886 0.171315 0.20324 
887 0.17839 0.214979 
888 0.184822 0.228987 
889 0.178832 0.227175 
890 0.170858 0.228246 
891 0.171013 0.224858 
892 0.174681 0.224895 
893 0.17915 0.217599 
894 0.172304 0.21072 
895 0.155871 0.198432 
896 0.143354 0.188032 
897 0.141811 0.169249 
898 0.129194 0.145479 
899 0.116016 0.128242 
900 0.0998671 0.112621 
901 0.0784707 0.101709 
902 0.0747288 0.0920843 
903 0.073618 0.0742195 
904 0.0676581 0.0570116 
905 0.067957 0.0437375 
906 0.068625 0.0399993 
907 0.0689534 0.0407705 
908 0.0703336 0.0426009 
909 0.0733523 0.0435161 
910 0.0800797 0.0476419 
911 0.0931655 0.0558676 
912 0.100816 0.0656764 
913 0.104185 0.0738726 
914 0.106473 0.0749133 
915 0.107894 0.073201 
916 0.110702 0.0715145 
917 0.116108 0.0747288 
918 0.118511 0.079338 
919 0.121201 0.0776626 
920 0.122286 0.0800244 
921 0.123526 0.0833419 
922 0.125655 0.0782641 
923 0.128618 0.0770131 
924 0.129762 0.0686914 
925 0.131095 0.066599 
926 0.130641 0.0728024 
927 0.133353 0.0707986 
928 0.138686 0.0697727 
929 0.140298 0.0680825 
930 0.140077 0.070389 
931 0.141852 0.0590228 
932 0.141516 0.0583253 
933 0.14152 0.0550262 
934 0.142671 0.0505499 
935 0.143649 0.0486088 
936 0.145155 0.0439885 
937 0.14597 0.0347369 
938 0.145575 0.0400952 
939 0.147236 0.0248801 
940 0.147372 0.0201159 
941 0.148173 0.0140638 
942 0.14838 0.0140232 
943 0.148081 0.0118127 
944 0.148428 0.013894 
945 0.149188 0.0182892 
946 0.148033 0.0315411 
947 0.148845 0.0149531 
948 0.148498 0.0142261 
949 0.147815 0.0153074 
950 0.148421 0.0135176 
951 0.154034 0.0197395 
952 0.158266 0.0233191 
953 0.154417 0.02643 
954 0.150908 0.0200273 
955 0.147502 0.0309986 
956 0.149118 0.0159606 
957 0.150011 0.0214333 
958 0.151443 0.0194073 
959 0.151037 0.0198981 
960 0.150897 0.0179534 
961 0.153724 0.0244889 
962 0.156657 0.0278323 
963 0.157635 0.0549708 
964 0.159683 0.0383681 
965 0.158975 0.0383017 
966 0.157587 0.0316665 
967 0.158532 0.0295262 
968 0.159248 0.0284486 
969 0.158687 0.0235552 
970 0.160071 0.025238 
971 0.159665 0.0451509 
972 0.160252 0.023212 
973 0.159857 0.0226954 
974 0.158646 0.0244778 
975 0.15958 0.0234925 
976 0.159181 0.022319 
977 0.159606 0.0255775 
978 0.163396 0.0264189 
979 0.164621 0.0297365 
980 0.163636 0.0457045 
981 0.169005 0.0303233 
982 0.177936 0.0348439 
983 0.189383 0.0419994 
984 0.200469 0.0500332 
985 0.211809 0.0547457 
986 0.222625 0.0556056 
987 0.235364 0.0555945 
988 0.250166 0.0861724 
989 0.262433 0.0536276 
990 0.274817 0.0605285 
991 0.288955 0.0614031 
992 0.304801 0.0638054 
993 0.316392 0.0671378 
994 0.325884 0.069411 
995 0.339139 0.0734003 
996 0.359185 0.115285 
997 0.367415 0.0891726 
998 0.382748 0.0999336 
999 0.39786 0.104255 
1000 0.414182 0.110569 
1001 0.434235 0.113374 
1002 0.449487 0.115248 
1003 0.467068 0.120858 
1004 0.48253 0.1337 
1005 0.50627 0.139866 
1006 0.535896 0.134338 
1007 0.556314 0.136855 
1008 0.570212 0.129921 
1009 0.581548 0.125751 
1010 0.585781 0.117075 
1011 0.595527 0.113621 
1012 0.602639 0.114621 
1013 0.612994 0.136254 
1014 0.595549 0.115938 
1015 0.584239 0.110495 
1016 0.586874 0.10314 
1017 0.586368 0.0887446 
1018 0.58491 0.0759134 
1019 0.582419 0.0709277 
1020 0.586069 0.0729427 
1021 0.591748 0.110008 
1022 0.598162 0.0776478 
1023 0.603052 0.086165 
1024 0.608665 0.0929737 
1025 0.609119 0.0957045 
1026 0.60834 0.0939479 
1027 0.607303 0.0909477 
1028 0.61444 0.0922873 
1029 0.623422 0.0909587 
1030 0.634811 0.127825 
1031 0.638678 0.0949 
1032 0.636353 0.0935383 
1033 0.631357 0.0852203 
1034 0.627755 0.0763156 
1035 0.624389 0.0719352 
1036 0.621544 0.0691047 
1037 0.618562 0.0678611 
1038 0.618108 0.0994575 
1039 0.616979 0.0633774 
1040 0.612569 0.05858 
1041 0.612455 0.0514245 
1042 0.612137 0.0515315 
1043 0.616278 0.0520371 
1044 0.621979 0.0507381 
1045 0.623053 0.0495018 
1046 0.632962 0.0836298 
1047 0.63353 0.0391542 
1048 0.633991 0.0363864 
1049 0.632179 0.0313787 
1050 0.630829 0.0316887 
1051 0.630091 0.0259503 
1052 0.629253 0.0252675 
1053 0.628759 0.025548 
1054 0.62822 0.0236918 
1055 0.627965 0.0655731 
1056 0.628091 0.0279615 
1057 0.625633 0.0252454 
1058 0.625452 0.0206842 
1059 0.623385 0.0246476 
1060 0.624946 0.0285814 
1061 0.628087 0.0289283 
1062 0.632685 0.0342461 
1063 0.636914 0.0778766 
1064 0.635294 0.0432061 
1065 0.637789 0.040003 
1066 0.637578 0.0356226 
1067 0.635634 0.0313418 
1068 0.635449 0.0234814 
1069 0.635099 0.0224371 
1070 0.633759 0.0215772 
1071 0.634822 0.0643036 
1072 0.635512 0.0207838 
1073 0.634567 0.0140896 
1074 0.634368 0.0127131 
1075 0.6336 0.0097867 
1076 0.633205 0.0113735 
1077 0.633534 0.0155583 
1078 0.632117 0.0157096 
1079 0.631733 0.014717 
1080 0.632301 0.0482988 
1081 0.631508 0.0135508 
1082 0.631298 0.010093 
1083 0.630434 0.0117463 
1084 0.631198 0.00931065 
1085 0.63115 0.010724 
1086 0.629711 0.0107683 
1087 0.630737 0.00990848 
1088 0.630504 0.044114 
1089 0.631478 0.00923315 
1090 0.630737 0.0100709 
1091 0.632423 0.00861687 
1092 0.633977 0.00963171 
1093 0.635892 0.00895638 
1094 0.636383 0.00632519 
1095 0.636553 0.0092553 
1096 0.644413 0.0441767 
1097 0.643442 0.0080338 
1098 0.643601 0.00678279 
1099 0.64493 0.00701528 
1100 0.643343 0.00701528 
1101 0.6418 0.00965016 
1102 0.640889 0.00855783 
1103 0.640974 0.00858366 
1104 0.641081 0.00987158 
1105 0.641926 0.0411137 
1106 0.640095 0.0149015 
1107 0.638088 0.0149421 
1108 0.636527 0.0171452 
1109 0.635984 0.0156727 
1110 0.635785 0.0193298 
1111 0.635183 0.0176877 
1112 0.634431 0.0180862 
1113 0.630511 0.0471363 
1114 0.629331 0.0245406 
1115 0.629681 0.0216732 
1116 0.628426 0.0226733 
1117 0.626589 0.0190789 
1118 0.62605 0.0184294 
1119 0.627408 0.0196324 
1120 0.629172 0.0202008 
1121 0.633412 0.0494907 
1122 0.632154 0.0219869 
1123 0.630109 0.021795 
1124 0.627057 0.0153295 
1125 0.628179 0.0133995 
1126 0.62798 0.00911875 
1127 0.627832 0.00562403 
1128 0.627401 0.00504096 
1129 0.627699 0.00543214 
1130 0.626142 0.0320393 
1131 0.626537 0.00848033 
1132 0.626895 0.00811499 
1133 0.626456 0.0076537 
1134 0.628242 0.00558344 
1135 0.630467 0.0066647 
1136 0.631493 0.00622186 
1137 0.630589 0.00664625 
1138 0.630375 0.0345634 
1139 0.629142 0.00901912 
1140 0.627836 0.00766477 
1141 0.627563 0.0055982 
1142 0.62674 0.00646542 
1143 0.626622 0.00387113 
1144 0.62719 0.00295963 
1145 0.628401 0.00327699 
1146 0.64356 0.0360248 
1147 0.643335 0.00484907 
1148 0.643974 0.0054469 
1149 0.644339 0.00564248 
1150 0.64604 0.00404089 
1151 0.646745 0.00331021 
1152 0.648539 0.00309617 
1153 0.648122 0.00383792 
1154 0.647395 0.00477526 
1155 0.651782 0.0300207 
1156 0.651635 0.0102664 
1157 0.650258 0.00728467 
1158 0.649775 0.00787143 
1159 0.650111 0.00494501 
1160 0.650185 0.00252786 
1161 0.650343 0.00269762 
1162 0.650114 0.0025906 
1163 0.649387 0.0266772 
1164 0.648775 0.0043398 
1165 0.649015 0.00349472 
1166 0.649376 0.00274559 
1167 0.650089 0.00255738 
1168 0.650066 0.00235442 
1169 0.649834 0.00312569 
1170 0.649613 0.00353532 
1171 0.651642 0.0267732 
1172 0.651011 0.00357222 
1173 0.651247 0.00263488 
1174 0.651159 0.00123994 
1175 0.651085 0.00164588 
1176 0.651406 0.000738062 
1177 0.65155 0.000693778 
1178 0.651638 0.000579379 
1179 0.65121 0.00110709 
1180 0.649686 0.0208097 
1181 0.6489 0.00251679 
1182 0.648926 0.00265333 
1183 0.649513 0.00517012 
1184 0.649852 0.00580117 
1185 0.649701 0.00498192 
1186 0.64917 0.00584914 
1187 0.649044 0.00605211 
1188 0.64762 0.0235663 
1189 0.648029 0.00605211 
1190 0.649007 0.00534357 
1191 0.651321 0.0278065 
1192 0.651443 0.00463134 
1193 0.650764 0.00349472 
1194 0.650539 0.00446527 
1195 0.651196 0.00534726 
1196 0.651126 0.00512584 
1197 0.651602 0.00562772 
1198 0.651144 0.00633995 
1199 0.64866 0.0306296 
1200 0.647967 0.00621448 
1201 0.648339 0.00533619 
1202 0.647325 0.00427338 
1203 0.647435 0.00305927 
1204 0.648236 0.0035021 
1205 0.649934 0.0050631 
1206 0.651531 0.00651709 
1207 0.652923 0.00882353 
1208 0.659122 0.0315263 
1209 0.660207 0.0169828 
1210 0.66051 0.0148867 
1211 0.661388 0.0118016 
1212 0.663388 0.0117684 
1213 0.667953 0.0127279 
1214 0.669839 0.013418 
1215 0.670105 0.0117647 
1216 0.667189 0.0343752 
1217 0.665935 0.0138202 
1218 0.667001 0.0124474 
1219 0.667688 0.0110193 
1220 0.667957 0.00996383 
1221 0.668153 0.00822939 
1222 0.669127 0.00729205 
1223 0.669282 0.00816296 
1224 0.662241 0.0326371 
1225 0.661444 0.0134438 
1226 0.660864 0.0143885 
1227 0.661119 0.0149052 
1228 0.661484 0.0142778 
1229 0.661776 0.0108421 
1230 0.661536 0.00823677 
1231 0.661484 0.00451694 
1232 0.66054 0.00462396 
1233 0.657045 0.0285409 
1234 0.656045 0.0177799 
1235 0.656104 0.0220644 
1236 0.655332 0.0220385 
1237 0.654676 0.0240276 
1238 0.653834 0.0211196 
1239 0.65331 0.0209831 
1240 0.652653 0.0195808 
1241 0.647443 0.0379253 
1242 0.646638 0.0207137 
1243 0.645889 0.0207801 
1244 0.646022 0.0198133 
1245 0.645409 0.0201011 
1246 0.645963 0.0211196 
1247 0.645933 0.0200015 
1248 0.646014 0.0194369 
1249 0.646262 0.0368293 
1250 0.646254 0.0179349 
1251 0.646583 0.0167577 
1252 0.646103 0.0148387 
1253 0.644597 0.0118274 
1254 0.642354 0.0068935 
1255 0.640258 0.00434349 
1256 0.639232 0.00567201 
1257 0.637364 0.00984575 
1258 0.637818 0.0346372 
1259 0.63901 0.0172079 
1260 0.639556 0.0170123 
1261 0.641269 0.0173408 
1262 0.641044 0.0146874 
1263 0.641199 0.0146911 
1264 0.641313 0.0120267 
1265 0.641416 0.0118976 
1266 0.642546 0.0403425 
1267 0.640324 0.0201971 
1268 0.638615 0.0224186 
1269 0.63715 0.0235294 
1270 0.636582 0.0250646 
1271 0.642826 0.0241014 
1272 0.649505 0.0222046 
1273 0.659052 0.0187025 
1274 0.709259 0.0545981 
1275 0.712388 0.0134217 
1276 0.714839 0.00712968 
1277 0.717167 0.00711123 
1278 0.720352 0.00583438 
1279 0.723315 0.00552808 
1280 0.725249 0.00591926 
1281 0.725699 0.00475681 
1282 0.726216 0.00509263 
1283 0.73697 0.0300133 
1284 0.736316 0.00980146 
1285 0.734534 0.00831427 
1286 0.73236 0.00881246 
1287 0.731641 0.0102628 
1288 0.731083 0.0102886 
1289 0.730371 0.0127832 
1290 0.730567 0.0156654 
1291 0.732172 0.0406082 
1292 0.732799 0.0136947 
1293 0.732696 0.0113403 
1294 0.732851 0.0126098 
1295 0.730818 0.0135803 
1296 0.730021 0.0116319 
1297 0.729308 0.00823677 
1298 0.728685 0.0100635 
1299 0.729748 0.0412134 
1300 0.730176 0.0252491 
1301 0.729375 0.0255 
1302 0.729844 0.0245664 
1303 0.731681 0.0203779 
1304 0.728522 0.0155436 
1305 0.725581 0.0124843 
1306 0.72402 0.0103993 
1307 0.72136 0.00947302 
1308 0.712444 0.0307329 
1309 0.713868 0.0110562 
1310 0.713425 0.00944719 
1311 0.712695 0.00912613 
1312 0.715684 0.00953207 
1313 0.716359 0.00621079 
1314 0.716946 0.0087571 
1315 0.719946 0.0106318 
1316 0.732707 0.0312754 
1317 0.731903 0.00694885 
1318 0.731947 0.00413315 
1319 0.731866 0.0043029 
1320 0.729655 0.00605211 
1321 0.72957 0.0103218 
1322 0.730482 0.0104362 
1323 0.733582 0.00705218 
1324 0.740542 0.0336556 
1325 0.73901 0.00589711 
1326 0.736984 0.00562403 
1327 0.736405 0.00557975 
1328 0.735851 0.0123256 
1329 0.73446 0.0113735 
1330 0.730803 0.0128386 
1331 0.73432 0.00946933 
1332 0.732132 0.00404458 
1333 0.732748 0.0253303 
1334 0.731707 0.00394863 
1335 0.732774 0.00293011 
1336 0.7305 0.00396339 
1337 0.731135 0.00284892 
1338 0.731379 0.00229906 
1339 0.735095 0.00240608 
1340 0.735755 0.00435456 
1341 0.733907 0.0337811 
1342 0.734324 0.0154366 
1343 0.73436 0.0139531 
1344 0.73374 0.0124991 
1345 0.736427 0.0132704 
1346 0.735139 0.0141486 
1347 0.732637 0.0174921 
1348 0.728116 0.0150602 
1349 0.715651 0.0379216 
1350 0.717448 0.007805 
1351 0.715425 0.00338032 
1352 0.714643 0.00202229 
1353 0.714603 0.00202598 
1354 0.715127 0.00208872 
1355 0.717555 0.00304451 
1356 0.725072 0.00610746 
1357 0.725696 0.00814451 
1358 0.74552 0.0387187 
1359 0.746542 0.00713706 
1360 0.747978 0.00514429 
1361 0.749402 0.00436933 
1362 0.750365 0.00595247 
1363 0.750122 0.00570891 
1364 0.749513 0.00903388 
1365 0.747598 0.00905602 
1366 0.73739 0.0380877 
1367 0.733921 0.011595 
1368 0.731552 0.010558 
1369 0.729999 0.00958742 
1370 0.729305 0.00960957 
1371 0.730681 0.00712599 
1372 0.730921 0.00679755 
1373 0.731582 0.00884567 
1374 0.735914 0.0344786 
1375 0.735538 0.00877556 
1376 0.73646 0.00831427 
1377 0.73925 0.0162189 
1378 0.743741 0.0212119 
1379 0.74252 0.0279467 
1380 0.739538 0.0352314 
1381 0.738206 0.0358218 
1382 0.738132 0.0478855 
1383 0.743645 0.0715366 
1384 0.741151 0.0543619 
1385 0.739612 0.0593476 
1386 0.738169 0.0638276 
1387 0.735969 0.0674478 
1388 0.736401 0.0807181 
1389 0.737759 0.0884752 
1390 0.741354 0.0938261 
1391 0.743114 0.117271 
1392 0.748295 0.113429 
1393 0.751317 0.111684 
1394 0.755893 0.111385 
1395 0.762864 0.117717 
1396 0.767629 0.119854 
1397 0.773529 0.132999 
1398 0.78094 0.123666 
1399 0.784464 0.150269 
1400 0.787206 0.142095 
1401 0.787464 0.17457 
1402 0.788534 0.196136 
1403 0.794191 0.214975 
1404 0.796136 0.232866 
1405 0.796243 0.247753 
1406 0.803255 0.268684 
1407 0.809455 0.276257 
1408 0.811875 0.289379 
1409 0.820293 0.287545 
1410 0.822515 0.293077 
1411 0.822629 0.29835 
1412 0.824839 0.309281 
1413 0.824718 0.31589 
1414 0.82619 0.33494 
1415 0.814293 0.345155 
1416 0.802675 0.331408 
1417 0.777294 0.346708 
1418 0.769204 0.355495 
1419 0.71802 0.379113 
1420 0.712602 0.375851 
1421 0.678401 0.390682 
1422 0.684434 0.387888 
1423 0.686379 0.377777 
1424 0.686076 0.375419 
1425 0.701424 0.378596 
1426 0.710252 0.380892 
1427 0.708543 0.388933 
1428 0.706668 0.39352 
1429 0.707702 0.395217 
1430 0.707812 0.402303 
1431 0.709252 0.401174 
1432 0.678161 0.405565 
1433 0.668765 0.394103 
1434 0.666296 0.391523 
1435 0.6632 0.394324 
1436 0.662359 0.39783 
1437 0.659447 0.39611 
1438 0.659539 0.399321 
1439 0.662303 0.394797 
1440 0.639925 0.400424 
1441 0.628449 0.397365 
1442 0.613045 0.396771 
1443 0.599055 0.389383 
1444 0.583633 0.389855 
1445 0.588025 0.389785 
1446 0.591963 0.393025 
1447 0.593177 0.392007 
1448 0.598779 0.381323 
1449 0.588202 0.382456 
1450 0.589427 0.378135 
1451 0.594317 0.384807 
1452 0.595527 0.381231 
1453 0.587936 0.373633 
1454 0.576002 0.365772 
1455 0.569123 0.362226 
1456 0.566828 0.363034 
1457 0.566448 0.365673 
1458 0.565466 0.360864 
1459 0.557443 0.352015 
1460 0.557484 0.352436 
1461 0.555871 0.356366 
1462 0.561894 0.367492 
1463 0.564293 0.376729 
1464 0.551934 0.376622 
1465 0.543202 0.377829 
1466 0.526061 0.380205 
1467 0.502779 0.383423 
1468 0.485084 0.384464 
1469 0.4736 0.385039 
1470 0.457661 0.385977 
1471 0.451218 0.392354 
1472 0.450565 0.392763 
1473 0.465473 0.391117 
1474 0.474526 0.399716 
1475 0.489889 0.390682 
1476 0.486553 0.399528 
1477 0.471315 0.416414 
1478 0.462152 0.422662 
1479 0.455285 0.424393 
1480 0.446066 0.420101 
1481 0.443143 0.41954 
1482 0.443195 0.42509 
1483 0.450679 0.421965 
1484 0.464237 0.417821 
1485 0.470079 0.419717 
1486 0.47371 0.413082 
1487 0.467533 0.409204 
1488 0.460831 0.411444 
1489 0.459595 0.412444 
1490 0.467167 0.410883 
1491 0.478515 0.404639 
1492 0.48952 0.396786 
1493 0.474308 0.397919 
1494 0.461064 0.396675 
1495 0.437781 0.396262 
1496 0.433353 0.382777 
1497 0.41964 0.390424 
1498 0.422352 0.384693 
1499 0.423544 0.381582 
1500 0.446103 0.371788 
1501 0.462208 0.380925 
1502 0.493077 0.390139 
1503 0.525954 0.387715 
1504 0.55238 0.384003 
1505 0.573238 0.392457 
1506 0.596114 0.393154 
1507 0.621843 0.378807 
1508 0.635449 0.378294 
1509 0.662115 0.370588 
1510 0.665876 0.373378 
1511 0.708115 0.372326 
1512 0.713101 0.364743 
1513 0.717743 0.357982 
1514 0.706576 0.349155 
1515 0.692365 0.345944 
1516 0.674662 0.352639 
1517 0.656584 0.351251 
1518 0.644513 0.35865 
1519 0.635527 0.369544 
1520 0.558746 0.390512 
1521 0.545727 0.387973 
1522 0.543649 0.405059 
1523 0.513108 0.407248 
1524 0.514337 0.399177 
1525 0.492162 0.403653 
1526 0.483836 0.39442 
1527 0.467455 0.387353 
1528 0.456465 0.382456 
1529 0.455499 0.380353 
1530 0.453104 0.374175 
1531 0.451805 0.371367 
1532 0.463769 0.374363 
1533 0.468529 0.366647 
1534 0.464311 0.351875 
1535 0.456148 0.357211 
1536 0.458713 0.351255 
1537 0.450959 0.345966 
1538 0.438575 0.339158 
1539 0.424146 0.334305 
1540 0.414728 0.330965 
1541 0.404775 0.326316 
1542 0.372057 0.320754 
1543 0.352517 0.3051 
1544 0.346933 0.305329 
1545 0.350587 0.305904 
1546 0.358779 0.310499 
1547 0.368935 0.304565 
1548 0.388394 0.306757 
1549 0.398052 0.315234 
1550 0.406244 0.312617 
1551 0.417071 0.318518 
1552 0.425087 0.324699 
1553 0.430988 0.320263 
1554 0.412156 0.31881 
1555 0.400509 0.312621 
1556 0.391472 0.304923 
1557 0.384674 0.301461 
1558 0.364684 0.294608 
1559 0.337494 0.295461 
1560 0.29266 0.291339 
1561 0.264761 0.293372 
1562 0.265684 0.277843 
1563 0.265584 0.277873 
1564 0.275906 0.267492 
1565 0.279286 0.265913 
1566 0.275138 0.262086 
1567 0.278382 0.263805 
1568 0.278426 0.271164 
1569 0.28105 0.273212 
1570 0.285921 0.285726 
1571 0.30083 0.288073 
1572 0.327297 0.298111 
1573 0.34452 0.311159 
1574 0.368942 0.315769 
1575 0.372087 0.317319 
1576 0.381205 0.321175 
1577 0.384715 0.329076 
1578 0.369223 0.335017 
1579 0.364215 0.330283 
1580 0.355403 0.325271 
1581 0.344162 0.319559 
1582 0.340531 0.313743 
1583 0.321223 0.326257 
1584 0.299339 0.318245 
1585 0.283578 0.299498 
1586 0.269662 0.291582 
1587 0.249561 0.272094 
1588 0.228818 0.266023 
1589 0.209281 0.241424 
1590 0.191217 0.22233 
1591 0.176127 0.205347 
1592 0.159167 0.181589 
1593 0.134837 0.158255 
1594 0.110263 0.131512 
1595 0.092147 0.105845 
1596 0.0663776 0.0906045 
1597 0.0533766 0.0768987 
1598 0.0499446 0.0600745 
1599 0.0447302 0.0440438 
1600 0.0393867 0.022426 
1601 0.0334416 0.0119787 
1602 0.0325301 0.00343199 
1603 0.0324895 0.000590449 
1604 0.0328105 0.00104067 
1605 0.0329582 0.00117721 
1606 0.0332644 0.00120673 
1607 0.0329766 0.00160159 
1608 0.0331648 0.00216621 
1609 0.0338254 0.00156469 
1610 0.0340468 0.00230644 
1611 0.0336962 0.00196324 
1612 0.0360396 0.010451 
1613 0.0358403 0.00492656 
1614 0.0357923 0.00446527 
1615 0.0355082 0.00542106 
1616 0.0348328 0.00617758 
1617 0.0346003 0.00481585 
1618 0.0340394 0.00566093 
1619 0.0337626 0.00448373 
1620 0.0331648 0.00600782 
1621 0.0326519 0.00760942 
1622 0.0326555 0.00459444 
1623 0.0323197 0.00582331 
1624 0.0322902 0.00376412 
1625 0.032161 0.00543214 
1626 0.0318621 0.00561665 
1627 0.0316961 0.00404458 
1628 0.0314525 0.00549118 
1629 0.031113 0.00514429 
1630 0.0309506 0.00502251 
1631 0.0307919 0.00556499 
1632 0.031017 0.00412208 
1633 0.0315521 0.00633995 
1634 0.0338955 0.00702266 
1635 0.0364972 0.00700421 
1636 0.0362499 0.00836962 
1637 0.0347147 0.0102332 
1638 0.0332792 0.00697099 
1639 0.0321168 0.00290796 
1640 0.0465902 0.0170234 
1641 0.0559377 0.0351465 
1642 0.0615027 0.0468743 
1643 0.077157 0.062798 
1644 0.0980183 0.0790464 
1645 0.108506 0.0981954 
1646 0.114758 0.109731 
1647 0.119677 0.115459 
1648 0.124729 0.118544 
1649 0.132641 0.122695 
1650 0.135206 0.129375 
1651 0.124175 0.125124 
1652 0.114828 0.124651 
1653 0.103207 0.123057 
1654 0.101461 0.119433 
1655 0.0971363 0.107119 
1656 0.0861613 0.0978043 
1657 0.0967378 0.0922725 
1658 0.102185 0.0968374 
1659 0.110975 0.111691 
1660 0.111953 0.124814 
1661 0.10658 0.133523 
1662 0.101996 0.131272 
1663 0.106742 0.125227 
1664 0.109761 0.12557 
1665 0.113233 0.129076 
1666 0.11702 0.132264 
1667 0.117588 0.134349 
1668 0.10927 0.133534 
1669 0.109193 0.127906 
1670 0.102103 0.123518 
1671 0.0898295 0.118968 
1672 0.0710569 0.100498 
1673 0.0461695 0.0838143 
1674 0.0553731 0.0740202 
1675 0.0557384 0.0619824 
1676 0.0536977 0.0489925 
1677 0.0472655 0.0358181 
1678 0.042195 0.0287291 
1679 0.0433353 0.0229611 
1680 0.0443833 0.0213374 
1681 0.04552 0.0232489 
1682 0.0483947 0.0262418 
1683 0.059425 0.0390029 
1684 0.0749096 0.0522068 
1685 0.0894531 0.0649236 
1686 0.104535 0.0737988 
1687 0.125954 0.0851686 
1688 0.144465 0.0882685 
1689 0.16647 0.096926 
1690 0.183036 0.110554 
1691 0.203181 0.133803 
1692 0.217902 0.146199 
1693 0.231659 0.165972 
1694 0.229637 0.164285 
1695 0.222828 0.168075 
1696 0.210241 0.17388 
1697 0.190461 0.175367 
1698 0.174718 0.178519 
1699 0.165835 0.172264 
1700 0.162621 0.169799 
1701 0.152757 0.160248 
1702 0.13987 0.145435 
1703 0.122895 0.128094 
1704 0.10279 0.111665 
1705 0.091051 0.0883866 
1706 0.0868551 0.083925 
1707 0.0731382 0.072378 
1708 0.0584065 0.0534357 
1709 0.0467009 0.0354713 
1710 0.0366374 0.0256772 
1711 0.0326482 0.01337 
1712 0.0326186 0.00303343 
1713 0.0327146 0.00101484 
1714 0.0327589 5.16643e-05 
1715 0.0325928 3.69031e-05 
1716 0.0326076 7.38062e-06 
1717 0.0325375 4.05934e-05 
1718 0.0324747 0 
1719 0.0324673 0 
1720 0.0324415 0 
1721 0.0323898 0.0012584 
1722 0.032412 3.69031e-05 
1723 0.0323825 2.21419e-05 
1724 0.0324378 7.38062e-06 
1725 0.0323751 7.38062e-06 
1726 0.0323788 3.69031e-06 
1727 0.0323529 0 
1728 0.0323898 1.84515e-05 
1729 0.032567 0.000933648 
1730 0.0325633 7.38062e-06 
1731 0.0325707 5.53546e-05 
1732 0.0325375 3.69031e-06 
1733 0.0324489 0.000767584 
1734 0.0324563 2.58322e-05 
1735 0.0324784 1.47612e-05 
1736 0.0324489 3.69031e-06 
1737 0.0324673 0 
1738 0.0324563 7.38062e-06 
1739 0.0324747 0 
1740 0.0324784 3.69031e-06 
1741 0.0326297 0.00130268 
1742 0.0324932 5.90449e-05 
1743 0.0324452 1.47612e-05 
1744 0.0324637 1.47612e-05 
1745 0.0324083 4.42837e-05 
1746 0.0324083 0 
1747 0.0324341 0 
1748 0.0324378 0 
1749 0.032305 0.000878294 
1750 0.0323677 3.69031e-06 
1751 0.0324231 1.47612e-05 
1752 0.0324267 1.47612e-05 
1753 0.0356521 0.00350948 
1754 0.0515425 0.0180788 
1755 0.0643701 0.0322312 
1756 0.0704701 0.0452358 
1757 0.075596 0.0511366 
1758 0.078825 0.055565 
1759 0.0815854 0.057174 
1760 0.084449 0.0594509 
1761 0.0869917 0.059735 
1762 0.0887519 0.0587645 
1763 0.092826 0.0601078 
1764 0.108211 0.0728688 
1765 0.12805 0.0873681 
1766 0.141516 0.103517 
1767 0.153893 0.107842 
1768 0.163473 0.107218 
1769 0.172389 0.107772 
1770 0.18022 0.106458 
1771 0.183848 0.102901 
1772 0.184434 0.100897 
1773 0.181227 0.09776 
1774 0.178227 0.0957894 
1775 0.175367 0.0787918 
1776 0.172566 0.0746476 
1777 0.176858 0.0669496 
1778 0.182224 0.0720016 
1779 0.18856 0.0769946 
1780 0.192213 0.0795963 
1781 0.195136 0.0812606 
1782 0.198705 0.0793047 
1783 0.202196 0.0901838 
1784 0.205362 0.0824452 
1785 0.217175 0.0921027 
1786 0.231604 0.101495 
1787 0.243726 0.112698 
1788 0.252487 0.125216 
1789 0.25117 0.129729 
1790 0.250753 0.130412 
1791 0.252292 0.139416 
1792 0.25489 0.118968 
1793 0.25899 0.117108 
1794 0.261986 0.112761 
1795 0.265038 0.109916 
1796 0.274389 0.113809 
1797 0.287339 0.121588 
1798 0.294608 0.123042 
1799 0.300214 0.146096 
1800 0.301376 0.121201 
1801 0.298922 0.110193 
1802 0.296579 0.102498 
1803 0.299107 0.100731 
1804 0.303351 0.09142 
1805 0.306668 0.0877187 
1806 0.312196 0.0884678 
1807 0.326072 0.0909071 
1808 0.337527 0.121168 
1809 0.344867 0.100624 
1810 0.350498 0.0987785 
1811 0.359462 0.108746 
1812 0.365496 0.119201 
1813 0.374219 0.125622 
1814 0.386165 0.131076 
1815 0.395612 0.13646 
1816 0.400587 0.186434 
1817 0.408783 0.150727 
1818 0.410794 0.147642 
1819 0.407875 0.136973 
1820 0.406606 0.129884 
1821 0.40451 0.123452 
1822 0.400266 0.114001 
1823 0.396771 0.103111 
1824 0.397081 0.13587 
1825 0.394199 0.0905122 
1826 0.394291 0.0852166 
1827 0.402687 0.0905011 
1828 0.415138 0.0893239 
1829 0.427474 0.0883866 
1830 0.439859 0.0848254 
1831 0.452963 0.0778139 
1832 0.463632 0.0768728 
1833 0.476142 0.122481 
1834 0.484143 0.0768913 
1835 0.495941 0.0718208 
1836 0.504284 0.0622555 
1837 0.51041 0.0527087 
1838 0.51409 0.0595874 
1839 0.516599 0.0602554 
1840 0.51644 0.0573326 
1841 0.526703 0.120666 
1842 0.533538 0.0720607 
1843 0.541479 0.064359 
1844 0.564484 0.0633331 
1845 0.578973 0.0618016 
1846 0.590745 0.0658757 
1847 0.598945 0.0637501 
1848 0.603871 0.0585873 
1849 0.6112 0.107569 
1850 0.614706 0.0564027 
1851 0.619632 0.0481253 
1852 0.625083 0.0454129 
1853 0.633423 0.0482582 
1854 0.640582 0.0473762 
1855 0.648989 0.0488043 
1856 0.651945 0.0525648 
1857 0.655166 0.055672 
1858 0.654314 0.113067 
1859 0.656521 0.0725995 
1860 0.65803 0.073308 
1861 0.660038 0.0728024 
1862 0.66092 0.0691047 
1863 0.664499 0.0649162 
1864 0.667673 0.0597719 
1865 0.670378 0.0597277 
1866 0.676884 0.109742 
1867 0.675083 0.0588973 
1868 0.673448 0.050882 
1869 0.674622 0.0424312 
1870 0.676231 0.0442542 
1871 0.675179 0.0439331 
1872 0.674869 0.0405085 
1873 0.674913 0.039704 
1874 0.679508 0.0924976 
1875 0.678663 0.0462506 
1876 0.678109 0.0407816 
1877 0.676924 0.0382796 
1878 0.673629 0.036892 
1879 0.671433 0.034283 
1880 0.671529 0.0303343 
1881 0.674271 0.0267326 
1882 0.682571 0.0249465 
1883 0.715112 0.0763636 
1884 0.717001 0.0248284 
1885 0.715647 0.025751 
1886 0.715817 0.025131 
1887 0.71523 0.0262344 
1888 0.717304 0.0244372 
1889 0.718156 0.0249391 
1890 0.719632 0.0231198 
1891 0.725943 0.0703557 
1892 0.727832 0.0246845 
1893 0.727747 0.0215182 
1894 0.728511 0.0221492 
1895 0.727537 0.0215772 
1896 0.725448 0.0214481 
1897 0.724795 0.0237656 
1898 0.725467 0.022319 
1899 0.72574 0.0732157 
1900 0.727076 0.0253414 
1901 0.732611 0.0220127 
1902 0.738287 0.0168795 
1903 0.743184 0.0128718 
1904 0.74559 0.0122629 
1905 0.750908 0.0127611 
1906 0.753373 0.0103661 
1907 0.753557 0.00702266 
1908 0.755934 0.0501661 
1909 0.756008 0.00621079 
1910 0.756222 0.00471252 
1911 0.756148 0.00659089 
1912 0.756351 0.00562772 
1913 0.756292 0.00435826 
