Frame Number Queue Density
1 0.078642 
2 0.0769753 
3 0.079537 
4 0.0870062 
5 0.0953086 
6 0.0973457 
7 0.102346 
8 0.103981 
9 0.105525 
10 0.107562 
11 0.108858 
12 0.111944 
13 0.114475 
14 0.113611 
15 0.115772 
16 0.115278 
17 0.118117 
18 0.118148 
19 0.118951 
20 0.119815 
21 0.120185 
22 0.121265 
23 0.12392 
24 0.124228 
25 0.125772 
26 0.127623 
27 0.129475 
28 0.13108 
29 0.131296 
30 0.131852 
31 0.132407 
32 0.134846 
33 0.133642 
34 0.133796 
35 0.135988 
36 0.134506 
37 0.137654 
38 0.135432 
39 0.138302 
40 0.138611 
41 0.137284 
42 0.138673 
43 0.139506 
44 0.140154 
45 0.141481 
46 0.142346 
47 0.142469 
48 0.142994 
49 0.142315 
50 0.141944 
51 0.144383 
52 0.145679 
53 0.148056 
54 0.150247 
55 0.15216 
56 0.153272 
57 0.155432 
58 0.15679 
59 0.157315 
60 0.158858 
61 0.156204 
62 0.154599 
63 0.154012 
64 0.152747 
65 0.150988 
66 0.151204 
67 0.149383 
68 0.147747 
69 0.147469 
70 0.14466 
71 0.146636 
72 0.147963 
73 0.150216 
74 0.151852 
75 0.151296 
76 0.152963 
77 0.154969 
78 0.155617 
79 0.156852 
80 0.161019 
81 0.162716 
82 0.164846 
83 0.167253 
84 0.170216 
85 0.173457 
86 0.177068 
87 0.178889 
88 0.184074 
89 0.188426 
90 0.190432 
91 0.195062 
92 0.197994 
93 0.197099 
94 0.197716 
95 0.196574 
96 0.19787 
97 0.198889 
98 0.199537 
99 0.199907 
100 0.200494 
101 0.200278 
102 0.200463 
103 0.201265 
104 0.199259 
105 0.200154 
106 0.198272 
107 0.200988 
108 0.201667 
109 0.203241 
110 0.205679 
111 0.208364 
112 0.210988 
113 0.212747 
114 0.213519 
115 0.216667 
116 0.21963 
117 0.21963 
118 0.22108 
119 0.218765 
120 0.218117 
121 0.219599 
122 0.219012 
123 0.21929 
124 0.220957 
125 0.22358 
126 0.224259 
127 0.222315 
128 0.225309 
129 0.223302 
130 0.226358 
131 0.22784 
132 0.229136 
133 0.231667 
134 0.228735 
135 0.232191 
136 0.233272 
137 0.234043 
138 0.237469 
139 0.236389 
140 0.236667 
141 0.239907 
142 0.237438 
143 0.236327 
144 0.238148 
145 0.239414 
146 0.240154 
147 0.239074 
148 0.23929 
149 0.237469 
150 0.235957 
151 0.235525 
152 0.235031 
153 0.233272 
154 0.232191 
155 0.233488 
156 0.232191 
157 0.230185 
158 0.228364 
159 0.229043 
160 0.228426 
161 0.228796 
162 0.226759 
163 0.227377 
164 0.22608 
165 0.224722 
166 0.223827 
167 0.225093 
168 0.223179 
169 0.222778 
170 0.219074 
171 0.218796 
172 0.220093 
173 0.218796 
174 0.218488 
175 0.218735 
176 0.218426 
177 0.218858 
178 0.217562 
179 0.217623 
180 0.218765 
181 0.219321 
182 0.21787 
183 0.218796 
184 0.218735 
185 0.217438 
186 0.218086 
187 0.217531 
188 0.217099 
189 0.21713 
190 0.218056 
191 0.217068 
192 0.217191 
193 0.21713 
194 0.217407 
195 0.219475 
196 0.220617 
197 0.220802 
198 0.220494 
199 0.219383 
200 0.219198 
201 0.219321 
202 0.218951 
203 0.219074 
204 0.219444 
205 0.219444 
206 0.219136 
207 0.219074 
208 0.21892 
209 0.218765 
210 0.219043 
211 0.219722 
212 0.219938 
213 0.220031 
214 0.219599 
215 0.218951 
216 0.218148 
217 0.218241 
218 0.218179 
219 0.218333 
220 0.219414 
221 0.219784 
222 0.219938 
223 0.219907 
224 0.219877 
225 0.219784 
226 0.219599 
227 0.219568 
228 0.219352 
229 0.219414 
230 0.219167 
231 0.219537 
232 0.219722 
233 0.219722 
234 0.22 
235 0.220494 
236 0.220556 
237 0.220309 
238 0.219907 
239 0.218858 
240 0.217623 
241 0.217654 
242 0.217531 
243 0.217809 
244 0.218457 
245 0.216111 
246 0.21642 
247 0.216667 
248 0.217438 
249 0.21713 
250 0.217099 
251 0.21679 
252 0.21642 
253 0.216173 
254 0.216019 
255 0.216605 
256 0.216358 
257 0.216852 
258 0.216265 
259 0.216698 
260 0.217037 
261 0.217006 
262 0.217068 
263 0.21716 
264 0.217006 
265 0.217191 
266 0.217037 
267 0.216852 
268 0.21679 
269 0.216358 
270 0.217006 
271 0.216512 
272 0.216852 
273 0.216481 
274 0.216574 
275 0.2175 
276 0.218241 
277 0.219444 
278 0.220648 
279 0.221204 
280 0.223333 
281 0.225463 
282 0.226481 
283 0.228858 
284 0.231049 
285 0.231914 
286 0.233056 
287 0.233333 
288 0.232901 
289 0.231852 
290 0.231574 
291 0.230988 
292 0.23034 
293 0.228642 
294 0.227994 
295 0.224506 
296 0.222284 
297 0.22179 
298 0.221204 
299 0.220154 
300 0.219691 
301 0.218765 
302 0.218272 
303 0.218025 
304 0.217222 
305 0.216883 
306 0.216852 
307 0.216883 
308 0.218364 
309 0.217963 
310 0.217963 
311 0.219012 
312 0.218704 
313 0.217623 
314 0.21784 
315 0.218488 
316 0.218889 
317 0.218488 
318 0.218395 
319 0.21858 
320 0.218302 
321 0.219136 
322 0.218488 
323 0.218704 
324 0.219198 
325 0.218796 
326 0.218519 
327 0.218364 
328 0.219043 
329 0.218673 
330 0.218951 
331 0.219969 
332 0.219753 
333 0.219846 
334 0.220401 
335 0.22 
336 0.220309 
337 0.220556 
338 0.220185 
339 0.220679 
340 0.220617 
341 0.22216 
342 0.222901 
343 0.222901 
344 0.223951 
345 0.222253 
346 0.222809 
347 0.223179 
348 0.223858 
349 0.223519 
350 0.223426 
351 0.22287 
352 0.222901 
353 0.2225 
354 0.22179 
355 0.222901 
356 0.222963 
357 0.222901 
358 0.222407 
359 0.223117 
360 0.222963 
361 0.223457 
362 0.223272 
363 0.223796 
364 0.224198 
365 0.223951 
366 0.224321 
367 0.223765 
368 0.223642 
369 0.223889 
370 0.22284 
371 0.222932 
372 0.222809 
373 0.223302 
374 0.223364 
375 0.22287 
376 0.222068 
377 0.221728 
378 0.222407 
379 0.222438 
380 0.22216 
381 0.221975 
382 0.22358 
383 0.22463 
384 0.225278 
385 0.225802 
386 0.226914 
387 0.227253 
388 0.228395 
389 0.229228 
390 0.230309 
391 0.230741 
392 0.23213 
393 0.232562 
394 0.233241 
395 0.234938 
396 0.235617 
397 0.236142 
398 0.236235 
399 0.236728 
400 0.237068 
401 0.237469 
402 0.238457 
403 0.240062 
404 0.241821 
405 0.242593 
406 0.245741 
407 0.249784 
408 0.25071 
409 0.254568 
410 0.256759 
411 0.258889 
412 0.26358 
413 0.270062 
414 0.271296 
415 0.275216 
416 0.279907 
417 0.282531 
418 0.285401 
419 0.289444 
420 0.287469 
421 0.290309 
422 0.294414 
423 0.296574 
424 0.303735 
425 0.306605 
426 0.309815 
427 0.313827 
428 0.317377 
429 0.318765 
430 0.32213 
431 0.326389 
432 0.327963 
433 0.331821 
434 0.334444 
435 0.337253 
436 0.341667 
437 0.343735 
438 0.344352 
439 0.345648 
440 0.345617 
441 0.346667 
442 0.346512 
443 0.346512 
444 0.346019 
445 0.34784 
446 0.349938 
447 0.350833 
448 0.352994 
449 0.356852 
450 0.355525 
451 0.359352 
452 0.361914 
453 0.360864 
454 0.362994 
455 0.364753 
456 0.365185 
457 0.365494 
458 0.366389 
459 0.366512 
460 0.367191 
461 0.367099 
462 0.368642 
463 0.368858 
464 0.368704 
465 0.369043 
466 0.368272 
467 0.369136 
468 0.368765 
469 0.368981 
470 0.37287 
471 0.373364 
472 0.373611 
473 0.373056 
474 0.373395 
475 0.371728 
476 0.372222 
477 0.371914 
478 0.371728 
479 0.37142 
480 0.372068 
481 0.372716 
482 0.373889 
483 0.372716 
484 0.372191 
485 0.373364 
486 0.372747 
487 0.373117 
488 0.373765 
489 0.371975 
490 0.371759 
491 0.372809 
492 0.373519 
493 0.37284 
494 0.372932 
495 0.370926 
496 0.369568 
497 0.371142 
498 0.370216 
499 0.372315 
500 0.375432 
501 0.376512 
502 0.381204 
503 0.386265 
504 0.388426 
505 0.391327 
506 0.395895 
507 0.39784 
508 0.40179 
509 0.406759 
510 0.409043 
511 0.410031 
512 0.412315 
513 0.413086 
514 0.416667 
515 0.419444 
516 0.42037 
517 0.421636 
518 0.423395 
519 0.425494 
520 0.437716 
521 0.438272 
522 0.439105 
523 0.44 
524 0.441327 
525 0.443611 
526 0.445525 
527 0.445895 
528 0.447284 
529 0.449877 
530 0.448981 
531 0.449846 
532 0.449877 
533 0.451728 
534 0.452006 
535 0.453364 
536 0.455957 
537 0.455154 
538 0.455926 
539 0.456759 
540 0.458117 
541 0.45784 
542 0.459198 
543 0.460401 
544 0.458981 
545 0.456914 
546 0.45716 
547 0.456728 
548 0.455247 
549 0.455093 
550 0.454321 
551 0.452932 
552 0.451296 
553 0.453302 
554 0.451451 
555 0.450432 
556 0.452346 
557 0.451296 
558 0.452469 
559 0.450062 
560 0.451451 
561 0.449321 
562 0.450062 
563 0.449414 
564 0.448179 
565 0.448364 
566 0.447099 
567 0.446636 
568 0.447407 
569 0.448086 
570 0.450679 
571 0.451389 
572 0.451698 
573 0.452068 
574 0.453827 
575 0.455988 
576 0.456512 
577 0.457099 
578 0.45963 
579 0.459907 
580 0.463056 
581 0.464599 
582 0.465586 
583 0.468179 
584 0.469352 
585 0.470864 
586 0.472685 
587 0.474506 
588 0.473951 
589 0.476049 
590 0.477438 
591 0.478951 
592 0.480802 
593 0.484321 
594 0.485278 
595 0.490895 
596 0.493889 
597 0.498765 
598 0.500278 
599 0.504877 
600 0.507006 
601 0.509691 
602 0.512778 
603 0.514537 
604 0.516451 
605 0.519414 
606 0.521204 
607 0.529043 
608 0.534105 
609 0.537068 
610 0.540741 
611 0.544784 
612 0.545278 
613 0.547407 
614 0.550741 
615 0.550741 
616 0.554722 
617 0.555247 
618 0.558117 
619 0.55787 
620 0.564506 
621 0.564969 
622 0.567623 
623 0.566574 
624 0.567716 
625 0.568611 
626 0.569198 
627 0.568827 
628 0.570185 
629 0.572809 
630 0.573488 
631 0.574105 
632 0.576358 
633 0.575988 
634 0.577901 
635 0.578765 
636 0.577222 
637 0.578272 
638 0.578117 
639 0.578179 
640 0.578457 
641 0.577593 
642 0.576327 
643 0.574846 
644 0.576914 
645 0.575864 
646 0.576728 
647 0.576173 
648 0.577253 
649 0.576049 
650 0.578981 
651 0.578611 
652 0.578642 
653 0.578951 
654 0.578611 
655 0.579228 
656 0.579414 
657 0.580617 
658 0.579198 
659 0.579568 
660 0.580802 
661 0.578981 
662 0.58037 
663 0.582469 
664 0.58 
665 0.581821 
666 0.580679 
667 0.578951 
668 0.580988 
669 0.581142 
670 0.577222 
671 0.578673 
672 0.580216 
673 0.580062 
674 0.579877 
675 0.581636 
676 0.580648 
677 0.58142 
678 0.581327 
679 0.582037 
680 0.581265 
681 0.581728 
682 0.582438 
683 0.583765 
684 0.583025 
685 0.584969 
686 0.58534 
687 0.585185 
688 0.583241 
689 0.585556 
690 0.586296 
691 0.586111 
692 0.585741 
693 0.585309 
694 0.586142 
695 0.588549 
696 0.586327 
697 0.587778 
698 0.587253 
699 0.587099 
700 0.587438 
701 0.588951 
702 0.588148 
703 0.58716 
704 0.588611 
705 0.588272 
706 0.587068 
707 0.587593 
708 0.588364 
709 0.588056 
710 0.590309 
711 0.590741 
712 0.590123 
713 0.590556 
714 0.591265 
715 0.592932 
716 0.592531 
717 0.592901 
718 0.59321 
719 0.593395 
720 0.59429 
721 0.594753 
722 0.595926 
723 0.596173 
724 0.594599 
725 0.59534 
726 0.595679 
727 0.595741 
728 0.596389 
729 0.59608 
730 0.596821 
731 0.596265 
732 0.596481 
733 0.596636 
734 0.596574 
735 0.597222 
736 0.597191 
737 0.597531 
738 0.597623 
739 0.597191 
740 0.5975 
741 0.597469 
742 0.597778 
743 0.596944 
744 0.597253 
745 0.600586 
746 0.601636 
747 0.60179 
748 0.6025 
749 0.603148 
750 0.603549 
751 0.603611 
752 0.603179 
753 0.603025 
754 0.60358 
755 0.603951 
756 0.604105 
757 0.604506 
758 0.605216 
759 0.604907 
760 0.605556 
761 0.606049 
762 0.60642 
763 0.60642 
764 0.606481 
765 0.606574 
766 0.606481 
767 0.607932 
768 0.608241 
769 0.608981 
770 0.611235 
771 0.610278 
772 0.610247 
773 0.609846 
774 0.609383 
775 0.610586 
776 0.609691 
777 0.60966 
778 0.609722 
779 0.609599 
780 0.610185 
781 0.610432 
782 0.610895 
783 0.611019 
784 0.611296 
785 0.611605 
786 0.611667 
787 0.613549 
788 0.614877 
789 0.615494 
790 0.61608 
791 0.618148 
792 0.617716 
793 0.617315 
794 0.617284 
795 0.615556 
796 0.615648 
797 0.615154 
798 0.616204 
799 0.614198 
800 0.613611 
801 0.613673 
802 0.61034 
803 0.611111 
804 0.610988 
805 0.611173 
806 0.611049 
807 0.611481 
808 0.610679 
809 0.612037 
810 0.610864 
811 0.611667 
812 0.612994 
813 0.613519 
814 0.615617 
815 0.619198 
816 0.623364 
817 0.625926 
818 0.626327 
819 0.626574 
820 0.639074 
821 0.639383 
822 0.63892 
823 0.644784 
824 0.650679 
825 0.653426 
826 0.654568 
827 0.657284 
828 0.658148 
829 0.65892 
830 0.661512 
831 0.6625 
832 0.663426 
833 0.665247 
834 0.665957 
835 0.666296 
836 0.666019 
837 0.666883 
838 0.667006 
839 0.668735 
840 0.669012 
841 0.669784 
842 0.670123 
843 0.670525 
844 0.670833 
845 0.680864 
846 0.679907 
847 0.681142 
848 0.68037 
849 0.680525 
850 0.679136 
851 0.679938 
852 0.680988 
853 0.680278 
854 0.680679 
855 0.678981 
856 0.679043 
857 0.67892 
858 0.678179 
859 0.677809 
860 0.678056 
861 0.678117 
862 0.678302 
863 0.677438 
864 0.6775 
865 0.676975 
866 0.676914 
867 0.676512 
868 0.676173 
869 0.676173 
870 0.675062 
871 0.674815 
872 0.67571 
873 0.675216 
874 0.676358 
875 0.675093 
876 0.675154 
877 0.675154 
878 0.674444 
879 0.674414 
880 0.673796 
881 0.673704 
882 0.674259 
883 0.674136 
884 0.674537 
885 0.674815 
886 0.673827 
887 0.674846 
888 0.675401 
889 0.675864 
890 0.675216 
891 0.67608 
892 0.67537 
893 0.674815 
894 0.674321 
895 0.674321 
896 0.674815 
897 0.675154 
898 0.675648 
899 0.675278 
900 0.675185 
901 0.675278 
902 0.675309 
903 0.676049 
904 0.676049 
905 0.675864 
906 0.676543 
907 0.677623 
908 0.677315 
909 0.677469 
910 0.677191 
911 0.677099 
912 0.675648 
913 0.674383 
914 0.675093 
915 0.674722 
916 0.674506 
917 0.674599 
918 0.674537 
919 0.674815 
920 0.674846 
921 0.675741 
922 0.675957 
923 0.676019 
924 0.67534 
925 0.67571 
926 0.675988 
927 0.676667 
928 0.675802 
929 0.675895 
930 0.672438 
931 0.671944 
932 0.671852 
933 0.672037 
934 0.671975 
935 0.671389 
936 0.671265 
937 0.671389 
938 0.671667 
939 0.671883 
940 0.670525 
941 0.669784 
942 0.670247 
943 0.66963 
944 0.66963 
945 0.669444 
946 0.668457 
947 0.669877 
948 0.67 
949 0.670679 
950 0.671173 
951 0.670463 
952 0.670031 
953 0.670309 
954 0.670185 
955 0.679444 
956 0.67858 
957 0.67929 
958 0.678735 
959 0.678241 
960 0.676852 
961 0.676883 
962 0.677809 
963 0.677346 
964 0.677099 
965 0.676574 
966 0.676698 
967 0.676358 
968 0.676914 
969 0.677222 
970 0.677191 
971 0.677284 
972 0.677685 
973 0.677994 
974 0.678673 
975 0.677901 
976 0.676821 
977 0.676821 
978 0.675741 
979 0.675185 
980 0.664846 
981 0.664259 
982 0.664599 
983 0.664043 
984 0.663673 
985 0.663858 
986 0.663611 
987 0.664074 
988 0.664198 
989 0.664877 
990 0.664846 
991 0.667531 
992 0.667469 
993 0.6675 
994 0.667809 
995 0.667531 
996 0.666759 
997 0.666481 
998 0.666944 
999 0.667099 
1000 0.667623 
1001 0.667377 
1002 0.667377 
1003 0.667315 
1004 0.667377 
1005 0.664877 
1006 0.665031 
1007 0.665432 
1008 0.665679 
1009 0.666049 
1010 0.665957 
1011 0.663488 
1012 0.663117 
1013 0.664475 
1014 0.663951 
1015 0.664877 
1016 0.664475 
1017 0.664136 
1018 0.664414 
1019 0.665432 
1020 0.665617 
1021 0.664722 
1022 0.666451 
1023 0.666389 
1024 0.665401 
1025 0.665648 
1026 0.665864 
1027 0.666698 
1028 0.666019 
1029 0.665802 
1030 0.665864 
1031 0.665741 
1032 0.665741 
1033 0.665802 
1034 0.665679 
1035 0.66534 
1036 0.669321 
1037 0.668302 
1038 0.667778 
1039 0.667315 
1040 0.66713 
1041 0.66716 
1042 0.667716 
1043 0.667809 
1044 0.668272 
1045 0.667623 
1046 0.667963 
1047 0.66784 
1048 0.66679 
1049 0.667346 
1050 0.668241 
1051 0.667531 
1052 0.667407 
1053 0.667932 
1054 0.667932 
1055 0.667407 
1056 0.666914 
1057 0.666605 
1058 0.66713 
1059 0.66716 
1060 0.667747 
1061 0.659815 
1062 0.659753 
1063 0.660309 
1064 0.659938 
1065 0.659753 
1066 0.659414 
1067 0.66037 
1068 0.660926 
1069 0.660123 
1070 0.66071 
1071 0.660401 
1072 0.660772 
1073 0.659691 
1074 0.658673 
1075 0.659722 
1076 0.659444 
1077 0.660062 
1078 0.661173 
1079 0.661451 
1080 0.661296 
1081 0.661574 
1082 0.662037 
1083 0.661883 
1084 0.663333 
1085 0.663735 
1086 0.664537 
1087 0.664537 
1088 0.664043 
1089 0.66429 
1090 0.663981 
1091 0.664444 
1092 0.665185 
1093 0.665525 
1094 0.665031 
1095 0.665772 
1096 0.666636 
1097 0.666852 
1098 0.666728 
1099 0.666883 
1100 0.666636 
1101 0.665802 
1102 0.665216 
1103 0.664537 
1104 0.664691 
1105 0.665093 
1106 0.664815 
1107 0.66571 
1108 0.664969 
1109 0.665309 
1110 0.665741 
1111 0.666235 
1112 0.66534 
1113 0.664753 
1114 0.664012 
1115 0.663858 
1116 0.664259 
1117 0.664784 
1118 0.664506 
1119 0.664043 
1120 0.666327 
1121 0.666512 
1122 0.666358 
1123 0.666111 
1124 0.665957 
1125 0.665556 
1126 0.667037 
1127 0.667191 
1128 0.667809 
1129 0.668117 
1130 0.669012 
1131 0.66963 
1132 0.669383 
1133 0.669074 
1134 0.668086 
1135 0.668302 
1136 0.666204 
1137 0.667222 
1138 0.668951 
1139 0.670309 
1140 0.670494 
1141 0.673056 
1142 0.67321 
1143 0.673025 
1144 0.672407 
1145 0.671883 
1146 0.67321 
1147 0.673765 
1148 0.672716 
1149 0.672562 
1150 0.67108 
1151 0.67 
1152 0.669877 
1153 0.668364 
1154 0.667994 
1155 0.666821 
1156 0.66571 
1157 0.666327 
1158 0.665988 
1159 0.665309 
1160 0.666049 
1161 0.662253 
1162 0.66287 
1163 0.661543 
1164 0.661543 
1165 0.661914 
1166 0.660556 
1167 0.659599 
1168 0.660154 
1169 0.659568 
1170 0.659568 
1171 0.658827 
1172 0.660093 
1173 0.658796 
1174 0.659321 
1175 0.659105 
1176 0.657778 
1177 0.658673 
1178 0.658457 
1179 0.657809 
1180 0.658611 
1181 0.659167 
1182 0.659414 
1183 0.65963 
1184 0.659475 
1185 0.659938 
1186 0.668765 
1187 0.668827 
1188 0.668519 
1189 0.66892 
1190 0.66963 
1191 0.668796 
1192 0.669136 
1193 0.669537 
1194 0.669074 
1195 0.670093 
1196 0.670031 
1197 0.671636 
1198 0.671975 
1199 0.67213 
1200 0.670741 
1201 0.670463 
1202 0.67071 
1203 0.671111 
1204 0.672037 
1205 0.669136 
1206 0.668858 
1207 0.668796 
1208 0.669105 
1209 0.668395 
1210 0.666728 
1211 0.671204 
1212 0.668056 
1213 0.666512 
1214 0.667994 
1215 0.668025 
1216 0.667006 
1217 0.667346 
1218 0.667284 
1219 0.666667 
1220 0.6675 
1221 0.66642 
1222 0.665463 
1223 0.665309 
1224 0.664691 
1225 0.665494 
1226 0.664815 
1227 0.665062 
1228 0.664043 
1229 0.664938 
1230 0.666389 
1231 0.667963 
1232 0.667407 
1233 0.665926 
1234 0.666944 
1235 0.66608 
1236 0.660154 
1237 0.65963 
1238 0.658796 
1239 0.65892 
1240 0.658951 
1241 0.661173 
1242 0.663333 
1243 0.666296 
1244 0.666358 
1245 0.666821 
1246 0.667407 
1247 0.666852 
1248 0.665401 
1249 0.663426 
1250 0.662747 
1251 0.6625 
1252 0.662006 
1253 0.661512 
1254 0.661451 
1255 0.662006 
1256 0.662562 
1257 0.661173 
1258 0.661358 
1259 0.660216 
1260 0.660833 
1261 0.661543 
1262 0.661698 
1263 0.660525 
1264 0.660926 
1265 0.660586 
1266 0.660617 
1267 0.66179 
1268 0.66284 
1269 0.663858 
1270 0.664506 
1271 0.664815 
1272 0.66534 
1273 0.664691 
1274 0.665648 
1275 0.663457 
1276 0.664907 
1277 0.664475 
1278 0.665926 
1279 0.664938 
1280 0.664136 
1281 0.663858 
1282 0.664383 
1283 0.663642 
1284 0.664475 
1285 0.663889 
1286 0.662531 
1287 0.663179 
1288 0.663179 
1289 0.662531 
1290 0.663056 
1291 0.663148 
1292 0.663333 
1293 0.663395 
1294 0.664475 
1295 0.66534 
1296 0.665123 
1297 0.665093 
1298 0.663735 
1299 0.663457 
1300 0.664167 
1301 0.665988 
1302 0.664753 
1303 0.66537 
1304 0.66534 
1305 0.665 
1306 0.665185 
1307 0.665031 
1308 0.665062 
1309 0.665586 
1310 0.665741 
1311 0.658395 
1312 0.657932 
1313 0.656049 
1314 0.655833 
1315 0.654599 
1316 0.654444 
1317 0.654198 
1318 0.654537 
1319 0.653549 
1320 0.654167 
1321 0.654722 
1322 0.654321 
1323 0.653796 
1324 0.653519 
1325 0.653611 
1326 0.653272 
1327 0.653796 
1328 0.653086 
1329 0.652315 
1330 0.652191 
1331 0.652284 
1332 0.652747 
1333 0.652099 
1334 0.653056 
1335 0.653086 
1336 0.657438 
1337 0.658179 
1338 0.657685 
1339 0.659074 
1340 0.658241 
1341 0.658457 
1342 0.657531 
1343 0.657685 
1344 0.658302 
1345 0.658364 
1346 0.657809 
1347 0.658704 
1348 0.659352 
1349 0.658302 
1350 0.65929 
1351 0.659753 
1352 0.660154 
1353 0.660494 
1354 0.660463 
1355 0.661327 
1356 0.66108 
1357 0.661944 
1358 0.6625 
1359 0.663086 
1360 0.664167 
1361 0.664012 
1362 0.664136 
1363 0.66466 
1364 0.664012 
1365 0.664691 
1366 0.664784 
1367 0.66537 
1368 0.666512 
1369 0.666636 
1370 0.666481 
1371 0.667685 
1372 0.669599 
1373 0.671204 
1374 0.670401 
1375 0.670031 
1376 0.670957 
1377 0.670772 
1378 0.670463 
1379 0.670648 
1380 0.670586 
1381 0.670926 
1382 0.671142 
1383 0.672222 
1384 0.672099 
1385 0.672531 
1386 0.671605 
1387 0.67108 
1388 0.671574 
1389 0.67179 
1390 0.673426 
1391 0.673302 
1392 0.673241 
1393 0.674198 
1394 0.674475 
1395 0.67392 
1396 0.675 
1397 0.674815 
1398 0.674815 
1399 0.675432 
1400 0.675957 
1401 0.676481 
1402 0.676389 
1403 0.676605 
1404 0.67713 
1405 0.675895 
1406 0.677994 
1407 0.677253 
1408 0.677932 
1409 0.678302 
1410 0.678117 
1411 0.67679 
1412 0.676728 
1413 0.675772 
1414 0.676883 
1415 0.678796 
1416 0.680586 
1417 0.68287 
1418 0.683179 
1419 0.682346 
1420 0.683395 
1421 0.682963 
1422 0.684167 
1423 0.687191 
1424 0.686481 
1425 0.686019 
1426 0.685247 
1427 0.684599 
1428 0.687562 
1429 0.69 
1430 0.690833 
1431 0.691049 
1432 0.69216 
1433 0.693765 
1434 0.694568 
1435 0.695586 
1436 0.702377 
1437 0.702932 
1438 0.7 
1439 0.700401 
1440 0.703858 
1441 0.704722 
1442 0.704969 
1443 0.704969 
1444 0.707994 
1445 0.707809 
1446 0.709321 
1447 0.715154 
1448 0.714815 
1449 0.718148 
1450 0.719599 
1451 0.719938 
1452 0.723457 
1453 0.723889 
1454 0.727901 
1455 0.730494 
1456 0.733735 
1457 0.733241 
1458 0.737994 
1459 0.741543 
1460 0.742685 
1461 0.743148 
1462 0.744506 
1463 0.745556 
1464 0.747068 
1465 0.74892 
1466 0.750031 
1467 0.75321 
1468 0.755648 
1469 0.754475 
1470 0.751543 
1471 0.761327 
1472 0.760062 
1473 0.764198 
1474 0.762346 
1475 0.761512 
1476 0.764691 
1477 0.763765 
1478 0.765648 
1479 0.766451 
1480 0.766698 
1481 0.769414 
1482 0.766667 
1483 0.76537 
1484 0.767037 
1485 0.768519 
1486 0.774753 
1487 0.771451 
1488 0.777037 
1489 0.77679 
1490 0.773611 
1491 0.775957 
1492 0.775957 
1493 0.778086 
1494 0.780525 
1495 0.783117 
1496 0.782747 
1497 0.784198 
1498 0.787222 
1499 0.787006 
1500 0.792562 
1501 0.794722 
1502 0.79608 
1503 0.795772 
1504 0.797994 
1505 0.798148 
1506 0.794506 
1507 0.794784 
1508 0.79179 
1509 0.792778 
1510 0.796019 
1511 0.798827 
1512 0.796759 
1513 0.801698 
1514 0.794167 
1515 0.793395 
1516 0.782716 
1517 0.784414 
1518 0.779877 
1519 0.773056 
1520 0.77 
1521 0.766543 
1522 0.73784 
1523 0.734383 
1524 0.729938 
1525 0.727346 
1526 0.724599 
1527 0.72287 
1528 0.725648 
1529 0.722315 
1530 0.721327 
1531 0.719228 
1532 0.725617 
1533 0.721481 
1534 0.718488 
1535 0.72429 
1536 0.707531 
1537 0.705648 
1538 0.703889 
1539 0.703426 
1540 0.701296 
1541 0.702006 
1542 0.699321 
1543 0.702068 
1544 0.702623 
1545 0.707284 
1546 0.711728 
1547 0.713272 
1548 0.716296 
1549 0.717006 
1550 0.696173 
1551 0.68642 
1552 0.680401 
1553 0.673025 
1554 0.67071 
1555 0.670154 
1556 0.6675 
1557 0.665494 
1558 0.66213 
1559 0.666265 
1560 0.669198 
1561 0.659321 
1562 0.662438 
1563 0.666914 
1564 0.669043 
1565 0.666296 
1566 0.666481 
1567 0.667593 
1568 0.667778 
1569 0.663611 
1570 0.666883 
1571 0.666605 
1572 0.666728 
1573 0.663827 
1574 0.665772 
1575 0.671265 
1576 0.670617 
1577 0.6725 
1578 0.678241 
1579 0.682778 
1580 0.688519 
1581 0.685679 
1582 0.680957 
1583 0.6825 
1584 0.683858 
1585 0.675154 
1586 0.674938 
1587 0.676821 
1588 0.67821 
1589 0.677685 
1590 0.671358 
1591 0.672593 
1592 0.673673 
1593 0.669969 
1594 0.671975 
1595 0.673642 
1596 0.671173 
1597 0.667407 
1598 0.66716 
1599 0.667099 
1600 0.670926 
1601 0.677685 
1602 0.676759 
1603 0.680309 
1604 0.681728 
1605 0.676944 
1606 0.677778 
1607 0.678117 
1608 0.677191 
1609 0.679198 
1610 0.679907 
1611 0.672994 
1612 0.67716 
1613 0.679475 
1614 0.678735 
1615 0.670247 
1616 0.667716 
1617 0.664136 
1618 0.655062 
1619 0.65213 
1620 0.644383 
1621 0.64284 
1622 0.641852 
1623 0.642531 
1624 0.636481 
1625 0.635895 
1626 0.637191 
1627 0.640216 
1628 0.642994 
1629 0.645185 
1630 0.640278 
1631 0.63929 
1632 0.646852 
1633 0.647222 
1634 0.649506 
1635 0.649259 
1636 0.639012 
1637 0.64179 
1638 0.645216 
1639 0.641049 
1640 0.639784 
1641 0.64 
1642 0.637531 
1643 0.638395 
1644 0.635895 
1645 0.635556 
1646 0.634938 
1647 0.62929 
1648 0.621296 
1649 0.622037 
1650 0.623951 
1651 0.62358 
1652 0.62608 
1653 0.624074 
1654 0.629012 
1655 0.63716 
1656 0.629784 
1657 0.632284 
1658 0.633148 
1659 0.637747 
1660 0.636852 
1661 0.635586 
1662 0.639753 
1663 0.642531 
1664 0.639259 
1665 0.644321 
1666 0.65108 
1667 0.650741 
1668 0.658333 
1669 0.66321 
1670 0.665864 
1671 0.66429 
1672 0.664321 
1673 0.663951 
1674 0.656543 
1675 0.656049 
1676 0.656574 
1677 0.657099 
1678 0.653827 
1679 0.653457 
1680 0.655802 
1681 0.656019 
1682 0.657778 
1683 0.653827 
1684 0.650525 
1685 0.649599 
1686 0.626019 
1687 0.627006 
1688 0.621975 
1689 0.625216 
1690 0.632531 
1691 0.637006 
1692 0.637438 
1693 0.645617 
1694 0.648056 
1695 0.647963 
1696 0.655185 
1697 0.659815 
1698 0.662809 
1699 0.662623 
1700 0.663765 
1701 0.665679 
1702 0.66287 
1703 0.659969 
1704 0.667099 
1705 0.664599 
1706 0.664074 
1707 0.656142 
1708 0.651543 
1709 0.649444 
1710 0.644074 
1711 0.634784 
1712 0.632037 
1713 0.623302 
1714 0.620988 
1715 0.621049 
1716 0.618457 
1717 0.617438 
1718 0.617068 
1719 0.610957 
1720 0.609105 
1721 0.609969 
1722 0.602778 
1723 0.599383 
1724 0.600154 
1725 0.599568 
1726 0.596543 
1727 0.598457 
1728 0.587809 
1729 0.585741 
1730 0.583364 
1731 0.549043 
1732 0.525 
1733 0.522654 
1734 0.506204 
1735 0.509043 
1736 0.490525 
1737 0.49358 
1738 0.483117 
1739 0.479012 
1740 0.473704 
1741 0.455957 
1742 0.451296 
1743 0.453395 
1744 0.433642 
1745 0.432778 
1746 0.428611 
1747 0.424969 
1748 0.40784 
1749 0.405093 
1750 0.397315 
1751 0.394907 
1752 0.392315 
1753 0.380864 
1754 0.377654 
1755 0.374105 
1756 0.371358 
1757 0.367191 
1758 0.365185 
1759 0.362068 
1760 0.36108 
1761 0.359475 
1762 0.354321 
1763 0.353765 
1764 0.353673 
1765 0.353488 
1766 0.351543 
1767 0.359383 
1768 0.360648 
1769 0.35966 
1770 0.362654 
1771 0.359969 
1772 0.3675 
1773 0.364537 
1774 0.361698 
1775 0.363735 
1776 0.367284 
1777 0.367747 
1778 0.368673 
1779 0.367932 
1780 0.364043 
1781 0.365864 
1782 0.367315 
1783 0.365432 
1784 0.365216 
1785 0.357994 
1786 0.354198 
1787 0.350062 
1788 0.3475 
1789 0.345463 
1790 0.344074 
1791 0.338796 
1792 0.334599 
1793 0.332531 
1794 0.323519 
1795 0.315 
1796 0.312253 
1797 0.309537 
1798 0.308735 
1799 0.307716 
1800 0.305926 
1801 0.308889 
1802 0.304846 
1803 0.304136 
1804 0.305463 
1805 0.307562 
1806 0.31466 
1807 0.312747 
1808 0.312778 
1809 0.311111 
1810 0.303086 
1811 0.298642 
1812 0.300494 
1813 0.304815 
1814 0.303241 
1815 0.299938 
1816 0.297685 
1817 0.296265 
1818 0.291883 
1819 0.291883 
1820 0.28892 
1821 0.284383 
1822 0.281235 
1823 0.28034 
1824 0.276111 
1825 0.268704 
1826 0.26463 
1827 0.261327 
1828 0.254321 
1829 0.255926 
1830 0.256574 
1831 0.255741 
1832 0.254846 
1833 0.256574 
1834 0.253765 
1835 0.251605 
1836 0.245556 
1837 0.246759 
1838 0.245309 
1839 0.236975 
1840 0.237747 
1841 0.238673 
1842 0.234352 
1843 0.230093 
1844 0.227901 
1845 0.225432 
1846 0.216543 
1847 0.214537 
1848 0.212037 
1849 0.200926 
1850 0.199969 
1851 0.192685 
1852 0.18179 
1853 0.177315 
1854 0.173086 
1855 0.170216 
1856 0.170926 
1857 0.168611 
1858 0.164352 
1859 0.164877 
1860 0.164012 
1861 0.159907 
1862 0.157407 
1863 0.150957 
1864 0.147438 
1865 0.148179 
1866 0.154599 
1867 0.159599 
1868 0.165154 
1869 0.167932 
1870 0.170093 
1871 0.169784 
1872 0.176543 
1873 0.177623 
1874 0.177191 
1875 0.180957 
1876 0.190401 
1877 0.193827 
1878 0.205833 
1879 0.213796 
1880 0.221111 
1881 0.230617 
1882 0.236019 
1883 0.240309 
1884 0.245772 
1885 0.250679 
1886 0.251944 
1887 0.253148 
1888 0.261605 
1889 0.265309 
1890 0.274722 
1891 0.275525 
1892 0.283302 
1893 0.286451 
1894 0.294877 
1895 0.29358 
1896 0.286883 
1897 0.285494 
1898 0.288272 
1899 0.28892 
1900 0.292284 
1901 0.293302 
1902 0.299352 
1903 0.314475 
1904 0.3175 
1905 0.323673 
1906 0.336111 
1907 0.335864 
1908 0.340494 
1909 0.345031 
1910 0.342562 
1911 0.336574 
1912 0.331451 
1913 0.332562 
1914 0.329537 
1915 0.325679 
1916 0.323056 
1917 0.320864 
1918 0.31179 
1919 0.311914 
1920 0.311883 
1921 0.312284 
1922 0.311235 
1923 0.306698 
1924 0.301883 
1925 0.288457 
1926 0.285031 
1927 0.284136 
1928 0.28037 
1929 0.27429 
1930 0.267963 
1931 0.26713 
1932 0.2675 
1933 0.259599 
1934 0.258056 
1935 0.25571 
1936 0.251204 
1937 0.253827 
1938 0.249846 
1939 0.254012 
1940 0.253272 
1941 0.249722 
1942 0.246389 
1943 0.249167 
1944 0.244259 
1945 0.241728 
1946 0.2375 
1947 0.224969 
1948 0.21179 
1949 0.207901 
1950 0.196605 
1951 0.191543 
1952 0.185802 
1953 0.171327 
1954 0.156975 
1955 0.153302 
1956 0.141296 
1957 0.126883 
1958 0.124907 
1959 0.119475 
1960 0.109136 
1961 0.102593 
1962 0.0956481 
1963 0.0850617 
1964 0.079784 
1965 0.0720062 
1966 0.0623765 
1967 0.0598765 
1968 0.0533333 
1969 0.0521296 
1970 0.0534259 
1971 0.0537037 
1972 0.052716 
1973 0.0509259 
1974 0.0466667 
1975 0.0445062 
1976 0.0430864 
1977 0.0406173 
1978 0.0387963 
1979 0.0374074 
1980 0.0370062 
1981 0.0369136 
1982 0.0369136 
1983 0.0374691 
1984 0.0370988 
1985 0.0372222 
1986 0.037037 
1987 0.0370988 
1988 0.0370062 
1989 0.036358 
1990 0.0363889 
1991 0.0364198 
1992 0.037037 
1993 0.0363889 
1994 0.0366358 
1995 0.0369136 
1996 0.0364815 
1997 0.0366667 
1998 0.0362963 
1999 0.0371605 
2000 0.037716 
2001 0.0465741 
2002 0.0575 
2003 0.0640123 
2004 0.0780556 
2005 0.0918519 
2006 0.0989506 
2007 0.112531 
2008 0.126111 
2009 0.133488 
2010 0.148025 
2011 0.161358 
2012 0.167531 
2013 0.181883 
2014 0.197716 
2015 0.204012 
2016 0.217191 
2017 0.228241 
2018 0.235617 
2019 0.243333 
2020 0.243765 
2021 0.247346 
2022 0.251296 
2023 0.255988 
2024 0.262346 
2025 0.272778 
2026 0.280988 
2027 0.285031 
2028 0.296636 
2029 0.308302 
2030 0.312994 
2031 0.313827 
2032 0.299815 
2033 0.29713 
2034 0.292377 
2035 0.291204 
2036 0.286142 
2037 0.287377 
2038 0.274568 
2039 0.274537 
2040 0.275154 
2041 0.270185 
2042 0.261914 
2043 0.262747 
2044 0.244938 
2045 0.24321 
2046 0.232284 
2047 0.224198 
2048 0.223025 
2049 0.216019 
2050 0.213642 
2051 0.210123 
2052 0.215278 
2053 0.199383 
2054 0.193179 
2055 0.18679 
2056 0.177284 
2057 0.171543 
2058 0.160031 
2059 0.145988 
2060 0.139444 
2061 0.125648 
2062 0.115741 
2063 0.110741 
2064 0.106944 
2065 0.100093 
2066 0.0966975 
2067 0.0921914 
2068 0.0872222 
2069 0.0862654 
2070 0.084321 
2071 0.0784568 
2072 0.0764198 
2073 0.0746914 
2074 0.0683025 
2075 0.065463 
2076 0.0644136 
2077 0.063858 
2078 0.0631481 
2079 0.0596605 
2080 0.054537 
2081 0.0527778 
2082 0.0469136 
2083 0.043179 
2084 0.042037 
2085 0.042284 
2086 0.0431481 
2087 0.0425617 
2088 0.0428704 
2089 0.0422222 
2090 0.0417901 
2091 0.0412963 
2092 0.0412346 
2093 0.0414198 
2094 0.0417901 
2095 0.0420679 
2096 0.0424074 
2097 0.0444444 
2098 0.0467593 
2099 0.0480247 
2100 0.0525926 
2101 0.0578086 
2102 0.0611728 
2103 0.0677469 
2104 0.0742284 
2105 0.0781481 
2106 0.0855247 
2107 0.0928704 
2108 0.0971296 
2109 0.105648 
2110 0.117438 
2111 0.123241 
2112 0.133981 
2113 0.144414 
2114 0.150031 
2115 0.161605 
2116 0.172346 
2117 0.178457 
2118 0.188858 
2119 0.201636 
2120 0.207037 
2121 0.217562 
2122 0.229537 
2123 0.239043 
2124 0.251173 
2125 0.262068 
2126 0.267191 
2127 0.279877 
2128 0.292994 
2129 0.296914 
2130 0.303858 
2131 0.310062 
2132 0.31392 
2133 0.319907 
2134 0.323395 
2135 0.323148 
2136 0.318765 
2137 0.324167 
2138 0.324691 
2139 0.323056 
2140 0.322685 
2141 0.322593 
2142 0.321944 
2143 0.321852 
2144 0.32213 
2145 0.321543 
2146 0.320617 
2147 0.318827 
2148 0.31608 
2149 0.310401 
2150 0.308302 
2151 0.302562 
2152 0.294012 
2153 0.287747 
2154 0.284043 
2155 0.285926 
2156 0.293179 
2157 0.291759 
2158 0.29537 
2159 0.291914 
2160 0.293364 
2161 0.294907 
2162 0.296049 
2163 0.295185 
2164 0.294198 
2165 0.294043 
2166 0.292654 
2167 0.289321 
2168 0.289321 
2169 0.286914 
2170 0.281728 
2171 0.281142 
2172 0.278611 
2173 0.271728 
2174 0.270309 
2175 0.257346 
2176 0.240123 
2177 0.237562 
2178 0.223549 
2179 0.211389 
2180 0.202809 
2181 0.190216 
2182 0.179568 
2183 0.175895 
2184 0.168549 
2185 0.157315 
2186 0.150957 
2187 0.143117 
2188 0.133611 
2189 0.13 
2190 0.119784 
2191 0.108981 
2192 0.103241 
2193 0.0910185 
2194 0.0838889 
2195 0.0814815 
2196 0.0777778 
2197 0.0725 
2198 0.0702469 
2199 0.0631173 
2200 0.0589506 
2201 0.0566667 
2202 0.0506173 
2203 0.0459259 
2204 0.0451852 
2205 0.0433333 
2206 0.0415741 
2207 0.0391667 
2208 0.0337963 
2209 0.0259259 
2210 0.0257716 
2211 0.0289815 
2212 0.0315432 
2213 0.0332716 
2214 0.0341975 
2215 0.0345679 
2216 0.0345988 
2217 0.0341667 
2218 0.0346296 
2219 0.034537 
2220 0.034537 
2221 0.0339198 
2222 0.0337963 
2223 0.0343827 
2224 0.0341049 
2225 0.0337963 
2226 0.0342901 
2227 0.0353704 
2228 0.0364506 
2229 0.0381481 
2230 0.037963 
2231 0.0373457 
2232 0.037284 
2233 0.037963 
2234 0.0384568 
2235 0.0383025 
2236 0.0378704 
2237 0.0380556 
2238 0.0382716 
2239 0.0385494 
2240 0.0391049 
2241 0.0391358 
2242 0.0385802 
2243 0.0378395 
2244 0.036821 
2245 0.0364198 
2246 0.0362963 
2247 0.0353704 
2248 0.0358951 
2249 0.0362346 
2250 0.0384259 
2251 0.0395062 
2252 0.0398148 
2253 0.041358 
2254 0.0416358 
2255 0.042037 
2256 0.0423765 
2257 0.0420679 
2258 0.0426852 
2259 0.0431173 
2260 0.0435185 
2261 0.043179 
2262 0.0435802 
2263 0.0444753 
2264 0.0439815 
2265 0.0442901 
2266 0.0483642 
2267 0.0515741 
2268 0.0579012 
2269 0.0668827 
2270 0.0700617 
2271 0.0755247 
2272 0.0807099 
2273 0.0836728 
2274 0.088179 
2275 0.0923457 
2276 0.0936111 
2277 0.0967284 
2278 0.0988889 
2279 0.099537 
2280 0.100833 
2281 0.102562 
2282 0.104691 
2283 0.106852 
2284 0.105957 
2285 0.105833 
2286 0.10929 
2287 0.110093 
2288 0.108426 
2289 0.110463 
2290 0.113395 
2291 0.112531 
2292 0.113488 
2293 0.112932 
2294 0.111019 
2295 0.111667 
2296 0.113611 
2297 0.113086 
2298 0.114599 
2299 0.120309 
2300 0.120062 
2301 0.123086 
2302 0.126327 
2303 0.123241 
2304 0.125617 
2305 0.129722 
2306 0.128457 
2307 0.131265 
2308 0.130185 
2309 0.129506 
2310 0.126667 
2311 0.11966 
2312 0.117099 
2313 0.11037 
2314 0.105463 
2315 0.104907 
2316 0.0973765 
2317 0.0903086 
2318 0.0912654 
2319 0.0877778 
2320 0.0869444 
2321 0.084321 
2322 0.0821605 
2323 0.0786111 
2324 0.0782099 
2325 0.0742284 
2326 0.0739815 
2327 0.0741358 
2328 0.0753704 
2329 0.0753395 
2330 0.0745679 
2331 0.0733333 
2332 0.0719753 
2333 0.0712037 
2334 0.0692284 
2335 0.0658333 
2336 0.0623765 
2337 0.0603395 
2338 0.0594444 
2339 0.0582099 
2340 0.0564815 
2341 0.0539815 
2342 0.0526852 
2343 0.0507716 
2344 0.0496605 
2345 0.0488272 
2346 0.0477469 
2347 0.0478704 
2348 0.0470679 
2349 0.046821 
2350 0.0459568 
2351 0.0462654 
2352 0.0452778 
2353 0.046821 
2354 0.045216 
2355 0.0449383 
2356 0.0432099 
2357 0.0431481 
2358 0.0418827 
2359 0.0410185 
2360 0.0404321 
2361 0.0406173 
2362 0.0403395 
2363 0.0405556 
2364 0.041358 
2365 0.0423148 
2366 0.0421914 
2367 0.0421296 
2368 0.0424691 
2369 0.0421605 
2370 0.0427469 
2371 0.0433025 
2372 0.0440123 
2373 0.0456481 
2374 0.0455247 
2375 0.0444444 
2376 0.0437963 
2377 0.043642 
2378 0.0433951 
2379 0.042963 
2380 0.0431481 
2381 0.0426235 
2382 0.042284 
2383 0.0446914 
2384 0.0480864 
2385 0.0570988 
2386 0.0665432 
2387 0.0708642 
2388 0.077963 
2389 0.0806481 
2390 0.0831173 
2391 0.0817284 
2392 0.0825617 
2393 0.0832099 
2394 0.0858642 
2395 0.0877469 
2396 0.0882716 
2397 0.0876852 
2398 0.0891975 
2399 0.0887654 
2400 0.0914198 
2401 0.0894753 
2402 0.0909259 
2403 0.0928086 
2404 0.0960802 
2405 0.0938889 
2406 0.0977469 
2407 0.0975617 
2408 0.0983642 
2409 0.099784 
2410 0.102593 
2411 0.100802 
2412 0.105772 
2413 0.104691 
2414 0.0990432 
2415 0.0950617 
2416 0.0877778 
2417 0.086142 
2418 0.0827469 
2419 0.0766358 
2420 0.0740123 
2421 0.0664815 
2422 0.0581173 
2423 0.0538272 
2424 0.0476543 
2425 0.0395679 
2426 0.0337037 
2427 0.0253086 
2428 0.0236111 
2429 0.0256481 
2430 0.0317284 
2431 0.0335802 
2432 0.0341049 
2433 0.0412037 
2434 0.0491049 
2435 0.0519753 
2436 0.0548148 
2437 0.0568827 
2438 0.0576852 
2439 0.0587037 
2440 0.0611728 
2441 0.0625309 
2442 0.0652469 
2443 0.0664198 
2444 0.0671914 
2445 0.07 
2446 0.0710494 
2447 0.0729938 
2448 0.072037 
2449 0.0760185 
2450 0.0756481 
2451 0.0774691 
2452 0.0789506 
2453 0.0789506 
2454 0.0795679 
2455 0.079537 
2456 0.078858 
2457 0.0779938 
2458 0.0779012 
2459 0.0800309 
2460 0.0826852 
2461 0.0852469 
2462 0.0849691 
2463 0.0860802 
2464 0.0816667 
2465 0.0789815 
2466 0.0744136 
2467 0.0675617 
2468 0.064537 
2469 0.0601543 
2470 0.0567593 
2471 0.0545988 
2472 0.0498148 
2473 0.0458642 
2474 0.0439815 
2475 0.0410494 
2476 0.0381173 
2477 0.0364506 
2478 0.0337654 
2479 0.0344136 
2480 0.0344753 
2481 0.0351235 
2482 0.0356481 
2483 0.0352778 
2484 0.0362654 
2485 0.0368827 
2486 0.0376235 
2487 0.0387963 
2488 0.0382716 
2489 0.0385185 
2490 0.0395679 
2491 0.0398148 
2492 0.040216 
2493 0.0405247 
2494 0.041142 
2495 0.0408951 
2496 0.0405864 
2497 0.0407407 
2498 0.0409259 
2499 0.0424074 
2500 0.0423765 
2501 0.0428704 
2502 0.0425309 
2503 0.0434568 
2504 0.0434259 
2505 0.0442901 
2506 0.0437037 
2507 0.0428086 
2508 0.0459259 
2509 0.0487963 
2510 0.0508025 
2511 0.0557407 
2512 0.0637963 
2513 0.0666049 
2514 0.0708642 
2515 0.0706173 
2516 0.071821 
2517 0.0734259 
2518 0.0720679 
2519 0.0713272 
2520 0.0741667 
2521 0.0760802 
2522 0.0776235 
2523 0.0801543 
2524 0.0817284 
2525 0.0826852 
2526 0.0833642 
2527 0.0870679 
2528 0.0880556 
2529 0.0885802 
2530 0.0904938 
2531 0.0911111 
2532 0.0924074 
2533 0.0932407 
2534 0.0948765 
2535 0.0959259 
2536 0.0959877 
2537 0.0978086 
2538 0.0974383 
2539 0.100895 
2540 0.101574 
2541 0.100988 
2542 0.101883 
2543 0.100802 
2544 0.102747 
2545 0.105123 
2546 0.104136 
2547 0.107037 
2548 0.10716 
2549 0.108796 
2550 0.106667 
2551 0.101574 
2552 0.0992593 
2553 0.0940741 
2554 0.0908333 
2555 0.0873765 
2556 0.0825309 
2557 0.0737037 
2558 0.0696605 
2559 0.0612037 
2560 0.0524383 
2561 0.047716 
2562 0.0381481 
2563 0.0266975 
2564 0.0190741 
2565 0 
2566 0.0172531 
2567 0.022284 
2568 0.0275309 
2569 0.0289815 
2570 0.0295679 
2571 0.0293519 
2572 0.0282716 
2573 0.0279012 
2574 0.027284 
2575 0.0271296 
2576 0.0270988 
2577 0.0270679 
2578 0.0269444 
2579 0.0270679 
2580 0.0270988 
2581 0.0270062 
2582 0.0270988 
2583 0.0270988 
2584 0.0270062 
2585 0.0270988 
2586 0.0273765 
2587 0.0273148 
2588 0.0273765 
2589 0.0274074 
2590 0.0273148 
2591 0.027284 
2592 0.0271914 
2593 0.027284 
2594 0.0273148 
2595 0.0275617 
2596 0.0276235 
2597 0.027716 
2598 0.0276543 
2599 0.0274074 
2600 0.0275 
2601 0.0275926 
2602 0.0275926 
2603 0.0276235 
2604 0.0275617 
2605 0.0275309 
2606 0.0274691 
2607 0.0276852 
2608 0.0277469 
2609 0.0278086 
2610 0.0278395 
2611 0.0278086 
2612 0.0278395 
2613 0.0276852 
2614 0.0275 
2615 0.0274074 
2616 0.0276852 
2617 0.0275926 
2618 0.0275309 
2619 0.0274074 
2620 0.0274074 
2621 0.0274691 
2622 0.0276852 
2623 0.0275926 
2624 0.0283951 
2625 0.0335802 
2626 0.039537 
2627 0.0428395 
2628 0.0466049 
2629 0.0503704 
2630 0.0515432 
2631 0.0534259 
2632 0.0558951 
2633 0.0564815 
2634 0.0587346 
2635 0.0594444 
2636 0.0605247 
2637 0.0638889 
2638 0.0711111 
2639 0.0750617 
2640 0.0846914 
2641 0.0907099 
2642 0.0958642 
2643 0.104537 
2644 0.113519 
2645 0.118951 
2646 0.127932 
2647 0.135617 
2648 0.137068 
2649 0.144259 
2650 0.148981 
2651 0.152747 
2652 0.155463 
2653 0.160278 
2654 0.161883 
2655 0.16642 
2656 0.168796 
2657 0.17108 
2658 0.176235 
2659 0.177593 
2660 0.178765 
2661 0.182654 
2662 0.184815 
2663 0.180741 
2664 0.177623 
2665 0.175185 
2666 0.17321 
2667 0.171667 
2668 0.169444 
2669 0.166759 
2670 0.168056 
2671 0.169383 
2672 0.168704 
2673 0.16929 
2674 0.172778 
2675 0.174722 
2676 0.176389 
2677 0.177747 
2678 0.179105 
2679 0.172994 
2680 0.170401 
2681 0.165309 
2682 0.161667 
2683 0.154105 
2684 0.150309 
2685 0.148395 
2686 0.14 
2687 0.14071 
2688 0.143642 
2689 0.141142 
2690 0.139568 
2691 0.135031 
2692 0.129352 
2693 0.12608 
2694 0.119105 
2695 0.115772 
2696 0.113364 
2697 0.105741 
2698 0.0996914 
2699 0.0956173 
2700 0.0875926 
2701 0.0779012 
2702 0.0755247 
2703 0.0716667 
2704 0.0753086 
2705 0.0753704 
2706 0.0763272 
2707 0.0724691 
2708 0.0729012 
2709 0.068642 
2710 0.0657099 
2711 0.0670062 
2712 0.0666049 
2713 0.0673148 
2714 0.0680556 
2715 0.0675309 
2716 0.0685494 
2717 0.0683951 
2718 0.0679938 
2719 0.0683951 
2720 0.0683951 
2721 0.0677778 
2722 0.0687963 
2723 0.0707716 
2724 0.0710494 
2725 0.072716 
2726 0.0730247 
2727 0.0749074 
2728 0.0794136 
2729 0.0821605 
2730 0.0864815 
2731 0.0924691 
2732 0.0934877 
2733 0.0978395 
2734 0.0984568 
2735 0.100494 
2736 0.100895 
2737 0.102315 
2738 0.103272 
2739 0.10287 
2740 0.10537 
2741 0.105957 
2742 0.106173 
2743 0.106883 
2744 0.106728 
2745 0.106852 
2746 0.109475 
2747 0.112006 
2748 0.113117 
2749 0.114444 
2750 0.113426 
2751 0.116019 
2752 0.116543 
2753 0.117901 
2754 0.116728 
2755 0.120062 
2756 0.120741 
2757 0.122778 
2758 0.121605 
2759 0.121389 
2760 0.124383 
2761 0.121142 
2762 0.125278 
2763 0.123364 
2764 0.125525 
2765 0.125123 
2766 0.126512 
2767 0.126728 
2768 0.127346 
2769 0.128642 
2770 0.129259 
2771 0.12787 
2772 0.128395 
2773 0.128086 
2774 0.130031 
2775 0.130123 
2776 0.130062 
2777 0.127037 
2778 0.129691 
2779 0.133272 
2780 0.131235 
2781 0.134259 
2782 0.137778 
2783 0.136543 
2784 0.137068 
2785 0.139568 
2786 0.137685 
2787 0.137593 
2788 0.13963 
2789 0.138241 
2790 0.14037 
2791 0.139815 
2792 0.142284 
2793 0.14 
2794 0.14213 
2795 0.139753 
2796 0.142716 
2797 0.140093 
2798 0.139568 
2799 0.141574 
2800 0.142037 
2801 0.141574 
2802 0.144568 
2803 0.144414 
2804 0.144599 
2805 0.143519 
2806 0.144753 
2807 0.14537 
2808 0.145586 
2809 0.144722 
2810 0.144444 
2811 0.144074 
2812 0.145802 
2813 0.145741 
2814 0.147346 
2815 0.148056 
2816 0.148364 
2817 0.147654 
2818 0.147253 
2819 0.14716 
2820 0.147747 
2821 0.147901 
2822 0.148395 
2823 0.149259 
2824 0.148241 
2825 0.149228 
2826 0.148395 
2827 0.14787 
2828 0.148179 
2829 0.148673 
2830 0.147932 
2831 0.147994 
2832 0.147562 
2833 0.147747 
2834 0.1475 
2835 0.147377 
2836 0.145864 
2837 0.145988 
2838 0.147006 
2839 0.147778 
2840 0.147191 
2841 0.147006 
2842 0.146883 
2843 0.146543 
2844 0.14608 
2845 0.146914 
2846 0.147377 
2847 0.147191 
2848 0.147284 
2849 0.148025 
2850 0.150648 
2851 0.15287 
2852 0.15358 
2853 0.155741 
2854 0.157284 
2855 0.156512 
2856 0.154846 
2857 0.15284 
2858 0.152099 
2859 0.150586 
2860 0.14892 
2861 0.146605 
2862 0.146049 
2863 0.146235 
2864 0.146451 
2865 0.147222 
2866 0.148333 
2867 0.148457 
2868 0.148302 
2869 0.149228 
2870 0.149475 
2871 0.150185 
2872 0.150463 
2873 0.150525 
2874 0.150556 
2875 0.150309 
2876 0.150556 
2877 0.149475 
2878 0.15037 
2879 0.150247 
2880 0.151173 
2881 0.152747 
2882 0.153333 
2883 0.154537 
2884 0.155926 
2885 0.155926 
2886 0.154475 
2887 0.156049 
2888 0.155648 
2889 0.156296 
2890 0.157562 
2891 0.157531 
2892 0.158395 
2893 0.157809 
2894 0.15821 
2895 0.15534 
2896 0.15608 
2897 0.156605 
2898 0.157006 
2899 0.157469 
2900 0.159043 
2901 0.158025 
2902 0.157901 
2903 0.158025 
2904 0.157438 
2905 0.157593 
2906 0.157901 
2907 0.158426 
2908 0.159383 
2909 0.159198 
2910 0.15929 
2911 0.158673 
2912 0.158796 
2913 0.158272 
2914 0.158611 
2915 0.15821 
2916 0.158673 
2917 0.159043 
2918 0.158333 
2919 0.158086 
2920 0.158117 
2921 0.158457 
2922 0.158549 
2923 0.158889 
2924 0.158858 
2925 0.159198 
2926 0.158056 
2927 0.158086 
2928 0.158457 
2929 0.159074 
2930 0.15966 
2931 0.161358 
2932 0.162469 
2933 0.163179 
2934 0.163426 
2935 0.16463 
2936 0.163056 
2937 0.162531 
2938 0.163981 
2939 0.164414 
2940 0.166481 
2941 0.168735 
2942 0.170062 
2943 0.173549 
2944 0.177963 
2945 0.179691 
2946 0.183519 
2947 0.188426 
2948 0.190432 
2949 0.195772 
2950 0.199877 
2951 0.202901 
2952 0.207253 
2953 0.210247 
2954 0.212253 
2955 0.2175 
2956 0.222253 
2957 0.224753 
2958 0.23037 
2959 0.234228 
2960 0.237623 
2961 0.245432 
2962 0.249846 
2963 0.252253 
2964 0.256975 
2965 0.261235 
2966 0.263827 
2967 0.268519 
2968 0.274105 
2969 0.27858 
2970 0.283549 
2971 0.288735 
2972 0.291728 
2973 0.297438 
2974 0.304475 
2975 0.306975 
2976 0.311605 
2977 0.314846 
2978 0.315833 
2979 0.321019 
2980 0.323704 
2981 0.325216 
2982 0.332253 
2983 0.338364 
2984 0.342377 
2985 0.346728 
2986 0.357685 
2987 0.358704 
2988 0.361389 
2989 0.365062 
2990 0.369784 
2991 0.374352 
2992 0.380494 
2993 0.38608 
2994 0.3925 
2995 0.396235 
2996 0.399537 
2997 0.402438 
2998 0.41216 
2999 0.417191 
3000 0.424475 
3001 0.43071 
3002 0.435247 
3003 0.440062 
3004 0.447901 
3005 0.450123 
3006 0.456296 
3007 0.463395 
3008 0.467778 
3009 0.47213 
3010 0.480123 
3011 0.492315 
3012 0.495278 
3013 0.503642 
3014 0.506481 
3015 0.521543 
3016 0.533488 
3017 0.538086 
3018 0.547346 
3019 0.553889 
3020 0.557716 
3021 0.564198 
3022 0.567315 
3023 0.57 
3024 0.57179 
3025 0.580679 
3026 0.579383 
3027 0.582037 
3028 0.581389 
3029 0.584043 
3030 0.586914 
3031 0.591049 
3032 0.596019 
3033 0.598549 
3034 0.600154 
3035 0.602346 
3036 0.605247 
3037 0.610772 
3038 0.610309 
3039 0.612778 
3040 0.595 
3041 0.589599 
3042 0.586049 
3043 0.581883 
3044 0.581481 
3045 0.583488 
3046 0.583056 
3047 0.581481 
3048 0.580802 
3049 0.581512 
3050 0.581728 
3051 0.581759 
3052 0.582469 
3053 0.581019 
3054 0.582685 
3055 0.581265 
3056 0.578735 
3057 0.580772 
3058 0.584475 
3059 0.583735 
3060 0.587994 
3061 0.589043 
3062 0.590617 
3063 0.59179 
3064 0.59466 
3065 0.596358 
3066 0.596852 
3067 0.600556 
3068 0.602778 
3069 0.60216 
3070 0.604815 
3071 0.603611 
3072 0.606204 
3073 0.605463 
3074 0.604784 
3075 0.604568 
3076 0.604228 
3077 0.607068 
3078 0.605864 
3079 0.604784 
3080 0.607099 
3081 0.609043 
3082 0.611944 
3083 0.612654 
3084 0.619136 
3085 0.623457 
3086 0.626605 
3087 0.629907 
3088 0.631698 
3089 0.635 
3090 0.634907 
3091 0.636914 
3092 0.63571 
3093 0.636821 
3094 0.633735 
3095 0.633549 
3096 0.631914 
3097 0.627716 
3098 0.627932 
3099 0.625648 
3100 0.624414 
3101 0.624722 
3102 0.622685 
3103 0.622006 
3104 0.620864 
3105 0.620741 
3106 0.617809 
3107 0.616852 
3108 0.616821 
3109 0.616728 
3110 0.616265 
3111 0.617469 
3112 0.615216 
3113 0.617191 
3114 0.615 
3115 0.616667 
3116 0.613179 
3117 0.6125 
3118 0.61 
3119 0.608457 
3120 0.609877 
3121 0.609846 
3122 0.61 
3123 0.609321 
3124 0.611389 
3125 0.610617 
3126 0.613086 
3127 0.615988 
3128 0.615895 
3129 0.617253 
3130 0.620864 
3131 0.620864 
3132 0.621049 
3133 0.622901 
3134 0.622809 
3135 0.623395 
3136 0.630679 
3137 0.630525 
3138 0.630617 
3139 0.631358 
3140 0.630957 
3141 0.63179 
3142 0.633241 
3143 0.633056 
3144 0.631605 
3145 0.631636 
3146 0.630741 
3147 0.630309 
3148 0.630031 
3149 0.629877 
3150 0.628549 
3151 0.62892 
3152 0.628457 
3153 0.628951 
3154 0.62784 
3155 0.627253 
3156 0.627716 
3157 0.627068 
3158 0.627593 
3159 0.627099 
3160 0.626173 
3161 0.624784 
3162 0.623488 
3163 0.624506 
3164 0.624012 
3165 0.623457 
3166 0.623364 
3167 0.621667 
3168 0.622284 
3169 0.621389 
3170 0.621512 
3171 0.620432 
3172 0.619815 
3173 0.618765 
3174 0.618611 
3175 0.619444 
3176 0.619352 
3177 0.619907 
3178 0.620833 
3179 0.620679 
3180 0.622438 
3181 0.624012 
3182 0.625123 
3183 0.627253 
3184 0.628086 
3185 0.629414 
3186 0.632469 
3187 0.632531 
3188 0.631852 
3189 0.630957 
3190 0.630957 
3191 0.631667 
3192 0.632284 
3193 0.633765 
3194 0.633426 
3195 0.632809 
3196 0.632901 
3197 0.632994 
3198 0.631636 
3199 0.631389 
3200 0.631667 
3201 0.630494 
3202 0.630216 
3203 0.631265 
3204 0.630895 
3205 0.631605 
3206 0.630833 
3207 0.631574 
3208 0.63037 
3209 0.63037 
3210 0.629599 
3211 0.631728 
3212 0.632099 
3213 0.630988 
3214 0.6325 
3215 0.632778 
3216 0.632438 
3217 0.633272 
3218 0.63284 
3219 0.631759 
3220 0.631605 
3221 0.631481 
3222 0.630278 
3223 0.630494 
3224 0.62963 
3225 0.629537 
3226 0.629691 
3227 0.62963 
3228 0.629784 
3229 0.629969 
3230 0.629753 
3231 0.628704 
3232 0.627623 
3233 0.628735 
3234 0.628673 
3235 0.628827 
3236 0.630895 
3237 0.630957 
3238 0.630185 
3239 0.630185 
3240 0.630154 
3241 0.629938 
3242 0.629846 
3243 0.629599 
3244 0.629815 
3245 0.62963 
3246 0.62929 
3247 0.628951 
3248 0.629537 
3249 0.63 
3250 0.629722 
3251 0.628549 
3252 0.627963 
3253 0.628426 
3254 0.628241 
3255 0.627284 
3256 0.627068 
3257 0.626914 
3258 0.627284 
3259 0.628025 
3260 0.628858 
3261 0.627901 
3262 0.627377 
3263 0.627901 
3264 0.628673 
3265 0.62858 
3266 0.628611 
3267 0.627809 
3268 0.627685 
3269 0.627716 
3270 0.628858 
3271 0.629753 
3272 0.629846 
3273 0.630988 
3274 0.631605 
3275 0.631883 
3276 0.63216 
3277 0.633519 
3278 0.633704 
3279 0.633611 
3280 0.633796 
3281 0.633642 
3282 0.633951 
3283 0.634105 
3284 0.634599 
3285 0.634784 
3286 0.641327 
3287 0.641512 
3288 0.641821 
3289 0.640216 
3290 0.639074 
3291 0.639815 
3292 0.639846 
3293 0.640185 
3294 0.641574 
3295 0.641389 
3296 0.641327 
3297 0.640123 
3298 0.639938 
3299 0.639753 
3300 0.639012 
3301 0.63821 
3302 0.637778 
3303 0.637222 
3304 0.636605 
3305 0.636265 
3306 0.636667 
3307 0.636975 
3308 0.636142 
3309 0.636296 
3310 0.637407 
3311 0.641883 
3312 0.641296 
3313 0.640494 
3314 0.639907 
3315 0.638549 
3316 0.63784 
3317 0.637623 
3318 0.63679 
3319 0.636296 
3320 0.634753 
3321 0.634784 
3322 0.634753 
3323 0.634167 
3324 0.633765 
3325 0.633889 
3326 0.634444 
3327 0.633889 
3328 0.633704 
3329 0.632963 
3330 0.63287 
3331 0.633302 
3332 0.633796 
3333 0.633148 
3334 0.633272 
3335 0.633086 
3336 0.626358 
3337 0.626759 
3338 0.626512 
3339 0.626543 
3340 0.625432 
3341 0.625586 
3342 0.626296 
3343 0.626173 
3344 0.625586 
3345 0.626173 
3346 0.625864 
3347 0.625031 
3348 0.624228 
3349 0.623549 
3350 0.623488 
3351 0.622778 
3352 0.62287 
3353 0.622747 
3354 0.623642 
3355 0.623889 
3356 0.624198 
3357 0.625432 
3358 0.626173 
3359 0.626111 
3360 0.625772 
3361 0.628642 
3362 0.627593 
3363 0.627222 
3364 0.627593 
3365 0.627562 
3366 0.626636 
3367 0.626142 
3368 0.625278 
3369 0.624012 
3370 0.6225 
3371 0.622531 
3372 0.623673 
3373 0.623704 
3374 0.623241 
3375 0.62429 
3376 0.623796 
3377 0.623858 
3378 0.624074 
3379 0.624228 
3380 0.624537 
3381 0.624352 
3382 0.623827 
3383 0.62392 
3384 0.624383 
3385 0.62392 
3386 0.623981 
3387 0.623951 
3388 0.623858 
3389 0.62392 
3390 0.623426 
3391 0.62392 
3392 0.624722 
3393 0.62466 
3394 0.624938 
3395 0.625093 
3396 0.624846 
3397 0.624383 
3398 0.624352 
3399 0.624784 
3400 0.62642 
3401 0.626235 
3402 0.626728 
3403 0.628025 
3404 0.627963 
3405 0.62858 
3406 0.628488 
3407 0.628519 
3408 0.628025 
3409 0.627654 
3410 0.626728 
3411 0.627469 
3412 0.627006 
3413 0.626975 
3414 0.626481 
3415 0.626296 
3416 0.625772 
3417 0.625062 
3418 0.624846 
3419 0.625185 
3420 0.624815 
3421 0.624414 
3422 0.624167 
3423 0.623827 
3424 0.623889 
3425 0.623673 
3426 0.623333 
3427 0.623519 
3428 0.623611 
3429 0.62358 
3430 0.624259 
3431 0.624321 
3432 0.624599 
3433 0.625679 
3434 0.625432 
3435 0.628364 
3436 0.63966 
3437 0.638981 
3438 0.639074 
3439 0.639321 
3440 0.639352 
3441 0.63929 
3442 0.640093 
3443 0.63929 
3444 0.639352 
3445 0.639846 
3446 0.640648 
3447 0.641358 
3448 0.642037 
3449 0.642191 
3450 0.6425 
3451 0.642562 
3452 0.642778 
3453 0.643827 
3454 0.643889 
3455 0.643519 
3456 0.643549 
3457 0.643302 
3458 0.643519 
3459 0.643302 
3460 0.643025 
3461 0.648241 
3462 0.648889 
3463 0.648395 
3464 0.648056 
3465 0.648395 
3466 0.648086 
3467 0.647191 
3468 0.647407 
3469 0.647006 
3470 0.646975 
3471 0.646975 
3472 0.647407 
3473 0.647068 
3474 0.646667 
3475 0.647531 
3476 0.647284 
3477 0.647407 
3478 0.647253 
3479 0.647593 
3480 0.647685 
3481 0.647654 
3482 0.647346 
3483 0.64713 
3484 0.647253 
3485 0.64716 
3486 0.646852 
3487 0.646451 
3488 0.646574 
3489 0.64608 
3490 0.646327 
3491 0.646543 
3492 0.645957 
3493 0.645895 
3494 0.645648 
3495 0.646574 
3496 0.646481 
3497 0.647191 
3498 0.646944 
3499 0.646728 
3500 0.646759 
3501 0.646914 
3502 0.647099 
3503 0.646574 
3504 0.646883 
3505 0.646883 
3506 0.647191 
3507 0.647068 
3508 0.647037 
3509 0.647284 
3510 0.647469 
3511 0.648086 
3512 0.647191 
3513 0.647469 
3514 0.647654 
3515 0.64821 
3516 0.648395 
3517 0.648025 
3518 0.648025 
3519 0.647654 
3520 0.647778 
3521 0.648117 
3522 0.647099 
3523 0.647253 
3524 0.647284 
3525 0.647994 
3526 0.648364 
3527 0.64821 
3528 0.648241 
3529 0.648025 
3530 0.648086 
3531 0.648704 
3532 0.648549 
3533 0.648735 
3534 0.648426 
3535 0.648302 
3536 0.646728 
3537 0.646728 
3538 0.647222 
3539 0.64716 
3540 0.646759 
3541 0.646235 
3542 0.646821 
3543 0.646759 
3544 0.646512 
3545 0.645957 
3546 0.646142 
3547 0.646265 
3548 0.646296 
3549 0.646142 
3550 0.646667 
3551 0.646265 
3552 0.646265 
3553 0.646451 
3554 0.646296 
3555 0.646111 
3556 0.646111 
3557 0.646358 
3558 0.645741 
3559 0.645617 
3560 0.645864 
3561 0.645802 
3562 0.645432 
3563 0.644877 
3564 0.645185 
3565 0.644938 
3566 0.64534 
3567 0.645309 
3568 0.646019 
3569 0.646759 
3570 0.649167 
3571 0.648488 
3572 0.648827 
3573 0.648765 
3574 0.648796 
3575 0.648488 
3576 0.648364 
3577 0.648025 
3578 0.648179 
3579 0.648272 
3580 0.648025 
3581 0.648426 
3582 0.648395 
3583 0.648457 
3584 0.648519 
3585 0.647932 
3586 0.647901 
3587 0.647623 
3588 0.647685 
3589 0.64787 
3590 0.647315 
3591 0.647932 
3592 0.648056 
3593 0.648364 
3594 0.648241 
3595 0.647593 
3596 0.647438 
3597 0.647346 
3598 0.64642 
3599 0.645988 
3600 0.646327 
3601 0.64642 
3602 0.64537 
3603 0.645432 
3604 0.645432 
3605 0.645679 
3606 0.646451 
3607 0.646111 
3608 0.646019 
3609 0.646235 
3610 0.645864 
3611 0.646019 
3612 0.646914 
3613 0.647809 
3614 0.648148 
3615 0.648549 
3616 0.648858 
3617 0.649537 
3618 0.650216 
3619 0.650463 
3620 0.653086 
3621 0.655278 
3622 0.657037 
3623 0.657778 
3624 0.657932 
3625 0.65784 
3626 0.657685 
3627 0.657685 
3628 0.657562 
3629 0.658086 
3630 0.658642 
3631 0.657747 
3632 0.659228 
3633 0.660154 
3634 0.66034 
3635 0.66179 
3636 0.664414 
3637 0.664537 
3638 0.665802 
3639 0.666914 
3640 0.667191 
3641 0.667809 
3642 0.667469 
3643 0.667469 
3644 0.666667 
3645 0.666019 
3646 0.663827 
3647 0.66392 
3648 0.663488 
3649 0.663302 
3650 0.664414 
3651 0.664599 
3652 0.664321 
3653 0.665093 
3654 0.66571 
3655 0.666173 
3656 0.665772 
3657 0.666975 
3658 0.666296 
3659 0.665833 
3660 0.665988 
3661 0.665957 
3662 0.665741 
3663 0.66537 
3664 0.666512 
3665 0.666821 
3666 0.666667 
3667 0.66679 
3668 0.666265 
3669 0.666173 
3670 0.659784 
3671 0.659105 
3672 0.659043 
3673 0.659105 
3674 0.658117 
3675 0.657716 
3676 0.658395 
3677 0.657654 
3678 0.658333 
3679 0.658889 
3680 0.65858 
3681 0.658796 
3682 0.658889 
3683 0.658735 
3684 0.659167 
3685 0.659753 
3686 0.659506 
3687 0.659877 
3688 0.659136 
3689 0.659784 
3690 0.659074 
3691 0.658704 
3692 0.65821 
3693 0.657932 
3694 0.657932 
3695 0.65466 
3696 0.654599 
3697 0.655093 
3698 0.654383 
3699 0.654599 
3700 0.653488 
3701 0.653858 
3702 0.653735 
3703 0.65358 
3704 0.65321 
3705 0.654136 
3706 0.652654 
3707 0.652747 
3708 0.652747 
3709 0.653858 
3710 0.651512 
3711 0.651914 
3712 0.650772 
3713 0.65071 
3714 0.649877 
3715 0.65034 
3716 0.650494 
3717 0.649105 
3718 0.64966 
3719 0.649938 
3720 0.643549 
3721 0.644599 
3722 0.644722 
3723 0.642407 
3724 0.643333 
3725 0.644537 
3726 0.641543 
3727 0.642438 
3728 0.644537 
3729 0.64287 
3730 0.641914 
3731 0.643364 
3732 0.643951 
3733 0.643333 
3734 0.64429 
3735 0.642994 
3736 0.643302 
3737 0.643117 
3738 0.644198 
3739 0.643673 
3740 0.642747 
3741 0.643735 
3742 0.643025 
3743 0.643025 
3744 0.642562 
3745 0.641759 
3746 0.641852 
3747 0.643056 
3748 0.643488 
3749 0.642685 
3750 0.642377 
3751 0.643457 
3752 0.643025 
3753 0.643364 
3754 0.643148 
3755 0.644753 
3756 0.644259 
3757 0.64321 
3758 0.642037 
3759 0.640463 
3760 0.640247 
3761 0.639722 
3762 0.638858 
3763 0.637809 
3764 0.637809 
3765 0.636389 
3766 0.636821 
3767 0.635957 
3768 0.635586 
3769 0.634907 
3770 0.633765 
3771 0.633858 
3772 0.634506 
3773 0.635154 
3774 0.636111 
3775 0.635833 
3776 0.636265 
3777 0.636914 
3778 0.636883 
3779 0.635463 
3780 0.636852 
3781 0.638056 
3782 0.639259 
3783 0.638827 
3784 0.637037 
3785 0.637346 
3786 0.638086 
3787 0.637222 
3788 0.63642 
3789 0.637562 
3790 0.636728 
3791 0.635802 
3792 0.636605 
3793 0.636852 
3794 0.635494 
3795 0.638981 
3796 0.639568 
3797 0.638364 
3798 0.638056 
3799 0.637654 
3800 0.636574 
3801 0.635802 
3802 0.63534 
3803 0.635648 
3804 0.634105 
3805 0.63284 
3806 0.634228 
3807 0.634938 
3808 0.63392 
3809 0.633364 
3810 0.638272 
3811 0.641512 
3812 0.643951 
3813 0.645401 
3814 0.647377 
3815 0.647623 
3816 0.652593 
3817 0.656759 
3818 0.666728 
3819 0.671574 
3820 0.706265 
3821 0.70642 
3822 0.70821 
3823 0.709136 
3824 0.71037 
3825 0.710401 
3826 0.711049 
3827 0.711914 
3828 0.712346 
3829 0.713302 
3830 0.71429 
3831 0.715401 
3832 0.716698 
3833 0.71787 
3834 0.719198 
3835 0.719506 
3836 0.720864 
3837 0.721358 
3838 0.72142 
3839 0.722006 
3840 0.722037 
3841 0.722006 
3842 0.722099 
3843 0.722346 
3844 0.722747 
3845 0.734877 
3846 0.735062 
3847 0.733858 
3848 0.73358 
3849 0.73287 
3850 0.73287 
3851 0.732253 
3852 0.730741 
3853 0.731265 
3854 0.730463 
3855 0.72966 
3856 0.728704 
3857 0.728642 
3858 0.727932 
3859 0.727469 
3860 0.727593 
3861 0.727407 
3862 0.726698 
3863 0.727716 
3864 0.726698 
3865 0.726265 
3866 0.727623 
3867 0.72608 
3868 0.726667 
3869 0.726636 
3870 0.728796 
3871 0.727623 
3872 0.728704 
3873 0.728704 
3874 0.728704 
3875 0.72784 
3876 0.728179 
3877 0.728179 
3878 0.727901 
3879 0.727901 
3880 0.728981 
3881 0.729043 
3882 0.728611 
3883 0.726605 
3884 0.727099 
3885 0.726235 
3886 0.726451 
3887 0.725864 
3888 0.72534 
3889 0.725525 
3890 0.72537 
3891 0.725586 
3892 0.724846 
3893 0.724537 
3894 0.72429 
3895 0.72713 
3896 0.726852 
3897 0.727315 
3898 0.727315 
3899 0.727037 
3900 0.727562 
3901 0.72642 
3902 0.725772 
3903 0.726296 
3904 0.727809 
3905 0.726142 
3906 0.728858 
3907 0.728858 
3908 0.728735 
3909 0.726975 
3910 0.726235 
3911 0.725062 
3912 0.723241 
3913 0.723333 
3914 0.722253 
3915 0.721975 
3916 0.720556 
3917 0.720556 
3918 0.719907 
3919 0.718086 
3920 0.708951 
3921 0.708488 
3922 0.708827 
3923 0.70929 
3924 0.709321 
3925 0.709938 
3926 0.709691 
3927 0.709105 
3928 0.709167 
3929 0.709074 
3930 0.707963 
3931 0.707994 
3932 0.709136 
3933 0.711728 
3934 0.710957 
3935 0.710216 
3936 0.711605 
3937 0.712191 
3938 0.711574 
3939 0.712901 
3940 0.712469 
3941 0.715525 
3942 0.714815 
3943 0.715648 
3944 0.71534 
3945 0.730833 
3946 0.730432 
3947 0.728765 
3948 0.730123 
3949 0.72892 
3950 0.73142 
3951 0.73 
3952 0.729228 
3953 0.728827 
3954 0.729198 
3955 0.728981 
3956 0.727901 
3957 0.72787 
3958 0.72713 
3959 0.727315 
3960 0.727222 
3961 0.726883 
3962 0.726389 
3963 0.726512 
3964 0.727685 
3965 0.728117 
3966 0.730463 
3967 0.73037 
3968 0.730679 
3969 0.73179 
3970 0.735741 
3971 0.73358 
3972 0.73429 
3973 0.73466 
3974 0.733827 
3975 0.733333 
3976 0.732068 
3977 0.733395 
3978 0.732099 
3979 0.731821 
3980 0.732901 
3981 0.732778 
3982 0.731235 
3983 0.731173 
3984 0.730525 
3985 0.730556 
3986 0.730463 
3987 0.728642 
3988 0.72716 
3989 0.729414 
3990 0.729537 
3991 0.730772 
3992 0.729136 
3993 0.728179 
3994 0.727994 
3995 0.730617 
3996 0.72858 
3997 0.727716 
3998 0.727222 
3999 0.727099 
4000 0.727191 
4001 0.727315 
4002 0.72966 
4003 0.729537 
4004 0.729753 
4005 0.729691 
4006 0.726389 
4007 0.727623 
4008 0.727407 
4009 0.726883 
4010 0.727562 
4011 0.727068 
4012 0.727469 
4013 0.729568 
4014 0.731204 
4015 0.731204 
4016 0.730494 
4017 0.730216 
4018 0.731759 
4019 0.731975 
4020 0.730278 
4021 0.729815 
4022 0.730123 
4023 0.730062 
4024 0.730802 
4025 0.730679 
4026 0.730802 
4027 0.730586 
4028 0.730432 
4029 0.730247 
4030 0.729198 
4031 0.73179 
4032 0.731389 
4033 0.732346 
4034 0.73216 
4035 0.732068 
4036 0.730926 
4037 0.73179 
4038 0.730772 
4039 0.72858 
4040 0.725833 
4041 0.725802 
4042 0.724321 
4043 0.720802 
4044 0.717593 
4045 0.711667 
4046 0.710988 
4047 0.71108 
4048 0.713025 
4049 0.7125 
4050 0.712068 
4051 0.71071 
4052 0.710401 
4053 0.709167 
4054 0.70966 
4055 0.709784 
4056 0.709877 
4057 0.709537 
4058 0.712068 
4059 0.710957 
4060 0.71108 
4061 0.711049 
4062 0.71216 
4063 0.713086 
4064 0.716883 
4065 0.717963 
4066 0.720926 
4067 0.721296 
4068 0.722994 
4069 0.722623 
4070 0.746914 
4071 0.74429 
4072 0.742963 
4073 0.743796 
4074 0.742809 
4075 0.743488 
4076 0.74463 
4077 0.744753 
4078 0.74571 
4079 0.745957 
4080 0.746759 
4081 0.747963 
4082 0.747901 
4083 0.747809 
4084 0.748457 
4085 0.748241 
4086 0.747593 
4087 0.747809 
4088 0.747593 
4089 0.747469 
4090 0.746728 
4091 0.746821 
4092 0.745988 
4093 0.744784 
4094 0.743302 
4095 0.734259 
4096 0.73321 
4097 0.732346 
4098 0.732068 
4099 0.730802 
4100 0.729012 
4101 0.727006 
4102 0.726852 
4103 0.726728 
4104 0.725617 
4105 0.725494 
4106 0.724198 
4107 0.724167 
4108 0.725833 
4109 0.726605 
4110 0.726512 
4111 0.727623 
4112 0.727562 
4113 0.727932 
4114 0.728889 
4115 0.729043 
4116 0.729012 
4117 0.72858 
4118 0.727037 
4119 0.728765 
4120 0.731698 
4121 0.732006 
4122 0.732006 
4123 0.732593 
4124 0.73429 
4125 0.733179 
4126 0.733765 
4127 0.734537 
4128 0.734815 
4129 0.735 
4130 0.735586 
4131 0.740401 
4132 0.74179 
4133 0.741759 
4134 0.74108 
4135 0.741667 
4136 0.739228 
4137 0.739043 
4138 0.736389 
4139 0.735864 
4140 0.735463 
4141 0.736605 
4142 0.736204 
4143 0.736574 
4144 0.73534 
4145 0.742531 
4146 0.742253 
4147 0.741605 
4148 0.739969 
4149 0.739383 
4150 0.737932 
4151 0.738704 
4152 0.738148 
4153 0.737901 
4154 0.734167 
4155 0.734599 
4156 0.735154 
4157 0.73571 
4158 0.733642 
4159 0.731944 
4160 0.732377 
4161 0.734568 
4162 0.733488 
4163 0.732994 
4164 0.734259 
4165 0.736512 
4166 0.735988 
4167 0.737006 
4168 0.740617 
4169 0.738488 
4170 0.738333 
4171 0.740154 
4172 0.743519 
4173 0.744259 
4174 0.744444 
4175 0.747346 
4176 0.747716 
4177 0.748611 
4178 0.74966 
4179 0.751204 
4180 0.751389 
4181 0.753519 
4182 0.754259 
4183 0.757994 
4184 0.76034 
4185 0.761019 
4186 0.762037 
4187 0.76716 
4188 0.76858 
4189 0.769907 
4190 0.770679 
4191 0.77642 
4192 0.778889 
4193 0.779907 
4194 0.779568 
4195 0.782623 
4196 0.779722 
4197 0.783549 
4198 0.784198 
4199 0.783395 
4200 0.785432 
4201 0.785 
4202 0.784969 
4203 0.78358 
4204 0.785309 
4205 0.78642 
4206 0.786049 
4207 0.786543 
4208 0.790586 
4209 0.791327 
4210 0.792191 
4211 0.790185 
4212 0.789074 
4213 0.79071 
4214 0.794877 
4215 0.796821 
4216 0.796605 
4217 0.805 
4218 0.803951 
4219 0.805926 
4220 0.80713 
4221 0.807716 
4222 0.809722 
4223 0.813488 
4224 0.815062 
4225 0.817623 
4226 0.817068 
4227 0.822006 
4228 0.816667 
4229 0.821944 
4230 0.818117 
4231 0.821111 
4232 0.819722 
4233 0.817407 
4234 0.823488 
4235 0.824568 
4236 0.822716 
4237 0.824259 
4238 0.828981 
4239 0.828395 
4240 0.826358 
4241 0.82034 
4242 0.819136 
4243 0.809815 
4244 0.809074 
4245 0.802377 
4246 0.802623 
4247 0.797006 
4248 0.799321 
4249 0.772963 
4250 0.773148 
4251 0.771173 
4252 0.765864 
4253 0.76716 
4254 0.765772 
4255 0.711605 
4256 0.709815 
4257 0.711049 
4258 0.70787 
4259 0.713086 
4260 0.712901 
4261 0.677191 
4262 0.679352 
4263 0.677006 
4264 0.681728 
4265 0.684753 
4266 0.685648 
4267 0.679938 
4268 0.685093 
4269 0.685679 
4270 0.681265 
4271 0.687191 
4272 0.692037 
4273 0.698488 
4274 0.698117 
4275 0.705586 
4276 0.70608 
4277 0.70787 
4278 0.708642 
4279 0.706759 
4280 0.70321 
4281 0.70466 
4282 0.701605 
4283 0.702778 
4284 0.698272 
4285 0.703673 
4286 0.706296 
4287 0.702562 
4288 0.705833 
4289 0.705093 
4290 0.708981 
4291 0.706944 
4292 0.70642 
4293 0.675957 
4294 0.676327 
4295 0.667531 
4296 0.668951 
4297 0.666574 
4298 0.667315 
4299 0.666204 
4300 0.667253 
4301 0.661358 
4302 0.658889 
4303 0.662716 
4304 0.659444 
4305 0.662407 
4306 0.658642 
4307 0.660957 
4308 0.656265 
4309 0.658735 
4310 0.654228 
4311 0.652006 
4312 0.65534 
4313 0.658889 
4314 0.658611 
4315 0.662099 
4316 0.65571 
4317 0.656142 
4318 0.639691 
4319 0.631883 
4320 0.627809 
4321 0.623951 
4322 0.622685 
4323 0.61392 
4324 0.608889 
4325 0.603241 
4326 0.601636 
4327 0.597099 
4328 0.586512 
4329 0.58358 
4330 0.579722 
4331 0.584198 
4332 0.586636 
4333 0.58463 
4334 0.584907 
4335 0.590648 
4336 0.588642 
4337 0.587006 
4338 0.585741 
4339 0.593457 
4340 0.591265 
4341 0.591698 
4342 0.596543 
4343 0.597562 
4344 0.596883 
4345 0.584722 
4346 0.590031 
4347 0.585432 
4348 0.584414 
4349 0.588025 
4350 0.588704 
4351 0.592654 
4352 0.589383 
4353 0.591358 
4354 0.588796 
4355 0.591049 
4356 0.583796 
4357 0.582963 
4358 0.578086 
4359 0.576019 
4360 0.574136 
4361 0.56892 
4362 0.568827 
4363 0.569784 
4364 0.564506 
4365 0.558796 
4366 0.563704 
4367 0.560926 
4368 0.562191 
4369 0.56358 
4370 0.5625 
4371 0.56108 
4372 0.560864 
4373 0.55784 
4374 0.55537 
4375 0.554167 
4376 0.551667 
4377 0.552778 
4378 0.552593 
4379 0.549321 
4380 0.550309 
4381 0.550062 
4382 0.55679 
4383 0.556728 
4384 0.555093 
4385 0.557438 
4386 0.561667 
4387 0.562099 
4388 0.553519 
4389 0.556605 
4390 0.547901 
4391 0.5425 
4392 0.546296 
4393 0.540247 
4394 0.529352 
4395 0.531265 
4396 0.525432 
4397 0.514722 
4398 0.510586 
4399 0.499815 
4400 0.49213 
4401 0.490432 
4402 0.484784 
4403 0.48037 
4404 0.475216 
4405 0.475093 
4406 0.465679 
4407 0.459444 
4408 0.455895 
4409 0.448179 
4410 0.452593 
4411 0.446636 
4412 0.443704 
4413 0.443549 
4414 0.449012 
4415 0.448488 
4416 0.45213 
4417 0.46466 
4418 0.464815 
4419 0.46963 
4420 0.470278 
4421 0.48 
4422 0.484136 
4423 0.485586 
4424 0.489444 
4425 0.489043 
4426 0.47892 
4427 0.477623 
4428 0.474352 
4429 0.465741 
4430 0.465123 
4431 0.458241 
4432 0.459969 
4433 0.455648 
4434 0.452099 
4435 0.449599 
4436 0.44892 
4437 0.445247 
4438 0.442593 
4439 0.443117 
4440 0.441296 
4441 0.439228 
4442 0.438519 
4443 0.439969 
4444 0.437531 
4445 0.442778 
4446 0.445525 
4447 0.446296 
4448 0.45034 
4449 0.456049 
4450 0.459784 
4451 0.464506 
4452 0.465926 
4453 0.466235 
4454 0.467685 
4455 0.466235 
4456 0.468611 
4457 0.468364 
4458 0.469599 
4459 0.46216 
4460 0.457747 
4461 0.456358 
4462 0.456142 
4463 0.457315 
4464 0.454753 
4465 0.454012 
4466 0.453858 
4467 0.458889 
4468 0.463519 
4469 0.471759 
4470 0.466821 
4471 0.474938 
4472 0.47784 
4473 0.479105 
4474 0.484321 
4475 0.486852 
4476 0.477191 
4477 0.470988 
4478 0.468179 
4479 0.457716 
4480 0.459475 
4481 0.453364 
4482 0.44966 
4483 0.43537 
4484 0.432685 
4485 0.429475 
4486 0.426358 
4487 0.420463 
4488 0.419506 
4489 0.416265 
4490 0.417469 
4491 0.415401 
4492 0.420309 
4493 0.421327 
4494 0.421698 
4495 0.420247 
4496 0.429444 
4497 0.437315 
4498 0.443241 
4499 0.449568 
4500 0.453179 
4501 0.461883 
4502 0.464444 
4503 0.469969 
4504 0.490216 
4505 0.501142 
4506 0.505031 
4507 0.523117 
4508 0.525617 
4509 0.531636 
4510 0.548889 
4511 0.557284 
4512 0.556944 
4513 0.570988 
4514 0.573549 
4515 0.573302 
4516 0.594105 
4517 0.607377 
4518 0.611019 
4519 0.617747 
4520 0.629352 
4521 0.627562 
4522 0.631667 
4523 0.636049 
4524 0.632191 
4525 0.658302 
4526 0.65966 
4527 0.660401 
4528 0.662685 
4529 0.693395 
4530 0.698148 
4531 0.703117 
4532 0.701698 
4533 0.705988 
4534 0.71 
4535 0.713981 
4536 0.714907 
4537 0.711142 
4538 0.718117 
4539 0.714259 
4540 0.699969 
4541 0.696605 
4542 0.693981 
4543 0.687191 
4544 0.683426 
4545 0.673488 
4546 0.672747 
4547 0.661358 
4548 0.658549 
4549 0.651204 
4550 0.644877 
4551 0.645463 
4552 0.638426 
4553 0.640463 
4554 0.636111 
4555 0.63213 
4556 0.627901 
4557 0.625432 
4558 0.553364 
4559 0.544012 
4560 0.547037 
4561 0.539074 
4562 0.53821 
4563 0.538858 
4564 0.544259 
4565 0.510802 
4566 0.510247 
4567 0.50713 
4568 0.511142 
4569 0.510648 
4570 0.508981 
4571 0.493148 
4572 0.491574 
4573 0.485648 
4574 0.485926 
4575 0.485494 
4576 0.479568 
4577 0.469537 
4578 0.467778 
4579 0.464321 
4580 0.458025 
4581 0.455648 
4582 0.450401 
4583 0.454167 
4584 0.454105 
4585 0.450247 
4586 0.449012 
4587 0.453025 
4588 0.449321 
4589 0.449722 
4590 0.450679 
4591 0.449321 
4592 0.461975 
4593 0.462531 
4594 0.460216 
4595 0.464228 
4596 0.464506 
4597 0.466235 
4598 0.464321 
4599 0.459012 
4600 0.457747 
4601 0.457963 
4602 0.455926 
4603 0.454167 
4604 0.453395 
4605 0.460957 
4606 0.451975 
4607 0.45392 
4608 0.44963 
4609 0.447284 
4610 0.441914 
4611 0.44142 
4612 0.435864 
4613 0.425525 
4614 0.424321 
4615 0.420247 
4616 0.416019 
4617 0.415093 
4618 0.405926 
4619 0.408117 
4620 0.406605 
4621 0.402562 
4622 0.397809 
4623 0.393333 
4624 0.370556 
4625 0.360494 
4626 0.358765 
4627 0.349105 
4628 0.343704 
4629 0.345617 
4630 0.34537 
4631 0.345309 
4632 0.348364 
4633 0.347778 
4634 0.351543 
4635 0.35642 
4636 0.358025 
4637 0.353735 
4638 0.353765 
4639 0.363981 
4640 0.376914 
4641 0.382099 
4642 0.385401 
4643 0.388889 
4644 0.390401 
4645 0.396512 
4646 0.398981 
4647 0.397685 
4648 0.402377 
4649 0.409722 
4650 0.406142 
4651 0.414907 
4652 0.412377 
4653 0.413796 
4654 0.424012 
4655 0.423272 
4656 0.42642 
4657 0.428549 
4658 0.429167 
4659 0.423395 
4660 0.408302 
4661 0.405247 
4662 0.402963 
4663 0.39571 
4664 0.39321 
4665 0.392099 
4666 0.389105 
4667 0.385309 
4668 0.390216 
4669 0.384815 
4670 0.370216 
4671 0.367037 
4672 0.362222 
4673 0.351111 
4674 0.343426 
4675 0.333611 
4676 0.306265 
4677 0.300031 
4678 0.291111 
4679 0.279568 
4680 0.270154 
4681 0.262963 
4682 0.259907 
4683 0.261821 
4684 0.26571 
4685 0.259877 
4686 0.258426 
4687 0.263827 
4688 0.266852 
4689 0.269537 
4690 0.274722 
4691 0.276759 
4692 0.277562 
4693 0.27784 
4694 0.274352 
4695 0.273025 
4696 0.271698 
4697 0.272377 
4698 0.275772 
4699 0.27892 
4700 0.274444 
4701 0.273148 
4702 0.276173 
4703 0.277778 
4704 0.278148 
4705 0.277006 
4706 0.27858 
4707 0.278025 
4708 0.282315 
4709 0.285062 
4710 0.285494 
4711 0.298735 
4712 0.306821 
4713 0.309784 
4714 0.323673 
4715 0.326605 
4716 0.330926 
4717 0.338951 
4718 0.350895 
4719 0.35358 
4720 0.365432 
4721 0.365864 
4722 0.365926 
4723 0.368951 
4724 0.370617 
4725 0.377037 
4726 0.376019 
4727 0.38037 
4728 0.381358 
4729 0.380062 
4730 0.369722 
4731 0.368519 
4732 0.363704 
4733 0.36108 
4734 0.359475 
4735 0.361389 
4736 0.354599 
4737 0.35213 
4738 0.353241 
4739 0.347623 
4740 0.344907 
4741 0.34213 
4742 0.339907 
4743 0.340432 
4744 0.338302 
4745 0.330216 
4746 0.32358 
4747 0.317963 
4748 0.310926 
4749 0.309136 
4750 0.298056 
4751 0.290648 
4752 0.288241 
4753 0.281975 
4754 0.271512 
4755 0.272778 
4756 0.268025 
4757 0.257531 
4758 0.257099 
4759 0.248488 
4760 0.23892 
4761 0.233889 
4762 0.226543 
4763 0.218086 
4764 0.213086 
4765 0.208951 
4766 0.200031 
4767 0.196327 
4768 0.189105 
4769 0.178086 
4770 0.177099 
4771 0.174969 
4772 0.166821 
4773 0.166636 
4774 0.159383 
4775 0.149198 
4776 0.145185 
4777 0.134321 
4778 0.120617 
4779 0.11679 
4780 0.109012 
4781 0.0996296 
4782 0.0968519 
4783 0.0906481 
4784 0.0841975 
4785 0.0804012 
4786 0.0661111 
4787 0.0529012 
4788 0.0536111 
4789 0.0533642 
4790 0.0522222 
4791 0.0515123 
4792 0.0498765 
4793 0.0468827 
4794 0.0451543 
4795 0.0449383 
4796 0.0425617 
4797 0.0414506 
4798 0.0394753 
4799 0.0369753 
4800 0.0360185 
4801 0.0333951 
4802 0.0329938 
4803 0.0328395 
4804 0.0326543 
4805 0.0325309 
4806 0.0326543 
4807 0.0325926 
4808 0.0327469 
4809 0.0328086 
4810 0.0327778 
4811 0.0328395 
4812 0.032963 
4813 0.0328395 
4814 0.0328395 
4815 0.0329321 
4816 0.033179 
4817 0.0330864 
4818 0.0331481 
4819 0.0329012 
4820 0.0330247 
4821 0.0330247 
4822 0.0330556 
4823 0.0333642 
4824 0.0335494 
4825 0.033858 
4826 0.0340741 
4827 0.0340741 
4828 0.0339198 
4829 0.0339506 
4830 0.0337654 
4831 0.0338272 
4832 0.033642 
4833 0.0336111 
4834 0.035679 
4835 0.0357716 
4836 0.0354321 
4837 0.0354321 
4838 0.0353704 
4839 0.035463 
4840 0.0357407 
4841 0.035679 
4842 0.0355247 
4843 0.0354938 
4844 0.034784 
4845 0.0348148 
4846 0.034321 
4847 0.0345062 
4848 0.0339506 
4849 0.0341975 
4850 0.0337037 
4851 0.033858 
4852 0.033642 
4853 0.033642 
4854 0.0332407 
4855 0.0333642 
4856 0.0331481 
4857 0.0328086 
4858 0.0327778 
4859 0.0328704 
4860 0.0324691 
4861 0.0325 
4862 0.0325 
4863 0.0326852 
4864 0.0323457 
4865 0.0323148 
4866 0.0319136 
4867 0.0320062 
4868 0.031821 
4869 0.031821 
4870 0.0316358 
4871 0.0316975 
4872 0.0317901 
4873 0.0317284 
4874 0.0314815 
4875 0.0316358 
4876 0.0314815 
4877 0.0313272 
4878 0.0309259 
4879 0.0310494 
4880 0.0310185 
4881 0.0308642 
4882 0.0309259 
4883 0.0310494 
4884 0.0305247 
4885 0.0307407 
4886 0.0305864 
4887 0.0305247 
4888 0.0305247 
4889 0.0306173 
4890 0.0303395 
4891 0.0304012 
4892 0.0305247 
4893 0.030463 
4894 0.0304012 
4895 0.030463 
4896 0.0304012 
4897 0.031142 
4898 0.0315741 
4899 0.0324074 
4900 0.0337654 
4901 0.0341975 
4902 0.0350617 
4903 0.036142 
4904 0.0362654 
4905 0.0363272 
4906 0.0358642 
4907 0.0359877 
4908 0.0353086 
4909 0.0341667 
4910 0.0337037 
4911 0.0335802 
4912 0.0330247 
4913 0.0328704 
4914 0.0321605 
4915 0.0319136 
4916 0.0329321 
4917 0.0388272 
4918 0.0464815 
4919 0.0486728 
4920 0.0544136 
4921 0.0563889 
4922 0.0565432 
4923 0.0598765 
4924 0.0610802 
4925 0.0620679 
4926 0.0671605 
4927 0.0773457 
4928 0.0814815 
4929 0.0896296 
4930 0.0974691 
4931 0.102901 
4932 0.10429 
4933 0.108426 
4934 0.109475 
4935 0.111574 
4936 0.114012 
4937 0.114691 
4938 0.116574 
4939 0.118333 
4940 0.119938 
4941 0.123951 
4942 0.12463 
4943 0.124475 
4944 0.128858 
4945 0.130432 
4946 0.133549 
4947 0.133333 
4948 0.134414 
4949 0.132006 
4950 0.127006 
4951 0.122963 
4952 0.121173 
4953 0.117747 
4954 0.114043 
4955 0.110586 
4956 0.108117 
4957 0.102778 
4958 0.102778 
4959 0.0989815 
4960 0.100154 
4961 0.101944 
4962 0.0987654 
4963 0.0971605 
4964 0.0926235 
4965 0.0855247 
4966 0.0858333 
4967 0.088642 
4968 0.0939815 
4969 0.094784 
4970 0.0978704 
4971 0.0980864 
4972 0.10213 
4973 0.10392 
4974 0.106852 
4975 0.108951 
4976 0.110957 
4977 0.111883 
4978 0.110679 
4979 0.110185 
4980 0.106883 
4981 0.105432 
4982 0.105988 
4983 0.103086 
4984 0.100185 
4985 0.102407 
4986 0.102685 
4987 0.105309 
4988 0.107654 
4989 0.108148 
4990 0.107778 
4991 0.108395 
4992 0.112099 
4993 0.112191 
4994 0.113765 
4995 0.113704 
4996 0.114846 
4997 0.115741 
4998 0.116852 
4999 0.116852 
5000 0.113488 
5001 0.111142 
5002 0.110401 
5003 0.1075 
5004 0.109321 
5005 0.107531 
5006 0.106111 
5007 0.106265 
5008 0.101667 
5009 0.0997222 
5010 0.093642 
5011 0.0889506 
5012 0.0844444 
5013 0.0762346 
5014 0.0711111 
5015 0.066821 
5016 0.0565432 
5017 0.0458333 
5018 0.0465123 
5019 0.0499691 
5020 0.0540123 
5021 0.0554938 
5022 0.0553704 
5023 0.0557099 
5024 0.0558333 
5025 0.0548457 
5026 0.0537037 
5027 0.0532099 
5028 0.0501852 
5029 0.047284 
5030 0.0462654 
5031 0.0432716 
5032 0.0420988 
5033 0.0417593 
5034 0.0425926 
5035 0.0427469 
5036 0.0433333 
5037 0.0437037 
5038 0.044537 
5039 0.0448457 
5040 0.0455556 
5041 0.0451543 
5042 0.0460494 
5043 0.046358 
5044 0.0482407 
5045 0.0495062 
5046 0.0536728 
5047 0.0587963 
5048 0.0616975 
5049 0.0681173 
5050 0.0742593 
5051 0.0775617 
5052 0.0833951 
5053 0.0894444 
5054 0.0914815 
5055 0.096358 
5056 0.104105 
5057 0.108148 
5058 0.113488 
5059 0.125 
5060 0.129259 
5061 0.137623 
5062 0.143827 
5063 0.148704 
5064 0.156914 
5065 0.165525 
5066 0.169877 
5067 0.179228 
5068 0.182315 
5069 0.18571 
5070 0.196327 
5071 0.202685 
5072 0.207222 
5073 0.212778 
5074 0.218549 
5075 0.220895 
5076 0.228457 
5077 0.231759 
5078 0.232654 
5079 0.230679 
5080 0.229012 
5081 0.22642 
5082 0.224938 
5083 0.22287 
5084 0.218426 
5085 0.216975 
5086 0.212099 
5087 0.208272 
5088 0.201543 
5089 0.189259 
5090 0.187222 
5091 0.182068 
5092 0.173981 
5093 0.172099 
5094 0.168549 
5095 0.164167 
5096 0.16287 
5097 0.161852 
5098 0.161728 
5099 0.161173 
5100 0.159228 
5101 0.151944 
5102 0.148395 
5103 0.144475 
5104 0.138642 
5105 0.13642 
5106 0.130494 
5107 0.122531 
5108 0.118858 
5109 0.107438 
5110 0.103117 
5111 0.10037 
5112 0.0941667 
5113 0.0908025 
5114 0.0903395 
5115 0.0876235 
5116 0.0853086 
5117 0.0849691 
5118 0.0770679 
5119 0.0732716 
5120 0.0724383 
5121 0.0653395 
5122 0.0586728 
5123 0.0568519 
5124 0.051142 
5125 0.0470679 
5126 0.0446296 
5127 0.0400926 
5128 0.0364506 
5129 0.0349383 
5130 0.032963 
5131 0.0325309 
5132 0.032284 
5133 0.0320988 
5134 0.0326852 
5135 0.0325617 
5136 0.0325309 
5137 0.0325 
5138 0.0324691 
5139 0.0325926 
5140 0.0326235 
5141 0.0326235 
5142 0.0325617 
5143 0.0325617 
5144 0.0325617 
5145 0.0325617 
5146 0.0325926 
5147 0.0325926 
5148 0.0325 
5149 0.0325 
5150 0.0324691 
5151 0.0324691 
5152 0.0325 
5153 0.0324383 
5154 0.0325 
5155 0.0324691 
5156 0.0324074 
5157 0.0323457 
5158 0.0323457 
5159 0.0323148 
5160 0.0324074 
5161 0.0323457 
5162 0.0323765 
5163 0.0324383 
5164 0.0324691 
5165 0.0324383 
5166 0.0324383 
5167 0.0324383 
5168 0.0324383 
5169 0.0324383 
5170 0.0324383 
5171 0.0324383 
5172 0.0324074 
5173 0.0324074 
5174 0.0324074 
5175 0.0324383 
5176 0.0324383 
5177 0.0324074 
5178 0.0324074 
5179 0.0324383 
5180 0.0324691 
5181 0.0324691 
5182 0.0324691 
5183 0.0324691 
5184 0.0326235 
5185 0.0326235 
5186 0.0325926 
5187 0.0325926 
5188 0.0325926 
5189 0.0326235 
5190 0.0326235 
5191 0.0326543 
5192 0.0326543 
5193 0.0326543 
5194 0.0326235 
5195 0.0324691 
5196 0.0324691 
5197 0.0324691 
5198 0.0325309 
5199 0.0325 
5200 0.0325926 
5201 0.0325617 
5202 0.0325617 
5203 0.0325926 
5204 0.0325926 
5205 0.0325926 
5206 0.0326235 
5207 0.0326235 
5208 0.0325617 
5209 0.0325617 
5210 0.0325617 
5211 0.0325309 
5212 0.0325617 
5213 0.0325617 
5214 0.0325617 
5215 0.0325926 
5216 0.0325926 
5217 0.0325926 
5218 0.0325926 
5219 0.0326235 
5220 0.0325926 
5221 0.0326543 
5222 0.0326235 
5223 0.0325617 
5224 0.0325617 
5225 0.0325309 
5226 0.0325309 
5227 0.0325309 
5228 0.0325309 
5229 0.0325 
5230 0.0325 
5231 0.0324691 
5232 0.0325 
5233 0.0325 
5234 0.0325 
5235 0.0325 
5236 0.0325617 
5237 0.0325617 
5238 0.0325617 
5239 0.0325617 
5240 0.0325617 
5241 0.0325617 
5242 0.0325617 
5243 0.0325617 
5244 0.0325617 
5245 0.032284 
5246 0.0323457 
5247 0.0323457 
5248 0.0323765 
5249 0.0323457 
5250 0.0324074 
5251 0.0323765 
5252 0.0323765 
5253 0.0323765 
5254 0.0323765 
5255 0.0324074 
5256 0.0324074 
5257 0.0358333 
5258 0.0419753 
5259 0.044321 
5260 0.0516049 
5261 0.0565123 
5262 0.0599074 
5263 0.0650309 
5264 0.0672222 
5265 0.0678086 
5266 0.0699074 
5267 0.0734259 
5268 0.0734259 
5269 0.0750309 
5270 0.0767593 
5271 0.0771296 
5272 0.0791358 
5273 0.0789506 
5274 0.0793519 
5275 0.0805556 
5276 0.0820679 
5277 0.0817901 
5278 0.0844444 
5279 0.0862037 
5280 0.0846296 
5281 0.0853704 
5282 0.0879012 
5283 0.0878086 
5284 0.0875926 
5285 0.0900309 
5286 0.0912037 
5287 0.0928395 
5288 0.0963272 
5289 0.0998148 
5290 0.105833 
5291 0.115062 
5292 0.121019 
5293 0.127654 
5294 0.132623 
5295 0.136512 
5296 0.140154 
5297 0.146914 
5298 0.148426 
5299 0.152099 
5300 0.156759 
5301 0.159136 
5302 0.163179 
5303 0.167099 
5304 0.168117 
5305 0.170988 
5306 0.174259 
5307 0.177222 
5308 0.179414 
5309 0.179537 
5310 0.180802 
5311 0.181389 
5312 0.185093 
5313 0.184074 
5314 0.183364 
5315 0.180988 
5316 0.180556 
5317 0.178549 
5318 0.178951 
5319 0.178025 
5320 0.177809 
5321 0.177623 
5322 0.176265 
5323 0.173272 
5324 0.171944 
5325 0.170833 
5326 0.169537 
5327 0.171759 
5328 0.17213 
5329 0.174907 
5330 0.178488 
5331 0.180802 
5332 0.179877 
5333 0.183765 
5334 0.184599 
5335 0.186975 
5336 0.188642 
5337 0.189198 
5338 0.190586 
5339 0.190802 
5340 0.192685 
5341 0.19392 
5342 0.195062 
5343 0.195741 
5344 0.196389 
5345 0.197963 
5346 0.198611 
5347 0.200154 
5348 0.202469 
5349 0.201296 
5350 0.203179 
5351 0.20534 
5352 0.207685 
5353 0.213642 
5354 0.220556 
5355 0.223148 
5356 0.22821 
5357 0.232284 
5358 0.236821 
5359 0.239198 
5360 0.244784 
5361 0.247901 
5362 0.249167 
5363 0.24466 
5364 0.247531 
5365 0.248735 
5366 0.249321 
5367 0.251389 
5368 0.247593 
5369 0.250401 
5370 0.248241 
5371 0.249043 
5372 0.249568 
5373 0.252654 
5374 0.251574 
5375 0.25392 
5376 0.254506 
5377 0.25608 
5378 0.257809 
5379 0.254907 
5380 0.257346 
5381 0.258611 
5382 0.261265 
5383 0.26179 
5384 0.262623 
5385 0.264506 
5386 0.270648 
5387 0.277346 
5388 0.279475 
5389 0.284877 
5390 0.287963 
5391 0.290031 
5392 0.291481 
5393 0.294877 
5394 0.295679 
5395 0.296975 
5396 0.297377 
5397 0.297469 
5398 0.298117 
5399 0.297407 
5400 0.296481 
5401 0.295093 
5402 0.293951 
5403 0.295247 
5404 0.292778 
5405 0.293148 
5406 0.294321 
5407 0.296358 
5408 0.299383 
5409 0.300031 
5410 0.299537 
5411 0.303056 
5412 0.305 
5413 0.305401 
5414 0.305093 
5415 0.305 
5416 0.308704 
5417 0.313333 
5418 0.316265 
5419 0.321204 
5420 0.329753 
5421 0.331636 
5422 0.335031 
5423 0.337284 
5424 0.337562 
5425 0.342685 
5426 0.344537 
5427 0.34534 
5428 0.347006 
5429 0.349259 
5430 0.352407 
5431 0.355741 
5432 0.359352 
5433 0.358056 
5434 0.361481 
5435 0.36537 
5436 0.366944 
5437 0.370154 
5438 0.371111 
5439 0.377593 
5440 0.382531 
5441 0.384938 
5442 0.385309 
5443 0.389907 
5444 0.39463 
5445 0.393488 
5446 0.395463 
5447 0.397593 
5448 0.401327 
5449 0.403549 
5450 0.405586 
5451 0.40571 
5452 0.40392 
5453 0.40321 
5454 0.40321 
5455 0.403241 
5456 0.400247 
5457 0.401451 
5458 0.398364 
5459 0.399877 
5460 0.401235 
5461 0.399784 
5462 0.397068 
5463 0.396111 
5464 0.396019 
5465 0.394414 
5466 0.392284 
5467 0.390556 
5468 0.392191 
5469 0.391759 
5470 0.393488 
5471 0.391265 
5472 0.391327 
5473 0.390679 
5474 0.390154 
5475 0.39034 
5476 0.387623 
5477 0.393333 
5478 0.395093 
5479 0.398827 
5480 0.403302 
5481 0.405648 
5482 0.409321 
5483 0.414352 
5484 0.417284 
5485 0.422068 
5486 0.428735 
5487 0.430093 
5488 0.43608 
5489 0.44108 
5490 0.443889 
5491 0.44821 
5492 0.4525 
5493 0.454352 
5494 0.45858 
5495 0.469352 
5496 0.469167 
5497 0.470772 
5498 0.473025 
5499 0.475031 
5500 0.47821 
5501 0.483056 
5502 0.487963 
5503 0.490741 
5504 0.494815 
5505 0.49534 
5506 0.498827 
5507 0.502623 
5508 0.503611 
5509 0.505401 
5510 0.507809 
5511 0.509074 
5512 0.510093 
5513 0.511759 
5514 0.512253 
5515 0.513333 
5516 0.512747 
5517 0.512778 
5518 0.512191 
5519 0.515309 
5520 0.522037 
5521 0.525185 
5522 0.526358 
5523 0.526512 
5524 0.53034 
5525 0.529877 
5526 0.533148 
5527 0.537531 
5528 0.549198 
5529 0.551883 
5530 0.559259 
5531 0.564722 
5532 0.567315 
5533 0.574722 
5534 0.577469 
5535 0.581481 
5536 0.585216 
5537 0.588241 
5538 0.59034 
5539 0.592531 
5540 0.594599 
5541 0.598025 
5542 0.598241 
5543 0.599352 
5544 0.602315 
5545 0.607037 
5546 0.608642 
5547 0.609938 
5548 0.611049 
5549 0.612562 
5550 0.61466 
5551 0.616111 
5552 0.620093 
5553 0.62037 
5554 0.621019 
5555 0.625031 
5556 0.626667 
5557 0.630802 
5558 0.632037 
5559 0.635185 
5560 0.63787 
5561 0.642593 
5562 0.643086 
5563 0.644568 
5564 0.647253 
5565 0.647932 
5566 0.649012 
5567 0.648765 
5568 0.648426 
5569 0.650185 
5570 0.6475 
5571 0.649321 
5572 0.650185 
5573 0.649383 
5574 0.651543 
5575 0.652068 
5576 0.653056 
5577 0.652623 
5578 0.652531 
5579 0.653364 
5580 0.653642 
5581 0.654938 
5582 0.653858 
5583 0.653117 
5584 0.655494 
5585 0.655617 
5586 0.654846 
5587 0.65784 
5588 0.657963 
5589 0.659568 
5590 0.661019 
5591 0.66 
5592 0.66287 
5593 0.663426 
5594 0.663889 
5595 0.669537 
5596 0.670926 
5597 0.668364 
5598 0.668086 
5599 0.668642 
5600 0.667747 
5601 0.665309 
5602 0.664938 
5603 0.667222 
5604 0.666019 
5605 0.666759 
5606 0.668241 
5607 0.669506 
5608 0.669012 
5609 0.667253 
5610 0.668179 
5611 0.665864 
5612 0.668457 
5613 0.667284 
5614 0.666914 
5615 0.667068 
5616 0.666698 
5617 0.66713 
5618 0.666605 
5619 0.668117 
5620 0.673241 
5621 0.672747 
5622 0.672932 
5623 0.670802 
5624 0.671451 
5625 0.672654 
5626 0.670062 
5627 0.671049 
5628 0.671914 
5629 0.670864 
5630 0.66963 
5631 0.66966 
5632 0.666512 
5633 0.666235 
5634 0.664167 
5635 0.664167 
5636 0.664043 
5637 0.665062 
5638 0.664815 
5639 0.665 
5640 0.665957 
5641 0.667809 
5642 0.668765 
5643 0.674105 
5644 0.676512 
5645 0.713117 
5646 0.711019 
5647 0.712284 
5648 0.713426 
5649 0.713488 
5650 0.713457 
5651 0.711543 
5652 0.711914 
5653 0.712593 
5654 0.710957 
5655 0.711481 
5656 0.712191 
5657 0.710648 
5658 0.71071 
5659 0.710556 
5660 0.711543 
5661 0.713457 
5662 0.713056 
5663 0.713056 
5664 0.712716 
5665 0.71429 
5666 0.715093 
5667 0.716636 
5668 0.716451 
5669 0.715401 
5670 0.72179 
5671 0.720988 
5672 0.72216 
5673 0.72321 
5674 0.724198 
5675 0.724691 
5676 0.723117 
5677 0.72429 
5678 0.723549 
5679 0.72358 
5680 0.72463 
5681 0.724691 
5682 0.725741 
5683 0.724352 
5684 0.723796 
5685 0.722716 
5686 0.722932 
5687 0.722531 
5688 0.722284 
5689 0.721173 
5690 0.720617 
5691 0.720679 
5692 0.720432 
5693 0.721512 
5694 0.721543 
5695 0.72 
5696 0.721173 
5697 0.721173 
5698 0.720957 
5699 0.721728 
5700 0.721914 
5701 0.727778 
5702 0.731574 
5703 0.732994 
5704 0.73392 
5705 0.737963 
5706 0.737932 
5707 0.739136 
5708 0.738951 
5709 0.738765 
5710 0.741327 
5711 0.748549 
5712 0.747284 
5713 0.748025 
5714 0.749198 
5715 0.75037 
5716 0.751173 
5717 0.751049 
5718 0.750926 
5719 0.751389 
5720 0.753117 
5721 0.752778 
5722 0.75284 
5723 0.752346 
5724 0.752562 
5725 0.753086 
5726 0.753302 
5727 0.753673 
5728 0.754012 
5729 0.753796 
5730 0.753796 
5731 0.753642 
5732 0.753549 
5733 0.754074 
5734 0.753981 
5735 0.753117 
5736 0.753117 
5737 0.753735 
Time taken by function: 201615507 microseconds
