Frame Number Queue Density
1 0.0788966 
2 0.0781019 
3 0.0789429 
4 0.0867052 
5 0.0947454 
6 0.0980633 
7 0.100934 
8 0.10436 
9 0.105108 
10 0.107253 
11 0.11027 
12 0.110694 
13 0.11142 
14 0.114267 
15 0.115208 
16 0.116343 
17 0.117654 
18 0.117809 
19 0.119221 
20 0.119946 
21 0.120664 
22 0.122361 
23 0.122647 
24 0.123889 
25 0.126211 
26 0.128372 
27 0.128434 
28 0.130108 
29 0.132014 
30 0.132515 
31 0.133681 
32 0.134483 
33 0.134877 
34 0.134869 
35 0.135664 
36 0.13652 
37 0.137091 
38 0.137384 
39 0.13821 
40 0.138133 
41 0.139591 
42 0.139498 
43 0.140602 
44 0.140849 
45 0.141381 
46 0.141698 
47 0.142886 
48 0.141937 
49 0.143488 
50 0.143997 
51 0.144614 
52 0.14767 
53 0.149383 
54 0.148966 
55 0.151566 
56 0.15321 
57 0.153889 
58 0.155694 
59 0.15777 
60 0.157377 
61 0.157238 
62 0.155031 
63 0.15341 
64 0.152269 
65 0.150069 
66 0.150162 
67 0.149437 
68 0.148611 
69 0.148526 
70 0.145787 
71 0.147739 
72 0.148951 
73 0.150394 
74 0.15125 
75 0.15142 
76 0.152531 
77 0.15402 
78 0.155255 
79 0.157886 
80 0.160941 
81 0.162122 
82 0.164028 
83 0.167878 
84 0.16936 
85 0.173573 
86 0.17723 
87 0.17912 
88 0.183881 
89 0.188194 
90 0.189807 
91 0.194537 
92 0.196613 
93 0.197438 
94 0.19821 
95 0.196782 
96 0.199236 
97 0.200139 
98 0.200517 
99 0.201181 
100 0.202685 
101 0.202207 
102 0.202153 
103 0.202739 
104 0.200941 
105 0.200594 
106 0.199329 
107 0.201119 
108 0.202176 
109 0.20409 
110 0.206605 
111 0.208573 
112 0.211227 
113 0.213326 
114 0.214884 
115 0.216335 
116 0.219792 
117 0.219406 
118 0.219815 
119 0.220556 
120 0.220231 
121 0.220718 
122 0.221667 
123 0.221119 
124 0.222469 
125 0.221844 
126 0.223194 
127 0.224923 
128 0.224907 
129 0.226574 
130 0.226829 
131 0.228403 
132 0.229221 
133 0.230532 
134 0.232485 
135 0.232361 
136 0.234151 
137 0.234414 
138 0.235748 
139 0.237114 
140 0.23814 
141 0.238102 
142 0.237577 
143 0.238735 
144 0.238642 
145 0.238125 
146 0.238063 
147 0.239205 
148 0.238287 
149 0.236713 
150 0.236759 
151 0.237438 
152 0.235772 
153 0.235332 
154 0.234954 
155 0.233086 
156 0.232631 
157 0.230069 
158 0.22956 
159 0.228912 
160 0.22814 
161 0.228117 
162 0.227793 
163 0.226427 
164 0.224954 
165 0.225193 
166 0.224738 
167 0.224715 
168 0.224722 
169 0.224066 
170 0.223102 
171 0.222153 
172 0.222014 
173 0.221219 
174 0.221937 
175 0.22179 
176 0.221211 
177 0.220571 
178 0.220378 
179 0.2199 
180 0.219861 
181 0.22064 
182 0.219977 
183 0.220031 
184 0.219506 
185 0.220147 
186 0.219244 
187 0.218372 
188 0.218341 
189 0.218295 
190 0.218171 
191 0.218696 
192 0.219043 
193 0.21811 
194 0.21784 
195 0.219745 
196 0.21973 
197 0.219684 
198 0.219776 
199 0.220015 
200 0.220378 
201 0.220255 
202 0.220123 
203 0.220401 
204 0.220741 
205 0.22081 
206 0.220579 
207 0.220401 
208 0.220432 
209 0.220363 
210 0.22037 
211 0.220887 
212 0.220934 
213 0.220563 
214 0.219946 
215 0.219699 
216 0.219498 
217 0.218897 
218 0.218997 
219 0.219136 
220 0.220525 
221 0.220718 
222 0.221026 
223 0.220941 
224 0.220502 
225 0.220517 
226 0.220571 
227 0.220972 
228 0.220586 
229 0.220394 
230 0.22044 
231 0.220417 
232 0.220471 
233 0.221142 
234 0.221335 
235 0.22152 
236 0.221497 
237 0.221458 
238 0.220648 
239 0.21956 
240 0.218773 
241 0.21885 
242 0.219522 
243 0.219429 
244 0.219938 
245 0.216829 
246 0.217222 
247 0.2176 
248 0.217631 
249 0.217299 
250 0.217153 
251 0.217222 
252 0.217114 
253 0.216698 
254 0.216497 
255 0.216605 
256 0.216829 
257 0.216875 
258 0.216667 
259 0.216829 
260 0.21716 
261 0.217199 
262 0.216906 
263 0.21723 
264 0.217199 
265 0.21716 
266 0.217184 
267 0.217106 
268 0.217114 
269 0.217052 
270 0.215995 
271 0.216026 
272 0.215741 
273 0.215741 
274 0.216026 
275 0.217485 
276 0.218634 
277 0.220301 
278 0.221466 
279 0.222045 
280 0.223727 
281 0.225702 
282 0.226806 
283 0.229028 
284 0.230779 
285 0.231628 
286 0.232948 
287 0.232407 
288 0.232014 
289 0.231605 
290 0.230694 
291 0.230532 
292 0.22902 
293 0.227994 
294 0.227338 
295 0.226435 
296 0.224869 
297 0.223904 
298 0.222693 
299 0.220972 
300 0.220532 
301 0.21963 
302 0.219275 
303 0.218526 
304 0.218349 
305 0.217932 
306 0.217909 
307 0.218218 
308 0.218719 
309 0.218349 
310 0.218063 
311 0.219545 
312 0.218619 
313 0.217863 
314 0.217986 
315 0.218588 
316 0.219313 
317 0.218812 
318 0.218534 
319 0.218272 
320 0.218742 
321 0.219174 
322 0.219398 
323 0.219043 
324 0.219182 
325 0.219807 
326 0.219421 
327 0.219715 
328 0.219799 
329 0.21983 
330 0.219769 
331 0.219961 
332 0.219715 
333 0.219753 
334 0.220069 
335 0.220085 
336 0.220185 
337 0.220255 
338 0.220054 
339 0.22037 
340 0.220864 
341 0.221991 
342 0.222562 
343 0.22304 
344 0.223765 
345 0.222662 
346 0.223426 
347 0.223758 
348 0.224267 
349 0.224105 
350 0.223557 
351 0.22331 
352 0.223117 
353 0.222639 
354 0.222631 
355 0.222631 
356 0.223264 
357 0.222978 
358 0.22321 
359 0.22314 
360 0.223156 
361 0.223349 
362 0.223326 
363 0.223549 
364 0.223557 
365 0.223711 
366 0.223843 
367 0.223742 
368 0.22358 
369 0.223511 
370 0.222677 
371 0.222755 
372 0.222731 
373 0.222708 
374 0.222608 
375 0.222569 
376 0.222523 
377 0.22213 
378 0.222176 
379 0.221636 
380 0.221528 
381 0.222361 
382 0.223526 
383 0.224174 
384 0.224985 
385 0.226235 
386 0.227137 
387 0.227384 
388 0.228465 
389 0.229676 
390 0.230216 
391 0.23135 
392 0.232685 
393 0.233272 
394 0.233542 
395 0.234907 
396 0.235247 
397 0.235177 
398 0.236011 
399 0.236242 
400 0.236659 
401 0.237554 
402 0.237886 
403 0.239043 
404 0.241119 
405 0.2426 
406 0.245965 
407 0.249282 
408 0.250656 
409 0.254475 
410 0.257253 
411 0.259136 
412 0.263711 
413 0.268465 
414 0.271366 
415 0.27571 
416 0.280185 
417 0.28216 
418 0.285694 
419 0.288673 
420 0.288002 
421 0.291003 
422 0.295995 
423 0.297739 
424 0.303009 
425 0.308264 
426 0.30983 
427 0.314275 
428 0.317585 
429 0.319576 
430 0.322963 
431 0.326358 
432 0.328372 
433 0.332708 
434 0.335957 
435 0.338048 
436 0.341929 
437 0.343719 
438 0.343488 
439 0.345177 
440 0.345926 
441 0.345802 
442 0.346512 
443 0.346744 
444 0.346852 
445 0.348688 
446 0.350934 
447 0.351574 
448 0.354306 
449 0.356458 
450 0.357562 
451 0.35973 
452 0.361613 
453 0.361775 
454 0.362778 
455 0.365 
456 0.365471 
457 0.366273 
458 0.367469 
459 0.367431 
460 0.368318 
461 0.36973 
462 0.36973 
463 0.370802 
464 0.370864 
465 0.370486 
466 0.370926 
467 0.37115 
468 0.37054 
469 0.371026 
470 0.373032 
471 0.37365 
472 0.373472 
473 0.372863 
474 0.372685 
475 0.372747 
476 0.371921 
477 0.37196 
478 0.371088 
479 0.371744 
480 0.370995 
481 0.372238 
482 0.37213 
483 0.371836 
484 0.37341 
485 0.37206 
486 0.372693 
487 0.373272 
488 0.372909 
489 0.372832 
490 0.372415 
491 0.372562 
492 0.372924 
493 0.373256 
494 0.372955 
495 0.371512 
496 0.371775 
497 0.372778 
498 0.373218 
499 0.375579 
500 0.379043 
501 0.380617 
502 0.38436 
503 0.388465 
504 0.390031 
505 0.39311 
506 0.397593 
507 0.399877 
508 0.405039 
509 0.409336 
510 0.41044 
511 0.411914 
512 0.414468 
513 0.415864 
514 0.417253 
515 0.419306 
516 0.420548 
517 0.423279 
518 0.425046 
519 0.426844 
520 0.435988 
521 0.437515 
522 0.439498 
523 0.440293 
524 0.441937 
525 0.44294 
526 0.446165 
527 0.446335 
528 0.44804 
529 0.449452 
530 0.450679 
531 0.450833 
532 0.452917 
533 0.452176 
534 0.453642 
535 0.454398 
536 0.455363 
537 0.455417 
538 0.45625 
539 0.457369 
540 0.456867 
541 0.457693 
542 0.458927 
543 0.460062 
544 0.458434 
545 0.458094 
546 0.457886 
547 0.457554 
548 0.455764 
549 0.454961 
550 0.454244 
551 0.453279 
552 0.453603 
553 0.453395 
554 0.452083 
555 0.452585 
556 0.451991 
557 0.451767 
558 0.451358 
559 0.45061 
560 0.450131 
561 0.450324 
562 0.449514 
563 0.44929 
564 0.449105 
565 0.447245 
566 0.447222 
567 0.447438 
568 0.446003 
569 0.44723 
570 0.450177 
571 0.451535 
572 0.451373 
573 0.451844 
574 0.45311 
575 0.454545 
576 0.455363 
577 0.456798 
578 0.458549 
579 0.4599 
580 0.462438 
581 0.46463 
582 0.466235 
583 0.467878 
584 0.469799 
585 0.470764 
586 0.472485 
587 0.47331 
588 0.474498 
589 0.476836 
590 0.478627 
591 0.479383 
592 0.481157 
593 0.484182 
594 0.4851 
595 0.49267 
596 0.496813 
597 0.499221 
598 0.50179 
599 0.505193 
600 0.508241 
601 0.509444 
602 0.513704 
603 0.51544 
604 0.517824 
605 0.52034 
606 0.522353 
607 0.530316 
608 0.534915 
609 0.538032 
610 0.542261 
611 0.545694 
612 0.546752 
613 0.549059 
614 0.551458 
615 0.552724 
616 0.554992 
617 0.556983 
618 0.557739 
619 0.558873 
620 0.563858 
621 0.563634 
622 0.564969 
623 0.565201 
624 0.565895 
625 0.567863 
626 0.568225 
627 0.568719 
628 0.569198 
629 0.571582 
630 0.572353 
631 0.573681 
632 0.574252 
633 0.575448 
634 0.576204 
635 0.575702 
636 0.576551 
637 0.577508 
638 0.57642 
639 0.576559 
640 0.576674 
641 0.576173 
642 0.575988 
643 0.575046 
644 0.575664 
645 0.574406 
646 0.57463 
647 0.574136 
648 0.575108 
649 0.575787 
650 0.576366 
651 0.576682 
652 0.576867 
653 0.577315 
654 0.577685 
655 0.577531 
656 0.57706 
657 0.57814 
658 0.577878 
659 0.577662 
660 0.577955 
661 0.577847 
662 0.578835 
663 0.578688 
664 0.57902 
665 0.579159 
666 0.57929 
667 0.579159 
668 0.579869 
669 0.579298 
670 0.577639 
671 0.577886 
672 0.577901 
673 0.578681 
674 0.579259 
675 0.579105 
676 0.579398 
677 0.580532 
678 0.580702 
679 0.581443 
680 0.582755 
681 0.58267 
682 0.584159 
683 0.584329 
684 0.585586 
685 0.584954 
686 0.585818 
687 0.584977 
688 0.585826 
689 0.585586 
690 0.58625 
691 0.586528 
692 0.586157 
693 0.586157 
694 0.586736 
695 0.587284 
696 0.588248 
697 0.587199 
698 0.587739 
699 0.587708 
700 0.587693 
701 0.587554 
702 0.587346 
703 0.588295 
704 0.5874 
705 0.587238 
706 0.588279 
707 0.587623 
708 0.587994 
709 0.589336 
710 0.588356 
711 0.588619 
712 0.590625 
713 0.591543 
714 0.590965 
715 0.590347 
716 0.591574 
717 0.591782 
718 0.591373 
719 0.591721 
720 0.594522 
721 0.593958 
722 0.594066 
723 0.594375 
724 0.594128 
725 0.594645 
726 0.595108 
727 0.594614 
728 0.594684 
729 0.594298 
730 0.595201 
731 0.595463 
732 0.595594 
733 0.595448 
734 0.595448 
735 0.596127 
736 0.595833 
737 0.595679 
738 0.595586 
739 0.594907 
740 0.59483 
741 0.594761 
742 0.594529 
743 0.594591 
744 0.594769 
745 0.599306 
746 0.599367 
747 0.599198 
748 0.600062 
749 0.600139 
750 0.600285 
751 0.600802 
752 0.600748 
753 0.601227 
754 0.601721 
755 0.601651 
756 0.60142 
757 0.601698 
758 0.602323 
759 0.602076 
760 0.602523 
761 0.602639 
762 0.603133 
763 0.603441 
764 0.603326 
765 0.603503 
766 0.603349 
767 0.604483 
768 0.604522 
769 0.604869 
770 0.609622 
771 0.608997 
772 0.608696 
773 0.60865 
774 0.608503 
775 0.609637 
776 0.60885 
777 0.608503 
778 0.608449 
779 0.607978 
780 0.608218 
781 0.608241 
782 0.608758 
783 0.608951 
784 0.609344 
785 0.609468 
786 0.610085 
787 0.611968 
788 0.613032 
789 0.613534 
790 0.614799 
791 0.61564 
792 0.616358 
793 0.617083 
794 0.61635 
795 0.61304 
796 0.613102 
797 0.613295 
798 0.613449 
799 0.613287 
800 0.612014 
801 0.611404 
802 0.60919 
803 0.610154 
804 0.609715 
805 0.609846 
806 0.609059 
807 0.608897 
808 0.608326 
809 0.608642 
810 0.609035 
811 0.60966 
812 0.61 
813 0.612122 
814 0.614012 
815 0.617616 
816 0.621026 
817 0.623248 
818 0.624992 
819 0.625363 
820 0.638642 
821 0.638526 
822 0.637863 
823 0.644035 
824 0.649082 
825 0.651042 
826 0.652423 
827 0.655432 
828 0.656157 
829 0.656914 
830 0.659807 
831 0.661142 
832 0.662215 
833 0.66294 
834 0.663202 
835 0.66348 
836 0.663349 
837 0.664414 
838 0.66473 
839 0.666211 
840 0.666319 
841 0.666929 
842 0.667323 
843 0.667569 
844 0.667701 
845 0.678125 
846 0.677477 
847 0.679097 
848 0.679429 
849 0.679035 
850 0.678657 
851 0.679352 
852 0.679622 
853 0.679051 
854 0.678781 
855 0.677292 
856 0.677323 
857 0.676937 
858 0.676744 
859 0.676011 
860 0.675941 
861 0.675332 
862 0.674884 
863 0.674691 
864 0.674954 
865 0.675062 
866 0.675 
867 0.674877 
868 0.674815 
869 0.674769 
870 0.672978 
871 0.673526 
872 0.674028 
873 0.673904 
874 0.674421 
875 0.674128 
876 0.673989 
877 0.674043 
878 0.673935 
879 0.673534 
880 0.673657 
881 0.673472 
882 0.673781 
883 0.672708 
884 0.673534 
885 0.673565 
886 0.673094 
887 0.673341 
888 0.674336 
889 0.674321 
890 0.673503 
891 0.674954 
892 0.674745 
893 0.674514 
894 0.674159 
895 0.674776 
896 0.674738 
897 0.674892 
898 0.674699 
899 0.674475 
900 0.674552 
901 0.674383 
902 0.67429 
903 0.674869 
904 0.675046 
905 0.675872 
906 0.676111 
907 0.676875 
908 0.676427 
909 0.676559 
910 0.676528 
911 0.676582 
912 0.675525 
913 0.674715 
914 0.675023 
915 0.675062 
916 0.674992 
917 0.674707 
918 0.674799 
919 0.674552 
920 0.674653 
921 0.674961 
922 0.675293 
923 0.675247 
924 0.675255 
925 0.67564 
926 0.676003 
927 0.676235 
928 0.676011 
929 0.675903 
930 0.673048 
931 0.672569 
932 0.67267 
933 0.672492 
934 0.672546 
935 0.672369 
936 0.672215 
937 0.672423 
938 0.672693 
939 0.67284 
940 0.671597 
941 0.671551 
942 0.671682 
943 0.670957 
944 0.670995 
945 0.670471 
946 0.669954 
947 0.670478 
948 0.670694 
949 0.671096 
950 0.67162 
951 0.671281 
952 0.670725 
953 0.670671 
954 0.670864 
955 0.677824 
956 0.677446 
957 0.677909 
958 0.677508 
959 0.677276 
960 0.676404 
961 0.676682 
962 0.676235 
963 0.675903 
964 0.675656 
965 0.675386 
966 0.675594 
967 0.675579 
968 0.675895 
969 0.67615 
970 0.676258 
971 0.676489 
972 0.67669 
973 0.677091 
974 0.677569 
975 0.677114 
976 0.676319 
977 0.675926 
978 0.674807 
979 0.674491 
980 0.664051 
981 0.664244 
982 0.663719 
983 0.663156 
984 0.662593 
985 0.662762 
986 0.662415 
987 0.662662 
988 0.663002 
989 0.662955 
990 0.662932 
991 0.665154 
992 0.665031 
993 0.665123 
994 0.665486 
995 0.665918 
996 0.665432 
997 0.665648 
998 0.666026 
999 0.665918 
1000 0.666335 
1001 0.666921 
1002 0.666798 
1003 0.666659 
1004 0.666512 
1005 0.665841 
1006 0.666096 
1007 0.666535 
1008 0.666466 
1009 0.666752 
1010 0.666381 
1011 0.662623 
1012 0.6625 
1013 0.663256 
1014 0.663819 
1015 0.663835 
1016 0.663904 
1017 0.663781 
1018 0.663827 
1019 0.664653 
1020 0.664545 
1021 0.664429 
1022 0.664838 
1023 0.664444 
1024 0.664491 
1025 0.664298 
1026 0.664645 
1027 0.66456 
1028 0.664552 
1029 0.664282 
1030 0.663418 
1031 0.663603 
1032 0.663233 
1033 0.663519 
1034 0.66358 
1035 0.663071 
1036 0.666582 
1037 0.665208 
1038 0.665301 
1039 0.664915 
1040 0.665216 
1041 0.665316 
1042 0.665548 
1043 0.665756 
1044 0.666026 
1045 0.666026 
1046 0.665918 
1047 0.665818 
1048 0.66544 
1049 0.665887 
1050 0.666235 
1051 0.665895 
1052 0.66581 
1053 0.665756 
1054 0.666188 
1055 0.665949 
1056 0.665594 
1057 0.665448 
1058 0.665378 
1059 0.665926 
1060 0.666358 
1061 0.659498 
1062 0.659159 
1063 0.659475 
1064 0.659136 
1065 0.659012 
1066 0.658681 
1067 0.659892 
1068 0.66034 
1069 0.659452 
1070 0.659329 
1071 0.659259 
1072 0.659923 
1073 0.658943 
1074 0.658465 
1075 0.65865 
1076 0.658773 
1077 0.65902 
1078 0.659861 
1079 0.660571 
1080 0.66 
1081 0.660401 
1082 0.660471 
1083 0.660255 
1084 0.661319 
1085 0.661319 
1086 0.664514 
1087 0.664074 
1088 0.663364 
1089 0.663372 
1090 0.662847 
1091 0.663881 
1092 0.663611 
1093 0.663611 
1094 0.663989 
1095 0.66429 
1096 0.664259 
1097 0.664591 
1098 0.664846 
1099 0.665077 
1100 0.664892 
1101 0.663843 
1102 0.663974 
1103 0.66314 
1104 0.663387 
1105 0.66338 
1106 0.663063 
1107 0.663117 
1108 0.662716 
1109 0.662901 
1110 0.662924 
1111 0.66436 
1112 0.663735 
1113 0.663711 
1114 0.662886 
1115 0.663148 
1116 0.663287 
1117 0.663619 
1118 0.663819 
1119 0.662654 
1120 0.663642 
1121 0.663503 
1122 0.664151 
1123 0.663974 
1124 0.664012 
1125 0.663696 
1126 0.665571 
1127 0.664915 
1128 0.665486 
1129 0.666119 
1130 0.667114 
1131 0.667894 
1132 0.667029 
1133 0.666844 
1134 0.665725 
1135 0.666127 
1136 0.66385 
1137 0.665687 
1138 0.66686 
1139 0.668619 
1140 0.668935 
1141 0.670926 
1142 0.670918 
1143 0.671173 
1144 0.670378 
1145 0.670208 
1146 0.671211 
1147 0.671736 
1148 0.670849 
1149 0.670563 
1150 0.670455 
1151 0.668827 
1152 0.668187 
1153 0.66716 
1154 0.666829 
1155 0.66527 
1156 0.664668 
1157 0.664645 
1158 0.664221 
1159 0.664244 
1160 0.66456 
1161 0.661165 
1162 0.662083 
1163 0.661782 
1164 0.661906 
1165 0.660548 
1166 0.659776 
1167 0.659344 
1168 0.659167 
1169 0.658951 
1170 0.659005 
1171 0.658295 
1172 0.660247 
1173 0.658519 
1174 0.659267 
1175 0.659198 
1176 0.657894 
1177 0.658117 
1178 0.658758 
1179 0.657747 
1180 0.658542 
1181 0.65892 
1182 0.659306 
1183 0.660031 
1184 0.660085 
1185 0.660417 
1186 0.66767 
1187 0.66848 
1188 0.66892 
1189 0.669414 
1190 0.66909 
1191 0.668765 
1192 0.667932 
1193 0.66804 
1194 0.667832 
1195 0.66885 
1196 0.668827 
1197 0.67081 
1198 0.67071 
1199 0.670224 
1200 0.669005 
1201 0.668719 
1202 0.668534 
1203 0.669699 
1204 0.670216 
1205 0.667485 
1206 0.666451 
1207 0.666412 
1208 0.666875 
1209 0.667037 
1210 0.665988 
1211 0.669174 
1212 0.667222 
1213 0.665324 
1214 0.666582 
1215 0.666605 
1216 0.665471 
1217 0.66544 
1218 0.665424 
1219 0.664915 
1220 0.665841 
1221 0.66544 
1222 0.664861 
1223 0.664884 
1224 0.664321 
1225 0.665571 
1226 0.665031 
1227 0.665185 
1228 0.664329 
1229 0.665239 
1230 0.665826 
1231 0.667569 
1232 0.667377 
1233 0.665625 
1234 0.665802 
1235 0.665278 
1236 0.660702 
1237 0.660077 
1238 0.659221 
1239 0.65919 
1240 0.660347 
1241 0.661721 
1242 0.664213 
1243 0.666111 
1244 0.666119 
1245 0.66679 
1246 0.667654 
1247 0.667006 
1248 0.665949 
1249 0.664182 
1250 0.663812 
1251 0.663434 
1252 0.662785 
1253 0.662377 
1254 0.661829 
1255 0.662276 
1256 0.662539 
1257 0.661775 
1258 0.661775 
1259 0.661057 
1260 0.66142 
1261 0.660062 
1262 0.659992 
1263 0.659259 
1264 0.659938 
1265 0.660046 
1266 0.659606 
1267 0.661628 
1268 0.661744 
1269 0.662353 
1270 0.663696 
1271 0.663881 
1272 0.664136 
1273 0.663449 
1274 0.664329 
1275 0.6625 
1276 0.663526 
1277 0.663673 
1278 0.664329 
1279 0.663256 
1280 0.66311 
1281 0.662863 
1282 0.662863 
1283 0.662562 
1284 0.6626 
1285 0.662037 
1286 0.661713 
1287 0.661412 
1288 0.661713 
1289 0.662068 
1290 0.662076 
1291 0.662292 
1292 0.662554 
1293 0.662639 
1294 0.663642 
1295 0.664606 
1296 0.664468 
1297 0.663897 
1298 0.663287 
1299 0.663241 
1300 0.663989 
1301 0.664668 
1302 0.663943 
1303 0.664437 
1304 0.664313 
1305 0.664961 
1306 0.665486 
1307 0.664969 
1308 0.665594 
1309 0.665247 
1310 0.665008 
1311 0.657145 
1312 0.657014 
1313 0.655864 
1314 0.655826 
1315 0.654761 
1316 0.654228 
1317 0.6525 
1318 0.653187 
1319 0.652562 
1320 0.652917 
1321 0.653465 
1322 0.652685 
1323 0.652191 
1324 0.652369 
1325 0.652145 
1326 0.652168 
1327 0.652986 
1328 0.652569 
1329 0.651844 
1330 0.651883 
1331 0.652006 
1332 0.65213 
1333 0.651713 
1334 0.652184 
1335 0.651535 
1336 0.656157 
1337 0.656952 
1338 0.656543 
1339 0.657014 
1340 0.656682 
1341 0.657083 
1342 0.656157 
1343 0.65669 
1344 0.656481 
1345 0.65733 
1346 0.65723 
1347 0.657963 
1348 0.658094 
1349 0.657323 
1350 0.658488 
1351 0.658773 
1352 0.659915 
1353 0.660401 
1354 0.660725 
1355 0.661219 
1356 0.661489 
1357 0.662176 
1358 0.662438 
1359 0.66277 
1360 0.663958 
1361 0.663542 
1362 0.664174 
1363 0.664252 
1364 0.663765 
1365 0.663843 
1366 0.664576 
1367 0.66517 
1368 0.665826 
1369 0.666026 
1370 0.666397 
1371 0.667145 
1372 0.668341 
1373 0.669622 
1374 0.669529 
1375 0.669738 
1376 0.669738 
1377 0.670031 
1378 0.669321 
1379 0.669799 
1380 0.669653 
1381 0.669699 
1382 0.669815 
1383 0.670625 
1384 0.670463 
1385 0.670478 
1386 0.668789 
1387 0.668403 
1388 0.668326 
1389 0.669606 
1390 0.67044 
1391 0.671142 
1392 0.67098 
1393 0.671443 
1394 0.671559 
1395 0.671235 
1396 0.672153 
1397 0.672292 
1398 0.672809 
1399 0.672762 
1400 0.673503 
1401 0.674012 
1402 0.67429 
1403 0.674414 
1404 0.675486 
1405 0.675293 
1406 0.676574 
1407 0.675748 
1408 0.676049 
1409 0.677485 
1410 0.677639 
1411 0.679421 
1412 0.679205 
1413 0.678843 
1414 0.679205 
1415 0.679398 
1416 0.679938 
1417 0.682037 
1418 0.682492 
1419 0.682392 
1420 0.68375 
1421 0.684144 
1422 0.684005 
1423 0.685316 
1424 0.685741 
1425 0.685525 
1426 0.685394 
1427 0.68544 
1428 0.688765 
1429 0.687963 
1430 0.688295 
1431 0.691057 
1432 0.690363 
1433 0.69196 
1434 0.693511 
1435 0.694452 
1436 0.698194 
1437 0.701003 
1438 0.701883 
1439 0.699954 
1440 0.702207 
1441 0.703495 
1442 0.703688 
1443 0.70544 
1444 0.707531 
1445 0.707878 
1446 0.70892 
1447 0.711528 
1448 0.712824 
1449 0.714267 
1450 0.715664 
1451 0.718549 
1452 0.721173 
1453 0.723665 
1454 0.726998 
1455 0.729653 
1456 0.731373 
1457 0.732917 
1458 0.734815 
1459 0.737863 
1460 0.74 
1461 0.739421 
1462 0.743588 
1463 0.744375 
1464 0.746134 
1465 0.746806 
1466 0.745903 
1467 0.749722 
1468 0.752824 
1469 0.750918 
1470 0.752863 
1471 0.756551 
1472 0.759838 
1473 0.760563 
1474 0.761929 
1475 0.761752 
1476 0.763009 
1477 0.762948 
1478 0.762878 
1479 0.764259 
1480 0.765741 
1481 0.764475 
1482 0.76716 
1483 0.767785 
1484 0.768719 
1485 0.769537 
1486 0.773295 
1487 0.772778 
1488 0.774676 
1489 0.773696 
1490 0.77419 
1491 0.77608 
1492 0.776258 
1493 0.775826 
1494 0.778287 
1495 0.781165 
1496 0.783426 
1497 0.78179 
1498 0.785262 
1499 0.784823 
1500 0.789931 
1501 0.792654 
1502 0.794583 
1503 0.795363 
1504 0.795756 
1505 0.795494 
1506 0.794352 
1507 0.792222 
1508 0.791219 
1509 0.794321 
1510 0.793943 
1511 0.796728 
1512 0.79767 
1513 0.796157 
1514 0.794769 
1515 0.79304 
1516 0.784221 
1517 0.783758 
1518 0.778194 
1519 0.773079 
1520 0.770941 
1521 0.766644 
1522 0.739182 
1523 0.73544 
1524 0.731211 
1525 0.72713 
1526 0.726273 
1527 0.725648 
1528 0.72287 
1529 0.723156 
1530 0.72088 
1531 0.723465 
1532 0.72162 
1533 0.724329 
1534 0.71956 
1535 0.724622 
1536 0.708472 
1537 0.7074 
1538 0.704807 
1539 0.704236 
1540 0.703094 
1541 0.701998 
1542 0.701026 
1543 0.703897 
1544 0.704537 
1545 0.707948 
1546 0.712886 
1547 0.713889 
1548 0.71713 
1549 0.718063 
1550 0.69456 
1551 0.684252 
1552 0.673549 
1553 0.672315 
1554 0.669776 
1555 0.66608 
1556 0.666042 
1557 0.664421 
1558 0.665116 
1559 0.66534 
1560 0.66662 
1561 0.661096 
1562 0.663912 
1563 0.665147 
1564 0.668843 
1565 0.669452 
1566 0.671049 
1567 0.671782 
1568 0.670131 
1569 0.668426 
1570 0.66838 
1571 0.667492 
1572 0.66385 
1573 0.664491 
1574 0.668032 
1575 0.670201 
1576 0.672747 
1577 0.67517 
1578 0.677955 
1579 0.682276 
1580 0.687461 
1581 0.686991 
1582 0.685887 
1583 0.683866 
1584 0.681566 
1585 0.681204 
1586 0.676667 
1587 0.676304 
1588 0.678472 
1589 0.676451 
1590 0.675802 
1591 0.674522 
1592 0.672215 
1593 0.674545 
1594 0.672485 
1595 0.672106 
1596 0.670278 
1597 0.668418 
1598 0.665386 
1599 0.667469 
1600 0.672523 
1601 0.677245 
1602 0.678519 
1603 0.680262 
1604 0.679961 
1605 0.676759 
1606 0.676713 
1607 0.680532 
1608 0.675957 
1609 0.676173 
1610 0.677631 
1611 0.67679 
1612 0.679861 
1613 0.679537 
1614 0.67713 
1615 0.667901 
1616 0.668711 
1617 0.666258 
1618 0.655517 
1619 0.657546 
1620 0.646582 
1621 0.64233 
1622 0.640594 
1623 0.638248 
1624 0.636644 
1625 0.638318 
1626 0.638781 
1627 0.639552 
1628 0.643542 
1629 0.642346 
1630 0.642955 
1631 0.64439 
1632 0.644992 
1633 0.646512 
1634 0.649761 
1635 0.649676 
1636 0.643387 
1637 0.64591 
1638 0.647423 
1639 0.644282 
1640 0.64135 
1641 0.638156 
1642 0.637832 
1643 0.634336 
1644 0.631103 
1645 0.635509 
1646 0.63544 
1647 0.628927 
1648 0.622894 
1649 0.623773 
1650 0.625633 
1651 0.624398 
1652 0.621188 
1653 0.623063 
1654 0.626528 
1655 0.629653 
1656 0.627199 
1657 0.630177 
1658 0.631775 
1659 0.634769 
1660 0.633789 
1661 0.633071 
1662 0.639475 
1663 0.642492 
1664 0.642222 
1665 0.643927 
1666 0.647886 
1667 0.654622 
1668 0.660293 
1669 0.659691 
1670 0.662199 
1671 0.66436 
1672 0.662816 
1673 0.661937 
1674 0.66054 
1675 0.65892 
1676 0.659213 
1677 0.657153 
1678 0.655949 
1679 0.656914 
1680 0.654838 
1681 0.654846 
1682 0.654722 
1683 0.652546 
1684 0.649306 
1685 0.648449 
1686 0.626474 
1687 0.62929 
1688 0.625833 
1689 0.629846 
1690 0.631852 
1691 0.63196 
1692 0.638681 
1693 0.642423 
1694 0.644522 
1695 0.650494 
1696 0.654221 
1697 0.658495 
1698 0.662477 
1699 0.662469 
1700 0.666003 
1701 0.66561 
1702 0.667361 
1703 0.665031 
1704 0.666821 
1705 0.668889 
1706 0.66723 
1707 0.659005 
1708 0.653426 
1709 0.651327 
1710 0.643819 
1711 0.634807 
1712 0.632755 
1713 0.62652 
1714 0.622083 
1715 0.623457 
1716 0.619306 
1717 0.617724 
1718 0.617801 
1719 0.614213 
1720 0.607616 
1721 0.611605 
1722 0.604745 
1723 0.600039 
1724 0.599159 
1725 0.595656 
1726 0.597184 
1727 0.597415 
1728 0.590394 
1729 0.587986 
1730 0.585363 
1731 0.550494 
1732 0.527762 
1733 0.522122 
1734 0.510062 
1735 0.512392 
1736 0.49341 
1737 0.493449 
1738 0.481088 
1739 0.479167 
1740 0.475255 
1741 0.454884 
1742 0.450224 
1743 0.450201 
1744 0.434645 
1745 0.430856 
1746 0.428989 
1747 0.425401 
1748 0.409614 
1749 0.404429 
1750 0.399491 
1751 0.396042 
1752 0.390347 
1753 0.378889 
1754 0.375787 
1755 0.371659 
1756 0.370856 
1757 0.366744 
1758 0.366003 
1759 0.361998 
1760 0.36223 
1761 0.360424 
1762 0.358727 
1763 0.355748 
1764 0.353889 
1765 0.352269 
1766 0.352014 
1767 0.360139 
1768 0.360748 
1769 0.360448 
1770 0.361906 
1771 0.358233 
1772 0.366698 
1773 0.364753 
1774 0.363943 
1775 0.36196 
1776 0.365802 
1777 0.367076 
1778 0.367137 
1779 0.366458 
1780 0.36338 
1781 0.363349 
1782 0.366968 
1783 0.363727 
1784 0.364005 
1785 0.358835 
1786 0.357269 
1787 0.354877 
1788 0.34909 
1789 0.343835 
1790 0.3425 
1791 0.337917 
1792 0.336427 
1793 0.331759 
1794 0.32189 
1795 0.313889 
1796 0.313056 
1797 0.309529 
1798 0.308542 
1799 0.309398 
1800 0.306806 
1801 0.306489 
1802 0.305309 
1803 0.304282 
1804 0.306736 
1805 0.308302 
1806 0.313495 
1807 0.313588 
1808 0.312299 
1809 0.308526 
1810 0.304352 
1811 0.301698 
1812 0.302508 
1813 0.304552 
1814 0.303642 
1815 0.30179 
1816 0.297238 
1817 0.296319 
1818 0.292191 
1819 0.291752 
1820 0.288673 
1821 0.285764 
1822 0.281736 
1823 0.280702 
1824 0.27561 
1825 0.268966 
1826 0.265193 
1827 0.259838 
1828 0.254877 
1829 0.257978 
1830 0.256651 
1831 0.256806 
1832 0.257392 
1833 0.255856 
1834 0.252284 
1835 0.250895 
1836 0.248318 
1837 0.245409 
1838 0.245756 
1839 0.239452 
1840 0.239159 
1841 0.238765 
1842 0.234931 
1843 0.231057 
1844 0.227724 
1845 0.224174 
1846 0.217377 
1847 0.214221 
1848 0.21027 
1849 0.202793 
1850 0.1999 
1851 0.191404 
1852 0.182747 
1853 0.17686 
1854 0.173542 
1855 0.173341 
1856 0.170957 
1857 0.167863 
1858 0.165617 
1859 0.165285 
1860 0.163943 
1861 0.16071 
1862 0.158171 
1863 0.152037 
1864 0.146991 
1865 0.148356 
1866 0.155208 
1867 0.160193 
1868 0.163241 
1869 0.168395 
1870 0.170856 
1871 0.1725 
1872 0.177083 
1873 0.177693 
1874 0.178426 
1875 0.182384 
1876 0.191752 
1877 0.195123 
1878 0.206319 
1879 0.21598 
1880 0.220386 
1881 0.229074 
1882 0.237207 
1883 0.239761 
1884 0.245818 
1885 0.250725 
1886 0.251968 
1887 0.25463 
1888 0.260779 
1889 0.26527 
1890 0.270787 
1891 0.277793 
1892 0.280077 
1893 0.288364 
1894 0.293603 
1895 0.296026 
1896 0.289097 
1897 0.285602 
1898 0.288418 
1899 0.288133 
1900 0.292068 
1901 0.292793 
1902 0.301381 
1903 0.312685 
1904 0.317284 
1905 0.323225 
1906 0.33321 
1907 0.335401 
1908 0.341921 
1909 0.345208 
1910 0.343156 
1911 0.336512 
1912 0.332554 
1913 0.330725 
1914 0.329367 
1915 0.32439 
1916 0.32216 
1917 0.318704 
1918 0.312677 
1919 0.313071 
1920 0.310563 
1921 0.313997 
1922 0.311127 
1923 0.308079 
1924 0.302955 
1925 0.29162 
1926 0.28537 
1927 0.28267 
1928 0.279429 
1929 0.27331 
1930 0.270502 
1931 0.26919 
1932 0.26686 
1933 0.261219 
1934 0.258796 
1935 0.257492 
1936 0.25152 
1937 0.253326 
1938 0.252701 
1939 0.251119 
1940 0.252554 
1941 0.250594 
1942 0.247994 
1943 0.249653 
1944 0.243966 
1945 0.239892 
1946 0.23777 
1947 0.225656 
1948 0.213418 
1949 0.207901 
1950 0.198287 
1951 0.191188 
1952 0.184614 
1953 0.169645 
1954 0.156968 
1955 0.153264 
1956 0.14216 
1957 0.128981 
1958 0.126142 
1959 0.117631 
1960 0.110316 
1961 0.102215 
1962 0.0948688 
1963 0.0856559 
1964 0.0815355 
1965 0.0722145 
1966 0.0624306 
1967 0.0591204 
1968 0.0529012 
1969 0.0516821 
1970 0.0529398 
1971 0.0537886 
1972 0.0523225 
1973 0.0499846 
1974 0.0467361 
1975 0.0445139 
1976 0.0433873 
1977 0.0405247 
1978 0.0387423 
1979 0.0375694 
1980 0.0369367 
1981 0.036767 
1982 0.0368904 
1983 0.0370139 
1984 0.0372222 
1985 0.036983 
1986 0.0367901 
1987 0.0367978 
1988 0.0368519 
1989 0.0361883 
1990 0.0361651 
1991 0.036304 
1992 0.0368133 
1993 0.0365123 
1994 0.0364815 
1995 0.0368441 
1996 0.0366049 
1997 0.0368441 
1998 0.0362809 
1999 0.0370139 
2000 0.0378858 
2001 0.0464583 
2002 0.0574074 
2003 0.0639969 
2004 0.0776235 
2005 0.0916898 
2006 0.0988966 
2007 0.112508 
2008 0.12571 
2009 0.133603 
2010 0.147932 
2011 0.161211 
2012 0.167461 
2013 0.181914 
2014 0.196844 
2015 0.203704 
2016 0.216744 
2017 0.227847 
2018 0.234969 
2019 0.243395 
2020 0.245 
2021 0.248696 
2022 0.250918 
2023 0.256759 
2024 0.263596 
2025 0.272191 
2026 0.282855 
2027 0.285903 
2028 0.297353 
2029 0.308881 
2030 0.313943 
2031 0.313573 
2032 0.302423 
2033 0.298287 
2034 0.291042 
2035 0.291196 
2036 0.289414 
2037 0.288341 
2038 0.275517 
2039 0.275039 
2040 0.275085 
2041 0.271003 
2042 0.263519 
2043 0.261898 
2044 0.246813 
2045 0.241427 
2046 0.232006 
2047 0.224529 
2048 0.222122 
2049 0.217091 
2050 0.211821 
2051 0.209151 
2052 0.212693 
2053 0.199583 
2054 0.194452 
2055 0.18554 
2056 0.176713 
2057 0.170849 
2058 0.158094 
2059 0.145694 
2060 0.138387 
2061 0.127392 
2062 0.115301 
2063 0.110841 
2064 0.106512 
2065 0.0999846 
2066 0.0962963 
2067 0.0914506 
2068 0.0877315 
2069 0.0864815 
2070 0.0844059 
2071 0.0788889 
2072 0.0756636 
2073 0.0742901 
2074 0.0681713 
2075 0.0650309 
2076 0.0638657 
2077 0.0631867 
2078 0.0630556 
2079 0.0594367 
2080 0.0543596 
2081 0.0526543 
2082 0.0471296 
2083 0.0431559 
2084 0.0418981 
2085 0.0419676 
2086 0.0428395 
2087 0.0422222 
2088 0.0421528 
2089 0.0420062 
2090 0.0417515 
2091 0.0412114 
2092 0.0411034 
2093 0.0412809 
2094 0.0416049 
2095 0.0419136 
2096 0.042284 
2097 0.0443287 
2098 0.0466821 
2099 0.0481867 
2100 0.0525386 
2101 0.0580324 
2102 0.0609568 
2103 0.0676003 
2104 0.0740123 
2105 0.0781019 
2106 0.0857485 
2107 0.0929784 
2108 0.0971373 
2109 0.106312 
2110 0.117299 
2111 0.122894 
2112 0.134259 
2113 0.144529 
2114 0.149892 
2115 0.161728 
2116 0.172747 
2117 0.178002 
2118 0.188704 
2119 0.201466 
2120 0.207361 
2121 0.217731 
2122 0.230316 
2123 0.238426 
2124 0.251134 
2125 0.26331 
2126 0.267716 
2127 0.28081 
2128 0.292569 
2129 0.296373 
2130 0.303997 
2131 0.310108 
2132 0.313935 
2133 0.319051 
2134 0.322215 
2135 0.322207 
2136 0.319985 
2137 0.324367 
2138 0.324915 
2139 0.322593 
2140 0.323233 
2141 0.323727 
2142 0.323156 
2143 0.321991 
2144 0.320787 
2145 0.321173 
2146 0.31919 
2147 0.317438 
2148 0.313295 
2149 0.310687 
2150 0.307878 
2151 0.301358 
2152 0.292292 
2153 0.289051 
2154 0.284005 
2155 0.287948 
2156 0.291566 
2157 0.289645 
2158 0.292623 
2159 0.292531 
2160 0.29311 
2161 0.293017 
2162 0.294367 
2163 0.294645 
2164 0.294769 
2165 0.293125 
2166 0.291991 
2167 0.290764 
2168 0.289969 
2169 0.286088 
2170 0.283503 
2171 0.281929 
2172 0.276875 
2173 0.270062 
2174 0.267253 
2175 0.254861 
2176 0.241296 
2177 0.23517 
2178 0.223372 
2179 0.209961 
2180 0.201867 
2181 0.189429 
2182 0.178966 
2183 0.175247 
2184 0.166505 
2185 0.155903 
2186 0.150571 
2187 0.142801 
2188 0.133781 
2189 0.130201 
2190 0.119306 
2191 0.109838 
2192 0.103341 
2193 0.0912963 
2194 0.0844213 
2195 0.0818596 
2196 0.0765278 
2197 0.0724846 
2198 0.069483 
2199 0.0634799 
2200 0.0593904 
2201 0.0565432 
2202 0.0508488 
2203 0.0461497 
2204 0.0454244 
2205 0.0432407 
2206 0.0408025 
2207 0.0391744 
2208 0.0336188 
2209 0.0261188 
2210 0.0255864 
2211 0.0288194 
2212 0.0315972 
2213 0.0333719 
2214 0.0340123 
2215 0.034429 
2216 0.0341435 
2217 0.0341204 
2218 0.0344676 
2219 0.0343519 
2220 0.0345988 
2221 0.0338889 
2222 0.0338272 
2223 0.0340509 
2224 0.0337963 
2225 0.0337037 
2226 0.0343056 
2227 0.0354398 
2228 0.036412 
2229 0.0380247 
2230 0.0380015 
2231 0.0374769 
2232 0.0374228 
2233 0.0377315 
2234 0.0379167 
2235 0.0382176 
2236 0.0379552 
2237 0.0380633 
2238 0.0383102 
2239 0.0385648 
2240 0.0389506 
2241 0.0391358 
2242 0.0385262 
2243 0.0378858 
2244 0.0369059 
2245 0.0366898 
2246 0.036196 
2247 0.0352623 
2248 0.0354707 
2249 0.0359645 
2250 0.0379475 
2251 0.0390201 
2252 0.0397994 
2253 0.0414043 
2254 0.0419907 
2255 0.0422685 
2256 0.0427392 
2257 0.0421759 
2258 0.0427006 
2259 0.0431713 
2260 0.0434259 
2261 0.0432485 
2262 0.0434954 
2263 0.0441435 
2264 0.0437654 
2265 0.0440509 
2266 0.0481481 
2267 0.0512809 
2268 0.0580556 
2269 0.0665972 
2270 0.070216 
2271 0.0760108 
2272 0.0804475 
2273 0.0828781 
2274 0.0873997 
2275 0.0920525 
2276 0.093858 
2277 0.0978164 
2278 0.0992438 
2279 0.0998688 
2280 0.101836 
2281 0.103804 
2282 0.104506 
2283 0.105571 
2284 0.106019 
2285 0.107353 
2286 0.108681 
2287 0.109298 
2288 0.110833 
2289 0.112724 
2290 0.112585 
2291 0.112446 
2292 0.113164 
2293 0.113434 
2294 0.113102 
2295 0.113179 
2296 0.113032 
2297 0.113796 
2298 0.115386 
2299 0.119838 
2300 0.122299 
2301 0.12436 
2302 0.125316 
2303 0.125409 
2304 0.127276 
2305 0.129599 
2306 0.130147 
2307 0.130123 
2308 0.130077 
2309 0.128789 
2310 0.126412 
2311 0.119599 
2312 0.116443 
2313 0.110378 
2314 0.105363 
2315 0.104985 
2316 0.0969444 
2317 0.0912654 
2318 0.0895833 
2319 0.0868441 
2320 0.0857793 
2321 0.0842284 
2322 0.0845062 
2323 0.0790046 
2324 0.0779167 
2325 0.0740509 
2326 0.0739506 
2327 0.0736806 
2328 0.0749769 
2329 0.0761034 
2330 0.0750309 
2331 0.0736265 
2332 0.0714815 
2333 0.0707716 
2334 0.0693673 
2335 0.065463 
2336 0.0625386 
2337 0.0605941 
2338 0.0592438 
2339 0.057284 
2340 0.0562809 
2341 0.0545448 
2342 0.0531559 
2343 0.050571 
2344 0.0493596 
2345 0.0488812 
2346 0.0477623 
2347 0.0469907 
2348 0.0463194 
2349 0.0461265 
2350 0.0456096 
2351 0.0462731 
2352 0.0449306 
2353 0.0456173 
2354 0.0452932 
2355 0.0448688 
2356 0.0435802 
2357 0.0429244 
2358 0.041983 
2359 0.0410571 
2360 0.0407485 
2361 0.0408102 
2362 0.0407099 
2363 0.0407022 
2364 0.0415895 
2365 0.0420833 
2366 0.042037 
2367 0.0424614 
2368 0.0426389 
2369 0.0427238 
2370 0.0429475 
2371 0.0438889 
2372 0.0443519 
2373 0.0456636 
2374 0.0458488 
2375 0.0448225 
2376 0.0446373 
2377 0.0438503 
2378 0.0436574 
2379 0.0434954 
2380 0.0429784 
2381 0.0427701 
2382 0.0425772 
2383 0.045216 
2384 0.0480015 
2385 0.0566512 
2386 0.066034 
2387 0.0700077 
2388 0.0776003 
2389 0.081196 
2390 0.0812346 
2391 0.0814043 
2392 0.0807562 
2393 0.0811265 
2394 0.083696 
2395 0.0870139 
2396 0.0877006 
2397 0.0879784 
2398 0.0886651 
2399 0.0894985 
2400 0.0894059 
2401 0.0900772 
2402 0.0906636 
2403 0.0920139 
2404 0.0930401 
2405 0.0950463 
2406 0.0966898 
2407 0.098125 
2408 0.0979784 
2409 0.0996528 
2410 0.101798 
2411 0.100656 
2412 0.103966 
2413 0.10412 
2414 0.0996836 
2415 0.094537 
2416 0.0879707 
2417 0.0871296 
2418 0.0823457 
2419 0.075841 
2420 0.0739583 
2421 0.0659259 
2422 0.0583488 
2423 0.0540664 
2424 0.0471528 
2425 0.0390278 
2426 0.0341744 
2427 0.0252083 
2428 0.0236497 
2429 0.0254398 
2430 0.0321142 
2431 0.0335031 
2432 0.0339429 
2433 0.0410725 
2434 0.0483333 
2435 0.051466 
2436 0.0545139 
2437 0.0563657 
2438 0.0576003 
2439 0.0593596 
2440 0.0622222 
2441 0.0629167 
2442 0.064946 
2443 0.0665741 
2444 0.0677623 
2445 0.0696682 
2446 0.0719676 
2447 0.0717438 
2448 0.0746142 
2449 0.0753241 
2450 0.075463 
2451 0.0767361 
2452 0.0775694 
2453 0.0785262 
2454 0.0782176 
2455 0.079375 
2456 0.078912 
2457 0.0772222 
2458 0.0787963 
2459 0.0798225 
2460 0.0828781 
2461 0.0843673 
2462 0.0849074 
2463 0.0862346 
2464 0.0823611 
2465 0.0790046 
2466 0.0742824 
2467 0.0676235 
2468 0.0646682 
2469 0.0603395 
2470 0.0562809 
2471 0.054591 
2472 0.0500694 
2473 0.0451929 
2474 0.0443133 
2475 0.040463 
2476 0.0382022 
2477 0.0362269 
2478 0.0340432 
2479 0.0344985 
2480 0.0350309 
2481 0.0350694 
2482 0.0357099 
2483 0.0362191 
2484 0.0367361 
2485 0.0374228 
2486 0.0379784 
2487 0.0384799 
2488 0.0390123 
2489 0.0391435 
2490 0.0392901 
2491 0.0398997 
2492 0.0405247 
2493 0.0408179 
2494 0.040841 
2495 0.0408256 
2496 0.0406636 
2497 0.0410417 
2498 0.041142 
2499 0.0418056 
2500 0.0424151 
2501 0.0425309 
2502 0.0428395 
2503 0.0430401 
2504 0.043588 
2505 0.0443519 
2506 0.0433642 
2507 0.0426466 
2508 0.0451235 
2509 0.048534 
2510 0.050787 
2511 0.0559414 
2512 0.0639969 
2513 0.0670679 
2514 0.0705093 
2515 0.0711343 
2516 0.0716049 
2517 0.0721142 
2518 0.07125 
2519 0.071659 
2520 0.0738117 
2521 0.0768827 
2522 0.0772762 
2523 0.0800154 
2524 0.0818133 
2525 0.0830401 
2526 0.0843904 
2527 0.0865664 
2528 0.0871065 
2529 0.0892284 
2530 0.0905401 
2531 0.0911188 
2532 0.0924537 
2533 0.0936806 
2534 0.0946605 
2535 0.095787 
2536 0.0964969 
2537 0.0979321 
2538 0.0984722 
2539 0.100108 
2540 0.101373 
2541 0.102338 
2542 0.102029 
2543 0.102153 
2544 0.103079 
2545 0.104792 
2546 0.104522 
2547 0.106397 
2548 0.108248 
2549 0.108727 
2550 0.106343 
2551 0.101049 
2552 0.100062 
2553 0.0945833 
2554 0.0899769 
2555 0.0877083 
2556 0.0821296 
2557 0.0740972 
2558 0.0698071 
2559 0.0608488 
2560 0.0524691 
2561 0.0474074 
2562 0.0381096 
2563 0.0264738 
2564 0.0196065 
2565 0 
2566 0.0168519 
2567 0.021983 
2568 0.0277392 
2569 0.0291975 
2570 0.0293056 
2571 0.0291512 
2572 0.0281636 
2573 0.027963 
2574 0.0273611 
2575 0.0271605 
2576 0.0271142 
2577 0.0271914 
2578 0.0270062 
2579 0.0270602 
2580 0.027091 
2581 0.0271373 
2582 0.0271914 
2583 0.0272454 
2584 0.0272145 
2585 0.0273302 
2586 0.0275231 
2587 0.0274614 
2588 0.0274537 
2589 0.0275154 
2590 0.0273688 
2591 0.0273688 
2592 0.027338 
2593 0.0273688 
2594 0.027392 
2595 0.0274769 
2596 0.0276312 
2597 0.0277701 
2598 0.0277083 
2599 0.0277315 
2600 0.0277778 
2601 0.0278009 
2602 0.0278395 
2603 0.0278086 
2604 0.0277623 
2605 0.0277083 
2606 0.0277083 
2607 0.0277546 
2608 0.0277855 
2609 0.0278009 
2610 0.0277855 
2611 0.0277932 
2612 0.0278318 
2613 0.0277392 
2614 0.0274846 
2615 0.0274846 
2616 0.0276235 
2617 0.0276312 
2618 0.0275309 
2619 0.0275154 
2620 0.0274846 
2621 0.0275772 
2622 0.0276775 
2623 0.0276698 
2624 0.0286728 
2625 0.033588 
2626 0.0397145 
2627 0.0426775 
2628 0.046713 
2629 0.0503781 
2630 0.051659 
2631 0.0539275 
2632 0.0555633 
2633 0.0564275 
2634 0.0577855 
2635 0.0592824 
2636 0.0600926 
2637 0.0638117 
2638 0.0711343 
2639 0.0750772 
2640 0.0838735 
2641 0.0917978 
2642 0.0952701 
2643 0.104228 
2644 0.113241 
2645 0.118164 
2646 0.12838 
2647 0.13473 
2648 0.137701 
2649 0.145239 
2650 0.149213 
2651 0.152176 
2652 0.155131 
2653 0.16044 
2654 0.16216 
2655 0.164761 
2656 0.16912 
2657 0.170872 
2658 0.175494 
2659 0.176705 
2660 0.177994 
2661 0.182523 
2662 0.183603 
2663 0.182423 
2664 0.179375 
2665 0.176968 
2666 0.173465 
2667 0.170316 
2668 0.168665 
2669 0.168657 
2670 0.167917 
2671 0.169105 
2672 0.168372 
2673 0.169869 
2674 0.173295 
2675 0.175849 
2676 0.176852 
2677 0.177361 
2678 0.177932 
2679 0.176127 
2680 0.170849 
2681 0.167199 
2682 0.160941 
2683 0.15517 
2684 0.15098 
2685 0.148341 
2686 0.142477 
2687 0.14037 
2688 0.143156 
2689 0.141127 
2690 0.140069 
2691 0.133943 
2692 0.128233 
2693 0.125285 
2694 0.120139 
2695 0.115702 
2696 0.112755 
2697 0.107037 
2698 0.0994444 
2699 0.0955633 
2700 0.0882793 
2701 0.0781096 
2702 0.0741667 
2703 0.0713966 
2704 0.0741358 
2705 0.0749537 
2706 0.074784 
2707 0.0730324 
2708 0.072338 
2709 0.0686265 
2710 0.0675926 
2711 0.0662269 
2712 0.0665818 
2713 0.0675077 
2714 0.0677546 
2715 0.0677932 
2716 0.0683565 
2717 0.0680401 
2718 0.0686806 
2719 0.068804 
2720 0.0685185 
2721 0.0679707 
2722 0.0703395 
2723 0.070463 
2724 0.0715586 
2725 0.0728858 
2726 0.073233 
2727 0.0757022 
2728 0.0797377 
2729 0.0825 
2730 0.0877083 
2731 0.092338 
2732 0.0947762 
2733 0.098179 
2734 0.100139 
2735 0.100756 
2736 0.102407 
2737 0.103264 
2738 0.10348 
2739 0.104043 
2740 0.105162 
2741 0.105517 
2742 0.106404 
2743 0.106906 
2744 0.107755 
2745 0.10885 
2746 0.110162 
2747 0.111242 
2748 0.112778 
2749 0.114869 
2750 0.115633 
2751 0.115741 
2752 0.117176 
2753 0.116883 
2754 0.118912 
2755 0.119792 
2756 0.12044 
2757 0.121296 
2758 0.121574 
2759 0.122145 
2760 0.123681 
2761 0.122708 
2762 0.122855 
2763 0.124205 
2764 0.124375 
2765 0.125864 
2766 0.127045 
2767 0.12733 
2768 0.127492 
2769 0.127693 
2770 0.127685 
2771 0.128819 
2772 0.129198 
2773 0.130571 
2774 0.130802 
2775 0.129452 
2776 0.129907 
2777 0.129676 
2778 0.129498 
2779 0.131636 
2780 0.132477 
2781 0.135193 
2782 0.137909 
2783 0.13787 
2784 0.138488 
2785 0.138634 
2786 0.138048 
2787 0.139066 
2788 0.138711 
2789 0.139506 
2790 0.14037 
2791 0.141134 
2792 0.140957 
2793 0.14088 
2794 0.140193 
2795 0.139074 
2796 0.138897 
2797 0.139792 
2798 0.140818 
2799 0.141181 
2800 0.140903 
2801 0.142076 
2802 0.142307 
2803 0.141906 
2804 0.142253 
2805 0.142878 
2806 0.144097 
2807 0.144005 
2808 0.144306 
2809 0.145201 
2810 0.144745 
2811 0.14314 
2812 0.144228 
2813 0.14466 
2814 0.145563 
2815 0.145332 
2816 0.145532 
2817 0.145594 
2818 0.145262 
2819 0.145363 
2820 0.145741 
2821 0.146088 
2822 0.146265 
2823 0.146883 
2824 0.146281 
2825 0.146281 
2826 0.146304 
2827 0.146157 
2828 0.146173 
2829 0.146551 
2830 0.146613 
2831 0.146512 
2832 0.147353 
2833 0.147762 
2834 0.147909 
2835 0.14767 
2836 0.147199 
2837 0.147269 
2838 0.147114 
2839 0.147508 
2840 0.147346 
2841 0.147238 
2842 0.14706 
2843 0.147068 
2844 0.146157 
2845 0.146512 
2846 0.146651 
2847 0.146427 
2848 0.146829 
2849 0.147793 
2850 0.150201 
2851 0.152346 
2852 0.153164 
2853 0.155324 
2854 0.156574 
2855 0.15561 
2856 0.154198 
2857 0.152623 
2858 0.152106 
2859 0.150463 
2860 0.149344 
2861 0.146111 
2862 0.145718 
2863 0.145965 
2864 0.146373 
2865 0.146852 
2866 0.147654 
2867 0.147616 
2868 0.147739 
2869 0.148356 
2870 0.149113 
2871 0.149668 
2872 0.150046 
2873 0.150309 
2874 0.15 
2875 0.14956 
2876 0.149437 
2877 0.148557 
2878 0.149198 
2879 0.149306 
2880 0.150733 
2881 0.151752 
2882 0.152292 
2883 0.153843 
2884 0.154738 
2885 0.155394 
2886 0.15463 
2887 0.155656 
2888 0.156042 
2889 0.156551 
2890 0.157978 
2891 0.158318 
2892 0.158218 
2893 0.157793 
2894 0.157955 
2895 0.156242 
2896 0.156458 
2897 0.156898 
2898 0.157176 
2899 0.157276 
2900 0.158341 
2901 0.157377 
2902 0.157886 
2903 0.157816 
2904 0.157284 
2905 0.157299 
2906 0.157168 
2907 0.157508 
2908 0.158627 
2909 0.158796 
2910 0.158387 
2911 0.158094 
2912 0.158233 
2913 0.158233 
2914 0.158526 
2915 0.158495 
2916 0.158557 
2917 0.158164 
2918 0.157739 
2919 0.156983 
2920 0.157076 
2921 0.157168 
2922 0.157546 
2923 0.158079 
2924 0.157963 
2925 0.158611 
2926 0.157793 
2927 0.157384 
2928 0.157469 
2929 0.157971 
2930 0.158302 
2931 0.160733 
2932 0.161705 
2933 0.16233 
2934 0.163125 
2935 0.162894 
2936 0.161628 
2937 0.161474 
2938 0.161319 
2939 0.162446 
2940 0.164753 
2941 0.166883 
2942 0.16848 
2943 0.171836 
2944 0.175517 
2945 0.1775 
2946 0.181921 
2947 0.187083 
2948 0.189352 
2949 0.193881 
2950 0.198102 
2951 0.200802 
2952 0.20659 
2953 0.209769 
2954 0.21135 
2955 0.216134 
2956 0.220772 
2957 0.223079 
2958 0.228318 
2959 0.23338 
2960 0.237269 
2961 0.24412 
2962 0.249537 
2963 0.251759 
2964 0.25706 
2965 0.261883 
2966 0.264221 
2967 0.268997 
2968 0.274475 
2969 0.278819 
2970 0.283981 
2971 0.288789 
2972 0.291235 
2973 0.297793 
2974 0.30439 
2975 0.306937 
2976 0.312006 
2977 0.315563 
2978 0.317747 
2979 0.321628 
2980 0.325123 
2981 0.326381 
2982 0.332361 
2983 0.338449 
2984 0.341906 
2985 0.345417 
2986 0.358673 
2987 0.360262 
2988 0.362809 
2989 0.367353 
2990 0.371057 
2991 0.376412 
2992 0.3824 
2993 0.386582 
2994 0.393032 
2995 0.396998 
2996 0.399221 
2997 0.403519 
2998 0.412623 
2999 0.417878 
3000 0.425694 
3001 0.432716 
3002 0.437045 
3003 0.442284 
3004 0.44821 
3005 0.451312 
3006 0.457438 
3007 0.465486 
3008 0.469606 
3009 0.473889 
3010 0.480193 
3011 0.49284 
3012 0.497392 
3013 0.50436 
3014 0.50767 
3015 0.523295 
3016 0.533495 
3017 0.539082 
3018 0.547284 
3019 0.554236 
3020 0.55919 
3021 0.565363 
3022 0.567986 
3023 0.569823 
3024 0.574977 
3025 0.580386 
3026 0.580756 
3027 0.582863 
3028 0.584167 
3029 0.585108 
3030 0.590285 
3031 0.594267 
3032 0.596181 
3033 0.598218 
3034 0.600756 
3035 0.602145 
3036 0.609144 
3037 0.611219 
3038 0.613318 
3039 0.614113 
3040 0.593519 
3041 0.588765 
3042 0.585278 
3043 0.581968 
3044 0.581975 
3045 0.58331 
3046 0.585123 
3047 0.58365 
3048 0.584043 
3049 0.584954 
3050 0.58436 
3051 0.584221 
3052 0.583449 
3053 0.582415 
3054 0.581937 
3055 0.580463 
3056 0.579969 
3057 0.582438 
3058 0.584182 
3059 0.584228 
3060 0.588171 
3061 0.589622 
3062 0.591204 
3063 0.592515 
3064 0.595177 
3065 0.596543 
3066 0.596404 
3067 0.60081 
3068 0.601211 
3069 0.603241 
3070 0.606752 
3071 0.606651 
3072 0.606844 
3073 0.606806 
3074 0.606265 
3075 0.606003 
3076 0.606227 
3077 0.606227 
3078 0.603603 
3079 0.606103 
3080 0.606327 
3081 0.607816 
3082 0.611497 
3083 0.613758 
3084 0.618179 
3085 0.621512 
3086 0.626073 
3087 0.628912 
3088 0.63287 
3089 0.636127 
3090 0.63652 
3091 0.637269 
3092 0.637469 
3093 0.637886 
3094 0.635741 
3095 0.634992 
3096 0.633696 
3097 0.630556 
3098 0.62946 
3099 0.626412 
3100 0.626883 
3101 0.626335 
3102 0.624174 
3103 0.622176 
3104 0.621798 
3105 0.620818 
3106 0.620023 
3107 0.618681 
3108 0.617886 
3109 0.616674 
3110 0.616883 
3111 0.617199 
3112 0.616173 
3113 0.615278 
3114 0.615224 
3115 0.614877 
3116 0.611813 
3117 0.610787 
3118 0.60963 
3119 0.61034 
3120 0.609514 
3121 0.609336 
3122 0.609792 
3123 0.609668 
3124 0.609252 
3125 0.610702 
3126 0.611898 
3127 0.612894 
3128 0.614606 
3129 0.616775 
3130 0.619599 
3131 0.618935 
3132 0.620239 
3133 0.620733 
3134 0.62152 
3135 0.623349 
3136 0.631435 
3137 0.630494 
3138 0.63071 
3139 0.632369 
3140 0.631566 
3141 0.630833 
3142 0.631335 
3143 0.631103 
3144 0.630795 
3145 0.629753 
3146 0.630039 
3147 0.62892 
3148 0.628372 
3149 0.628002 
3150 0.627747 
3151 0.627369 
3152 0.626844 
3153 0.62662 
3154 0.626921 
3155 0.626752 
3156 0.626204 
3157 0.62662 
3158 0.625664 
3159 0.626358 
3160 0.626096 
3161 0.625941 
3162 0.625687 
3163 0.624977 
3164 0.625656 
3165 0.624815 
3166 0.625293 
3167 0.624907 
3168 0.623642 
3169 0.623426 
3170 0.624035 
3171 0.622963 
3172 0.62294 
3173 0.621381 
3174 0.621057 
3175 0.620802 
3176 0.620039 
3177 0.620378 
3178 0.622245 
3179 0.622994 
3180 0.623225 
3181 0.624985 
3182 0.627554 
3183 0.627662 
3184 0.629252 
3185 0.630957 
3186 0.632755 
3187 0.633642 
3188 0.632747 
3189 0.632392 
3190 0.631944 
3191 0.632778 
3192 0.63463 
3193 0.634761 
3194 0.634468 
3195 0.634383 
3196 0.634715 
3197 0.634005 
3198 0.633858 
3199 0.632863 
3200 0.632531 
3201 0.632106 
3202 0.63216 
3203 0.631304 
3204 0.63223 
3205 0.631335 
3206 0.631242 
3207 0.630664 
3208 0.630262 
3209 0.63034 
3210 0.6301 
3211 0.631559 
3212 0.631782 
3213 0.630856 
3214 0.632052 
3215 0.631998 
3216 0.632037 
3217 0.631011 
3218 0.631466 
3219 0.631397 
3220 0.630972 
3221 0.630571 
3222 0.630756 
3223 0.630177 
3224 0.630116 
3225 0.630085 
3226 0.630077 
3227 0.629668 
3228 0.629823 
3229 0.630355 
3230 0.630023 
3231 0.628796 
3232 0.628974 
3233 0.628657 
3234 0.628194 
3235 0.627963 
3236 0.628681 
3237 0.628225 
3238 0.62784 
3239 0.627816 
3240 0.627693 
3241 0.627593 
3242 0.627531 
3243 0.627577 
3244 0.627539 
3245 0.627083 
3246 0.627083 
3247 0.626397 
3248 0.62679 
3249 0.626667 
3250 0.626952 
3251 0.626906 
3252 0.627068 
3253 0.627091 
3254 0.627022 
3255 0.626019 
3256 0.625532 
3257 0.625548 
3258 0.625772 
3259 0.626458 
3260 0.626867 
3261 0.62652 
3262 0.626358 
3263 0.62686 
3264 0.627261 
3265 0.627346 
3266 0.627029 
3267 0.626636 
3268 0.62713 
3269 0.627292 
3270 0.628387 
3271 0.628873 
3272 0.628897 
3273 0.629591 
3274 0.63027 
3275 0.630432 
3276 0.630617 
3277 0.631836 
3278 0.632045 
3279 0.632022 
3280 0.632323 
3281 0.632315 
3282 0.632307 
3283 0.632423 
3284 0.63267 
3285 0.632778 
3286 0.64064 
3287 0.640679 
3288 0.639923 
3289 0.639198 
3290 0.638434 
3291 0.639236 
3292 0.639599 
3293 0.63983 
3294 0.640694 
3295 0.640324 
3296 0.64017 
3297 0.639097 
3298 0.639136 
3299 0.638951 
3300 0.638858 
3301 0.637832 
3302 0.637477 
3303 0.637238 
3304 0.636937 
3305 0.636551 
3306 0.636451 
3307 0.636968 
3308 0.636644 
3309 0.636335 
3310 0.637253 
3311 0.640895 
3312 0.640255 
3313 0.638696 
3314 0.63811 
3315 0.637708 
3316 0.637076 
3317 0.636651 
3318 0.635347 
3319 0.63463 
3320 0.633256 
3321 0.633032 
3322 0.632585 
3323 0.632384 
3324 0.631836 
3325 0.632222 
3326 0.632207 
3327 0.631921 
3328 0.631721 
3329 0.631667 
3330 0.631443 
3331 0.631674 
3332 0.631937 
3333 0.631474 
3334 0.630764 
3335 0.630432 
3336 0.626505 
3337 0.626651 
3338 0.62635 
3339 0.626273 
3340 0.62544 
3341 0.625718 
3342 0.626019 
3343 0.626026 
3344 0.625401 
3345 0.625193 
3346 0.624722 
3347 0.624421 
3348 0.623526 
3349 0.622994 
3350 0.623279 
3351 0.622454 
3352 0.622276 
3353 0.622253 
3354 0.622955 
3355 0.623403 
3356 0.623465 
3357 0.624715 
3358 0.625216 
3359 0.625069 
3360 0.624931 
3361 0.629776 
3362 0.628889 
3363 0.628781 
3364 0.628449 
3365 0.628418 
3366 0.626767 
3367 0.626265 
3368 0.62544 
3369 0.624514 
3370 0.623194 
3371 0.623009 
3372 0.623819 
3373 0.624352 
3374 0.623866 
3375 0.62456 
3376 0.62409 
3377 0.624005 
3378 0.62365 
3379 0.623719 
3380 0.623711 
3381 0.623889 
3382 0.623434 
3383 0.623735 
3384 0.623858 
3385 0.623673 
3386 0.622847 
3387 0.6226 
3388 0.622724 
3389 0.622415 
3390 0.622346 
3391 0.622384 
3392 0.622909 
3393 0.623094 
3394 0.62304 
3395 0.623264 
3396 0.622932 
3397 0.622855 
3398 0.622994 
3399 0.623511 
3400 0.624668 
3401 0.624668 
3402 0.62527 
3403 0.626435 
3404 0.626867 
3405 0.6275 
3406 0.627261 
3407 0.627261 
3408 0.62696 
3409 0.626782 
3410 0.626543 
3411 0.626798 
3412 0.626605 
3413 0.626474 
3414 0.626389 
3415 0.625694 
3416 0.625355 
3417 0.624483 
3418 0.62429 
3419 0.624522 
3420 0.62436 
3421 0.624298 
3422 0.624051 
3423 0.623835 
3424 0.623657 
3425 0.623534 
3426 0.623511 
3427 0.623488 
3428 0.623573 
3429 0.623488 
3430 0.623758 
3431 0.623642 
3432 0.623642 
3433 0.624807 
3434 0.625517 
3435 0.628349 
3436 0.639144 
3437 0.639074 
3438 0.638588 
3439 0.638735 
3440 0.638951 
3441 0.639313 
3442 0.639823 
3443 0.639583 
3444 0.639769 
3445 0.640216 
3446 0.640903 
3447 0.641412 
3448 0.641975 
3449 0.64206 
3450 0.642716 
3451 0.642886 
3452 0.643102 
3453 0.643765 
3454 0.644398 
3455 0.644398 
3456 0.644306 
3457 0.64375 
3458 0.643526 
3459 0.643225 
3460 0.642755 
3461 0.648025 
3462 0.647824 
3463 0.647971 
3464 0.647901 
3465 0.647924 
3466 0.647778 
3467 0.6474 
3468 0.647106 
3469 0.646497 
3470 0.646057 
3471 0.645687 
3472 0.646235 
3473 0.646134 
3474 0.645332 
3475 0.646011 
3476 0.646057 
3477 0.646265 
3478 0.646258 
3479 0.646358 
3480 0.646265 
3481 0.646435 
3482 0.646134 
3483 0.646289 
3484 0.646451 
3485 0.646389 
3486 0.645278 
3487 0.644915 
3488 0.644321 
3489 0.644035 
3490 0.643742 
3491 0.644452 
3492 0.643873 
3493 0.644228 
3494 0.643943 
3495 0.644969 
3496 0.644915 
3497 0.645532 
3498 0.645725 
3499 0.645617 
3500 0.645563 
3501 0.645301 
3502 0.645316 
3503 0.644799 
3504 0.645255 
3505 0.645131 
3506 0.6451 
3507 0.645023 
3508 0.644861 
3509 0.645116 
3510 0.645293 
3511 0.647276 
3512 0.646937 
3513 0.646674 
3514 0.646528 
3515 0.646991 
3516 0.646914 
3517 0.64679 
3518 0.646906 
3519 0.646806 
3520 0.646836 
3521 0.647423 
3522 0.647299 
3523 0.647338 
3524 0.647014 
3525 0.647292 
3526 0.647238 
3527 0.647176 
3528 0.647616 
3529 0.647616 
3530 0.64784 
3531 0.647917 
3532 0.647886 
3533 0.647832 
3534 0.647631 
3535 0.647485 
3536 0.645671 
3537 0.64564 
3538 0.646057 
3539 0.645455 
3540 0.645417 
3541 0.644884 
3542 0.645394 
3543 0.645517 
3544 0.645309 
3545 0.645023 
3546 0.645347 
3547 0.646049 
3548 0.64608 
3549 0.646397 
3550 0.646381 
3551 0.646073 
3552 0.645972 
3553 0.646011 
3554 0.645802 
3555 0.645787 
3556 0.645764 
3557 0.645772 
3558 0.64564 
3559 0.645679 
3560 0.645702 
3561 0.644151 
3562 0.643843 
3563 0.643372 
3564 0.64385 
3565 0.644336 
3566 0.644992 
3567 0.645023 
3568 0.645625 
3569 0.646065 
3570 0.647276 
3571 0.647261 
3572 0.647353 
3573 0.64679 
3574 0.646806 
3575 0.646752 
3576 0.64669 
3577 0.646427 
3578 0.646559 
3579 0.64669 
3580 0.646636 
3581 0.646705 
3582 0.646975 
3583 0.646852 
3584 0.646844 
3585 0.646613 
3586 0.646844 
3587 0.647045 
3588 0.647523 
3589 0.647492 
3590 0.64716 
3591 0.647477 
3592 0.64733 
3593 0.647276 
3594 0.646937 
3595 0.64446 
3596 0.644645 
3597 0.644406 
3598 0.643974 
3599 0.643418 
3600 0.643827 
3601 0.644313 
3602 0.643588 
3603 0.643264 
3604 0.643372 
3605 0.643225 
3606 0.643642 
3607 0.643326 
3608 0.643889 
3609 0.644367 
3610 0.644313 
3611 0.644676 
3612 0.645463 
3613 0.646088 
3614 0.646798 
3615 0.647168 
3616 0.647755 
3617 0.648364 
3618 0.648974 
3619 0.649043 
3620 0.652693 
3621 0.654313 
3622 0.655355 
3623 0.655995 
3624 0.656566 
3625 0.656219 
3626 0.656366 
3627 0.656181 
3628 0.656481 
3629 0.656852 
3630 0.657492 
3631 0.657438 
3632 0.658318 
3633 0.659298 
3634 0.660046 
3635 0.661813 
3636 0.663758 
3637 0.664228 
3638 0.665586 
3639 0.666088 
3640 0.666281 
3641 0.667485 
3642 0.667029 
3643 0.666667 
3644 0.666574 
3645 0.664915 
3646 0.663549 
3647 0.66314 
3648 0.662184 
3649 0.662191 
3650 0.663063 
3651 0.663696 
3652 0.663465 
3653 0.664128 
3654 0.664784 
3655 0.664352 
3656 0.664059 
3657 0.664846 
3658 0.66446 
3659 0.664028 
3660 0.664167 
3661 0.664367 
3662 0.664591 
3663 0.664614 
3664 0.665517 
3665 0.666088 
3666 0.665972 
3667 0.66588 
3668 0.665895 
3669 0.665224 
3670 0.658866 
3671 0.658364 
3672 0.658557 
3673 0.65838 
3674 0.658102 
3675 0.658063 
3676 0.657847 
3677 0.65733 
3678 0.657508 
3679 0.65814 
3680 0.657855 
3681 0.658526 
3682 0.658758 
3683 0.658735 
3684 0.658727 
3685 0.658688 
3686 0.658989 
3687 0.659529 
3688 0.658742 
3689 0.659252 
3690 0.658858 
3691 0.658773 
3692 0.657901 
3693 0.65777 
3694 0.65784 
3695 0.65358 
3696 0.653009 
3697 0.653079 
3698 0.652361 
3699 0.653395 
3700 0.653295 
3701 0.652238 
3702 0.652307 
3703 0.65294 
3704 0.65196 
3705 0.652546 
3706 0.652438 
3707 0.651427 
3708 0.652114 
3709 0.651613 
3710 0.652014 
3711 0.650324 
3712 0.650841 
3713 0.649684 
3714 0.650525 
3715 0.650015 
3716 0.649931 
3717 0.649892 
3718 0.650532 
3719 0.650363 
3720 0.643356 
3721 0.644082 
3722 0.643711 
3723 0.6426 
3724 0.643032 
3725 0.642608 
3726 0.6424 
3727 0.642546 
3728 0.642323 
3729 0.641713 
3730 0.642022 
3731 0.641667 
3732 0.641883 
3733 0.641798 
3734 0.64233 
3735 0.642022 
3736 0.642153 
3737 0.642338 
3738 0.642346 
3739 0.642083 
3740 0.642485 
3741 0.642693 
3742 0.642083 
3743 0.642253 
3744 0.641767 
3745 0.641813 
3746 0.642978 
3747 0.6426 
3748 0.642068 
3749 0.643333 
3750 0.6424 
3751 0.642909 
3752 0.64311 
3753 0.643248 
3754 0.642222 
3755 0.641512 
3756 0.640795 
3757 0.640147 
3758 0.639877 
3759 0.639275 
3760 0.639151 
3761 0.638951 
3762 0.63838 
3763 0.637469 
3764 0.63723 
3765 0.635995 
3766 0.636227 
3767 0.635332 
3768 0.635085 
3769 0.634298 
3770 0.634444 
3771 0.634298 
3772 0.634776 
3773 0.635216 
3774 0.635995 
3775 0.636096 
3776 0.636173 
3777 0.636667 
3778 0.636335 
3779 0.636443 
3780 0.637515 
3781 0.637932 
3782 0.638897 
3783 0.638596 
3784 0.63784 
3785 0.637963 
3786 0.637346 
3787 0.637546 
3788 0.63794 
3789 0.638086 
3790 0.638009 
3791 0.637863 
3792 0.638025 
3793 0.637909 
3794 0.637407 
3795 0.639128 
3796 0.639005 
3797 0.63858 
3798 0.637855 
3799 0.637083 
3800 0.636644 
3801 0.63615 
3802 0.635748 
3803 0.635162 
3804 0.634691 
3805 0.633966 
3806 0.633472 
3807 0.633665 
3808 0.633079 
3809 0.634884 
3810 0.637407 
3811 0.639383 
3812 0.641312 
3813 0.644529 
3814 0.646173 
3815 0.64662 
3816 0.650833 
3817 0.655702 
3818 0.664583 
3819 0.669923 
3820 0.704213 
3821 0.704992 
3822 0.706343 
3823 0.70811 
3824 0.708542 
3825 0.70909 
3826 0.709992 
3827 0.711049 
3828 0.711204 
3829 0.712531 
3830 0.713272 
3831 0.714182 
3832 0.715463 
3833 0.717315 
3834 0.718187 
3835 0.718248 
3836 0.719537 
3837 0.720093 
3838 0.720316 
3839 0.720625 
3840 0.720656 
3841 0.720934 
3842 0.720995 
3843 0.721065 
3844 0.721574 
3845 0.733048 
3846 0.73287 
3847 0.732593 
3848 0.732384 
3849 0.732083 
3850 0.73206 
3851 0.731173 
3852 0.729985 
3853 0.730108 
3854 0.728958 
3855 0.728465 
3856 0.727847 
3857 0.727407 
3858 0.727037 
3859 0.726806 
3860 0.726582 
3861 0.726373 
3862 0.726265 
3863 0.72679 
3864 0.725864 
3865 0.725725 
3866 0.726836 
3867 0.725887 
3868 0.725918 
3869 0.725934 
3870 0.728194 
3871 0.72821 
3872 0.728472 
3873 0.728302 
3874 0.728125 
3875 0.728395 
3876 0.728542 
3877 0.728125 
3878 0.728048 
3879 0.727855 
3880 0.728202 
3881 0.728025 
3882 0.727716 
3883 0.72642 
3884 0.725039 
3885 0.724738 
3886 0.724969 
3887 0.724637 
3888 0.72439 
3889 0.724298 
3890 0.723588 
3891 0.723488 
3892 0.723418 
3893 0.723603 
3894 0.723349 
3895 0.725015 
3896 0.725332 
3897 0.725262 
3898 0.725756 
3899 0.725363 
3900 0.725849 
3901 0.725193 
3902 0.724259 
3903 0.725046 
3904 0.725347 
3905 0.724552 
3906 0.727438 
3907 0.727546 
3908 0.727369 
3909 0.725509 
3910 0.724738 
3911 0.724167 
3912 0.72196 
3913 0.721373 
3914 0.720849 
3915 0.720818 
3916 0.719529 
3917 0.719066 
3918 0.718773 
3919 0.717083 
3920 0.708974 
3921 0.70858 
3922 0.708611 
3923 0.708596 
3924 0.709035 
3925 0.709853 
3926 0.709877 
3927 0.709637 
3928 0.709645 
3929 0.708966 
3930 0.708418 
3931 0.708765 
3932 0.709861 
3933 0.712215 
3934 0.712145 
3935 0.711659 
3936 0.711883 
3937 0.712739 
3938 0.712531 
3939 0.713364 
3940 0.713225 
3941 0.715471 
3942 0.71534 
3943 0.715949 
3944 0.715687 
3945 0.729051 
3946 0.729182 
3947 0.727423 
3948 0.729537 
3949 0.728241 
3950 0.730386 
3951 0.728927 
3952 0.72814 
3953 0.728565 
3954 0.728634 
3955 0.727685 
3956 0.726644 
3957 0.726512 
3958 0.725949 
3959 0.726674 
3960 0.726258 
3961 0.725563 
3962 0.725386 
3963 0.725965 
3964 0.726551 
3965 0.727091 
3966 0.729815 
3967 0.729622 
3968 0.730177 
3969 0.731427 
3970 0.736759 
3971 0.734792 
3972 0.735548 
3973 0.735324 
3974 0.734352 
3975 0.733796 
3976 0.733017 
3977 0.733688 
3978 0.73284 
3979 0.732693 
3980 0.734005 
3981 0.732894 
3982 0.731975 
3983 0.731389 
3984 0.730486 
3985 0.730378 
3986 0.729691 
3987 0.728009 
3988 0.72686 
3989 0.729144 
3990 0.729174 
3991 0.730378 
3992 0.729213 
3993 0.728634 
3994 0.728302 
3995 0.732122 
3996 0.729869 
3997 0.729205 
3998 0.728241 
3999 0.728264 
4000 0.727878 
4001 0.727816 
4002 0.729228 
4003 0.728796 
4004 0.729375 
4005 0.729182 
4006 0.726381 
4007 0.7274 
4008 0.727369 
4009 0.72716 
4010 0.727215 
4011 0.727122 
4012 0.727299 
4013 0.729846 
4014 0.73088 
4015 0.731296 
4016 0.731474 
4017 0.730756 
4018 0.731952 
4019 0.732083 
4020 0.730779 
4021 0.730617 
4022 0.731026 
4023 0.73064 
4024 0.731003 
4025 0.731073 
4026 0.731227 
4027 0.730872 
4028 0.730517 
4029 0.730779 
4030 0.730417 
4031 0.732076 
4032 0.73277 
4033 0.733526 
4034 0.733256 
4035 0.733102 
4036 0.731929 
4037 0.732631 
4038 0.731898 
4039 0.729823 
4040 0.726813 
4041 0.726852 
4042 0.72527 
4043 0.721628 
4044 0.71875 
4045 0.711998 
4046 0.711312 
4047 0.71179 
4048 0.714082 
4049 0.714159 
4050 0.713603 
4051 0.7126 
4052 0.712917 
4053 0.710887 
4054 0.711559 
4055 0.711196 
4056 0.711343 
4057 0.711073 
4058 0.712832 
4059 0.711296 
4060 0.711543 
4061 0.711914 
4062 0.713071 
4063 0.713904 
4064 0.717508 
4065 0.717716 
4066 0.721636 
4067 0.721165 
4068 0.722708 
4069 0.722245 
4070 0.744367 
4071 0.742137 
4072 0.741296 
4073 0.74213 
4074 0.74162 
4075 0.742122 
4076 0.743372 
4077 0.743326 
4078 0.743534 
4079 0.743704 
4080 0.744383 
4081 0.744753 
4082 0.744915 
4083 0.744838 
4084 0.745548 
4085 0.745787 
4086 0.745162 
4087 0.745301 
4088 0.744946 
4089 0.745301 
4090 0.744784 
4091 0.745432 
4092 0.744491 
4093 0.74365 
4094 0.742215 
4095 0.736073 
4096 0.733873 
4097 0.732847 
4098 0.732122 
4099 0.730617 
4100 0.730424 
4101 0.728827 
4102 0.727708 
4103 0.727801 
4104 0.726219 
4105 0.726134 
4106 0.724545 
4107 0.724506 
4108 0.725355 
4109 0.725648 
4110 0.726173 
4111 0.726744 
4112 0.727384 
4113 0.727793 
4114 0.726728 
4115 0.727276 
4116 0.72787 
4117 0.727677 
4118 0.726389 
4119 0.727847 
4120 0.732485 
4121 0.732384 
4122 0.73179 
4123 0.731844 
4124 0.732762 
4125 0.73284 
4126 0.733002 
4127 0.734614 
4128 0.735255 
4129 0.735579 
4130 0.735795 
4131 0.74017 
4132 0.740424 
4133 0.739915 
4134 0.738866 
4135 0.738681 
4136 0.737978 
4137 0.738233 
4138 0.735702 
4139 0.735826 
4140 0.735795 
4141 0.734907 
4142 0.734969 
4143 0.735718 
4144 0.734576 
4145 0.743519 
4146 0.741466 
4147 0.740633 
4148 0.739182 
4149 0.738279 
4150 0.738156 
4151 0.737222 
4152 0.737677 
4153 0.735741 
4154 0.73544 
4155 0.734637 
4156 0.734684 
4157 0.73314 
4158 0.733596 
4159 0.73108 
4160 0.731412 
4161 0.731829 
4162 0.732276 
4163 0.732261 
4164 0.732801 
4165 0.733418 
4166 0.733974 
4167 0.735702 
4168 0.735856 
4169 0.738596 
4170 0.736543 
4171 0.738349 
4172 0.741119 
4173 0.742037 
4174 0.743796 
4175 0.746605 
4176 0.746651 
4177 0.746096 
4178 0.749066 
4179 0.750795 
4180 0.752114 
4181 0.756119 
4182 0.756535 
4183 0.75956 
4184 0.760401 
4185 0.762323 
4186 0.763804 
4187 0.767593 
4188 0.767369 
4189 0.769483 
4190 0.771829 
4191 0.774228 
4192 0.777569 
4193 0.777901 
4194 0.777971 
4195 0.780687 
4196 0.779591 
4197 0.78331 
4198 0.783657 
4199 0.782816 
4200 0.782338 
4201 0.785432 
4202 0.785548 
4203 0.784715 
4204 0.785594 
4205 0.786034 
4206 0.786813 
4207 0.791273 
4208 0.792006 
4209 0.792701 
4210 0.793573 
4211 0.792716 
4212 0.792199 
4213 0.793272 
4214 0.795733 
4215 0.796466 
4216 0.798488 
4217 0.802546 
4218 0.802353 
4219 0.805563 
4220 0.804838 
4221 0.805448 
4222 0.808372 
4223 0.810625 
4224 0.814869 
4225 0.816042 
4226 0.81696 
4227 0.817461 
4228 0.818873 
4229 0.817855 
4230 0.81865 
4231 0.818495 
4232 0.819923 
4233 0.818488 
4234 0.822315 
4235 0.818935 
4236 0.819406 
4237 0.820517 
4238 0.825417 
4239 0.825571 
4240 0.823542 
4241 0.818356 
4242 0.820239 
4243 0.811767 
4244 0.808812 
4245 0.800856 
4246 0.801111 
4247 0.798086 
4248 0.798542 
4249 0.776065 
4250 0.770926 
4251 0.768812 
4252 0.766466 
4253 0.76662 
4254 0.765795 
4255 0.7151 
4256 0.71392 
4257 0.708966 
4258 0.70892 
4259 0.71189 
4260 0.713187 
4261 0.673503 
4262 0.676505 
4263 0.676312 
4264 0.68135 
4265 0.681744 
4266 0.682924 
4267 0.682955 
4268 0.685571 
4269 0.686481 
4270 0.683488 
4271 0.691659 
4272 0.695177 
4273 0.698642 
4274 0.703634 
4275 0.705594 
4276 0.707701 
4277 0.70794 
4278 0.708225 
4279 0.704406 
4280 0.703696 
4281 0.705887 
4282 0.703966 
4283 0.704591 
4284 0.701867 
4285 0.704861 
4286 0.705525 
4287 0.705054 
4288 0.704583 
4289 0.706011 
4290 0.707724 
4291 0.706304 
4292 0.706636 
4293 0.679074 
4294 0.676914 
4295 0.664676 
4296 0.668102 
4297 0.665779 
4298 0.664853 
4299 0.665417 
4300 0.662693 
4301 0.65929 
4302 0.659707 
4303 0.660139 
4304 0.660085 
4305 0.659367 
4306 0.659715 
4307 0.660123 
4308 0.659753 
4309 0.655887 
4310 0.653449 
4311 0.651929 
4312 0.656412 
4313 0.657022 
4314 0.658989 
4315 0.660818 
4316 0.658742 
4317 0.657677 
4318 0.637253 
4319 0.633495 
4320 0.62588 
4321 0.626474 
4322 0.62659 
4323 0.615193 
4324 0.609691 
4325 0.603048 
4326 0.601767 
4327 0.597407 
4328 0.584715 
4329 0.582832 
4330 0.58108 
4331 0.582114 
4332 0.583904 
4333 0.584429 
4334 0.586466 
4335 0.587539 
4336 0.589252 
4337 0.588326 
4338 0.587762 
4339 0.589815 
4340 0.591435 
4341 0.592492 
4342 0.594622 
4343 0.59554 
4344 0.59804 
4345 0.583642 
4346 0.585826 
4347 0.586242 
4348 0.586443 
4349 0.58686 
4350 0.589028 
4351 0.590532 
4352 0.59064 
4353 0.591582 
4354 0.591474 
4355 0.588164 
4356 0.585478 
4357 0.583596 
4358 0.577793 
4359 0.574992 
4360 0.570934 
4361 0.568565 
4362 0.567631 
4363 0.564606 
4364 0.563248 
4365 0.560725 
4366 0.563179 
4367 0.559668 
4368 0.55929 
4369 0.562068 
4370 0.561991 
4371 0.560123 
4372 0.562238 
4373 0.555864 
4374 0.556921 
4375 0.553519 
4376 0.551782 
4377 0.553295 
4378 0.552407 
4379 0.548789 
4380 0.54787 
4381 0.551806 
4382 0.555586 
4383 0.554907 
4384 0.557531 
4385 0.556211 
4386 0.560787 
4387 0.560093 
4388 0.554691 
4389 0.555309 
4390 0.548434 
4391 0.543403 
4392 0.544159 
4393 0.539622 
4394 0.526296 
4395 0.529576 
4396 0.5224 
4397 0.514498 
4398 0.508565 
4399 0.500633 
4400 0.491937 
4401 0.490154 
4402 0.481713 
4403 0.477847 
4404 0.476165 
4405 0.469352 
4406 0.463349 
4407 0.460093 
4408 0.455332 
4409 0.447469 
4410 0.449537 
4411 0.44919 
4412 0.444552 
4413 0.444236 
4414 0.446605 
4415 0.449869 
4416 0.452593 
4417 0.461435 
4418 0.466906 
4419 0.467284 
4420 0.472469 
4421 0.48017 
4422 0.485023 
4423 0.486242 
4424 0.489051 
4425 0.489622 
4426 0.484576 
4427 0.477014 
4428 0.471991 
4429 0.468596 
4430 0.460795 
4431 0.460347 
4432 0.45841 
4433 0.455509 
4434 0.454946 
4435 0.452045 
4436 0.448318 
4437 0.445386 
4438 0.442191 
4439 0.443171 
4440 0.440247 
4441 0.440039 
4442 0.441204 
4443 0.440046 
4444 0.439815 
4445 0.441157 
4446 0.444329 
4447 0.447508 
4448 0.452029 
4449 0.456026 
4450 0.461026 
4451 0.465316 
4452 0.462052 
4453 0.466204 
4454 0.467963 
4455 0.469136 
4456 0.469576 
4457 0.466968 
4458 0.46848 
4459 0.464035 
4460 0.457762 
4461 0.454853 
4462 0.456057 
4463 0.453133 
4464 0.453974 
4465 0.456119 
4466 0.457238 
4467 0.456744 
4468 0.462353 
4469 0.471157 
4470 0.468588 
4471 0.474259 
4472 0.477793 
4473 0.47983 
4474 0.486512 
4475 0.489545 
4476 0.476505 
4477 0.471721 
4478 0.471319 
4479 0.456991 
4480 0.458233 
4481 0.452546 
4482 0.452068 
4483 0.434823 
4484 0.432176 
4485 0.431559 
4486 0.43189 
4487 0.420795 
4488 0.419414 
4489 0.417346 
4490 0.418403 
4491 0.417677 
4492 0.419691 
4493 0.421605 
4494 0.421219 
4495 0.422492 
4496 0.429074 
4497 0.433989 
4498 0.442747 
4499 0.447909 
4500 0.451497 
4501 0.460062 
4502 0.46652 
4503 0.471173 
4504 0.491134 
4505 0.50189 
4506 0.504691 
4507 0.523804 
4508 0.52821 
4509 0.530239 
4510 0.551381 
4511 0.55716 
4512 0.556775 
4513 0.572153 
4514 0.571752 
4515 0.574228 
4516 0.593603 
4517 0.606443 
4518 0.611497 
4519 0.618642 
4520 0.625856 
4521 0.625579 
4522 0.63348 
4523 0.63571 
4524 0.635031 
4525 0.658549 
4526 0.66088 
4527 0.662955 
4528 0.662438 
4529 0.6925 
4530 0.695779 
4531 0.705062 
4532 0.704815 
4533 0.710378 
4534 0.708997 
4535 0.712847 
4536 0.712199 
4537 0.714753 
4538 0.711944 
4539 0.709151 
4540 0.703164 
4541 0.694961 
4542 0.696412 
4543 0.689182 
4544 0.684522 
4545 0.67446 
4546 0.669252 
4547 0.660995 
4548 0.657106 
4549 0.651968 
4550 0.646535 
4551 0.64466 
4552 0.640139 
4553 0.64044 
4554 0.638488 
4555 0.630463 
4556 0.627299 
4557 0.624745 
4558 0.554992 
4559 0.549082 
4560 0.546049 
4561 0.54206 
4562 0.540671 
4563 0.541759 
4564 0.53892 
4565 0.512423 
4566 0.510239 
4567 0.508534 
4568 0.510347 
4569 0.513488 
4570 0.508542 
4571 0.49321 
4572 0.492184 
4573 0.488873 
4574 0.487423 
4575 0.484483 
4576 0.479545 
4577 0.475008 
4578 0.467361 
4579 0.464035 
4580 0.457546 
4581 0.456204 
4582 0.452616 
4583 0.450841 
4584 0.45412 
4585 0.450795 
4586 0.449352 
4587 0.45223 
4588 0.449715 
4589 0.450309 
4590 0.452469 
4591 0.44821 
4592 0.457407 
4593 0.460363 
4594 0.46017 
4595 0.462762 
4596 0.465193 
4597 0.466281 
4598 0.463133 
4599 0.461944 
4600 0.461543 
4601 0.456273 
4602 0.455802 
4603 0.452176 
4604 0.454406 
4605 0.455957 
4606 0.454915 
4607 0.451821 
4608 0.452006 
4609 0.447724 
4610 0.443272 
4611 0.440208 
4612 0.435849 
4613 0.427184 
4614 0.423742 
4615 0.420031 
4616 0.416844 
4617 0.415532 
4618 0.411566 
4619 0.410031 
4620 0.405872 
4621 0.400579 
4622 0.39848 
4623 0.396682 
4624 0.36919 
4625 0.360147 
4626 0.35642 
4627 0.349745 
4628 0.346821 
4629 0.345054 
4630 0.343912 
4631 0.345718 
4632 0.346829 
4633 0.346983 
4634 0.35331 
4635 0.353819 
4636 0.355185 
4637 0.352523 
4638 0.351327 
4639 0.366443 
4640 0.37652 
4641 0.380957 
4642 0.38635 
4643 0.390517 
4644 0.391806 
4645 0.395486 
4646 0.399938 
4647 0.400548 
4648 0.403542 
4649 0.407091 
4650 0.409444 
4651 0.415093 
4652 0.41436 
4653 0.417978 
4654 0.421528 
4655 0.421952 
4656 0.423133 
4657 0.429244 
4658 0.426343 
4659 0.424784 
4660 0.409514 
4661 0.406551 
4662 0.40439 
4663 0.39777 
4664 0.393835 
4665 0.390741 
4666 0.388789 
4667 0.388009 
4668 0.389969 
4669 0.382832 
4670 0.371474 
4671 0.369552 
4672 0.363611 
4673 0.350185 
4674 0.345625 
4675 0.335625 
4676 0.305285 
4677 0.300116 
4678 0.290417 
4679 0.282361 
4680 0.267323 
4681 0.26311 
4682 0.259969 
4683 0.261698 
4684 0.264375 
4685 0.258943 
4686 0.26034 
4687 0.264444 
4688 0.26946 
4689 0.271219 
4690 0.274815 
4691 0.277338 
4692 0.2775 
4693 0.278434 
4694 0.274815 
4695 0.275193 
4696 0.274159 
4697 0.274383 
4698 0.275625 
4699 0.275926 
4700 0.276119 
4701 0.275949 
4702 0.276497 
4703 0.276566 
4704 0.275756 
4705 0.279321 
4706 0.278611 
4707 0.280826 
4708 0.283032 
4709 0.286968 
4710 0.288542 
4711 0.297253 
4712 0.307623 
4713 0.308619 
4714 0.323557 
4715 0.330725 
4716 0.332292 
4717 0.339985 
4718 0.351466 
4719 0.354221 
4720 0.364336 
4721 0.366142 
4722 0.366651 
4723 0.368557 
4724 0.373449 
4725 0.375424 
4726 0.376983 
4727 0.379977 
4728 0.381821 
4729 0.380748 
4730 0.372546 
4731 0.368102 
4732 0.365301 
4733 0.36483 
4734 0.363156 
4735 0.361806 
4736 0.356042 
4737 0.356651 
4738 0.35304 
4739 0.347569 
4740 0.346937 
4741 0.340918 
4742 0.338542 
4743 0.339005 
4744 0.337824 
4745 0.333503 
4746 0.324738 
4747 0.318434 
4748 0.311119 
4749 0.307724 
4750 0.295988 
4751 0.289051 
4752 0.28841 
4753 0.281265 
4754 0.271898 
4755 0.272438 
4756 0.267253 
4757 0.260779 
4758 0.2575 
4759 0.247022 
4760 0.239637 
4761 0.234992 
4762 0.226736 
4763 0.21831 
4764 0.213557 
4765 0.208025 
4766 0.20061 
4767 0.196566 
4768 0.189954 
4769 0.180316 
4770 0.177739 
4771 0.174128 
4772 0.167114 
4773 0.164676 
4774 0.157816 
4775 0.149259 
4776 0.144344 
4777 0.134043 
4778 0.122029 
4779 0.117469 
4780 0.109707 
4781 0.100586 
4782 0.097662 
4783 0.091983 
4784 0.085162 
4785 0.0795216 
4786 0.0656867 
4787 0.0542361 
4788 0.0529012 
4789 0.052963 
4790 0.0528318 
4791 0.0513426 
4792 0.0496065 
4793 0.0464506 
4794 0.0449769 
4795 0.0444907 
4796 0.0421836 
4797 0.0412269 
4798 0.0391821 
4799 0.0366898 
4800 0.0355015 
4801 0.0332253 
4802 0.0327855 
4803 0.0324846 
4804 0.0322531 
4805 0.0321991 
4806 0.0322377 
4807 0.0321528 
4808 0.0323071 
4809 0.0322454 
4810 0.0324923 
4811 0.0325154 
4812 0.0325772 
4813 0.0325849 
4814 0.0325694 
4815 0.0328086 
4816 0.0329552 
4817 0.0329784 
4818 0.0329861 
4819 0.0328009 
4820 0.032909 
4821 0.0329784 
4822 0.0329167 
4823 0.0331713 
4824 0.0333025 
4825 0.0336034 
4826 0.0338194 
4827 0.0337037 
4828 0.0338349 
4829 0.0335957 
4830 0.0335185 
4831 0.0335185 
4832 0.0334877 
4833 0.0333719 
4834 0.0359028 
4835 0.0359182 
4836 0.0355247 
4837 0.0356481 
4838 0.0356713 
4839 0.0356713 
4840 0.0355941 
4841 0.035625 
4842 0.0354475 
4843 0.0354012 
4844 0.0350849 
4845 0.0348997 
4846 0.0346142 
4847 0.0346142 
4848 0.0343441 
4849 0.034375 
4850 0.0343133 
4851 0.0339892 
4852 0.0338349 
4853 0.0338117 
4854 0.0334336 
4855 0.0335262 
4856 0.0333951 
4857 0.0331096 
4858 0.0328395 
4859 0.0326929 
4860 0.0322608 
4861 0.0322685 
4862 0.0323225 
4863 0.032338 
4864 0.0323843 
4865 0.0323457 
4866 0.0320139 
4867 0.0318596 
4868 0.0318133 
4869 0.0318056 
4870 0.031875 
4871 0.0318981 
4872 0.0319444 
4873 0.0316975 
4874 0.0316049 
4875 0.0315972 
4876 0.0315586 
4877 0.0315818 
4878 0.0314892 
4879 0.0313194 
4880 0.0312963 
4881 0.0311188 
4882 0.0310417 
4883 0.0311034 
4884 0.0305401 
4885 0.030679 
4886 0.0304938 
4887 0.0307639 
4888 0.0305093 
4889 0.0304861 
4890 0.0304784 
4891 0.030463 
4892 0.0305015 
4893 0.030679 
4894 0.0307485 
4895 0.0306713 
4896 0.0309028 
4897 0.0312114 
4898 0.0315278 
4899 0.0324614 
4900 0.0335417 
4901 0.0341204 
4902 0.0354012 
4903 0.0360494 
4904 0.0363812 
4905 0.0365741 
4906 0.0358951 
4907 0.0355401 
4908 0.0351775 
4909 0.0343673 
4910 0.0340355 
4911 0.0334259 
4912 0.0331173 
4913 0.0328704 
4914 0.032284 
4915 0.0318673 
4916 0.0329012 
4917 0.0393596 
4918 0.0463272 
4919 0.0489043 
4920 0.0529475 
4921 0.0546142 
4922 0.056821 
4923 0.0586806 
4924 0.0603086 
4925 0.062446 
4926 0.0680015 
4927 0.0765972 
4928 0.0813349 
4929 0.0885957 
4930 0.0973534 
4931 0.101127 
4932 0.104267 
4933 0.107068 
4934 0.109159 
4935 0.111211 
4936 0.113465 
4937 0.114074 
4938 0.117006 
4939 0.11838 
4940 0.119846 
4941 0.12213 
4942 0.122731 
4943 0.125316 
4944 0.128086 
4945 0.131042 
4946 0.132315 
4947 0.13358 
4948 0.133688 
4949 0.131628 
4950 0.128403 
4951 0.122847 
4952 0.12098 
4953 0.11811 
4954 0.113349 
4955 0.111042 
4956 0.10679 
4957 0.102083 
4958 0.101142 
4959 0.0990818 
4960 0.100548 
4961 0.101003 
4962 0.0987886 
4963 0.0966744 
4964 0.0936111 
4965 0.0849151 
4966 0.0860108 
4967 0.0891049 
4968 0.0932176 
4969 0.0963889 
4970 0.0966435 
4971 0.0986034 
4972 0.10115 
4973 0.103881 
4974 0.107022 
4975 0.110216 
4976 0.110193 
4977 0.111759 
4978 0.110201 
4979 0.109012 
4980 0.10696 
4981 0.104931 
4982 0.103989 
4983 0.102508 
4984 0.0998071 
4985 0.100648 
4986 0.10412 
4987 0.10456 
4988 0.105586 
4989 0.106775 
4990 0.10838 
4991 0.107948 
4992 0.109144 
4993 0.112215 
4994 0.111597 
4995 0.112647 
4996 0.11554 
4997 0.11652 
4998 0.118009 
4999 0.116157 
5000 0.114961 
5001 0.110509 
5002 0.107878 
5003 0.108341 
5004 0.109568 
5005 0.108719 
5006 0.106443 
5007 0.104568 
5008 0.101559 
5009 0.0990278 
5010 0.0932793 
5011 0.0891358 
5012 0.0855093 
5013 0.0774306 
5014 0.0700926 
5015 0.0666975 
5016 0.0559799 
5017 0.0454938 
5018 0.0453472 
5019 0.0494985 
5020 0.0548843 
5021 0.0556559 
5022 0.0546605 
5023 0.0550154 
5024 0.0553858 
5025 0.0543673 
5026 0.0534105 
5027 0.0531559 
5028 0.0495139 
5029 0.0468519 
5030 0.0456096 
5031 0.0433796 
5032 0.0421065 
5033 0.0420448 
5034 0.0424846 
5035 0.0432562 
5036 0.0434105 
5037 0.0437731 
5038 0.0441975 
5039 0.044483 
5040 0.0451235 
5041 0.0453318 
5042 0.045733 
5043 0.0461728 
5044 0.0481327 
5045 0.0494676 
5046 0.0537423 
5047 0.0589043 
5048 0.0618596 
5049 0.0684259 
5050 0.0740972 
5051 0.0776003 
5052 0.0839583 
5053 0.0887114 
5054 0.091358 
5055 0.0961806 
5056 0.103364 
5057 0.107307 
5058 0.113573 
5059 0.124846 
5060 0.129275 
5061 0.136829 
5062 0.143565 
5063 0.147847 
5064 0.15716 
5065 0.166281 
5066 0.170347 
5067 0.178364 
5068 0.182562 
5069 0.185949 
5070 0.195679 
5071 0.202963 
5072 0.206682 
5073 0.212261 
5074 0.2175 
5075 0.219938 
5076 0.227785 
5077 0.232045 
5078 0.231991 
5079 0.231605 
5080 0.229568 
5081 0.228897 
5082 0.225378 
5083 0.222037 
5084 0.219653 
5085 0.216505 
5086 0.209676 
5087 0.207647 
5088 0.201366 
5089 0.189136 
5090 0.187145 
5091 0.18206 
5092 0.173804 
5093 0.17 
5094 0.167446 
5095 0.164707 
5096 0.161667 
5097 0.161736 
5098 0.161736 
5099 0.161505 
5100 0.158333 
5101 0.151713 
5102 0.149452 
5103 0.145216 
5104 0.13946 
5105 0.137816 
5106 0.1299 
5107 0.122191 
5108 0.116829 
5109 0.106968 
5110 0.102191 
5111 0.0992207 
5112 0.0932407 
5113 0.0904552 
5114 0.0901235 
5115 0.0873843 
5116 0.0863735 
5117 0.0840201 
5118 0.0772068 
5119 0.0727623 
5120 0.071875 
5121 0.0647685 
5122 0.0581096 
5123 0.0559491 
5124 0.050625 
5125 0.046412 
5126 0.0442052 
5127 0.0400926 
5128 0.0363349 
5129 0.0347917 
5130 0.032716 
5131 0.0323457 
5132 0.0321142 
5133 0.0320216 
5134 0.0324228 
5135 0.0324691 
5136 0.0323997 
5137 0.0324846 
5138 0.0324769 
5139 0.0325077 
5140 0.0324923 
5141 0.0324537 
5142 0.0324306 
5143 0.0323765 
5144 0.032338 
5145 0.032338 
5146 0.0323457 
5147 0.0323225 
5148 0.0323071 
5149 0.0323071 
5150 0.0322994 
5151 0.0322685 
5152 0.0322685 
5153 0.0322377 
5154 0.0322608 
5155 0.0322454 
5156 0.0322145 
5157 0.0321759 
5158 0.0321759 
5159 0.0321682 
5160 0.0322145 
5161 0.0322145 
5162 0.0321682 
5163 0.0321914 
5164 0.0321682 
5165 0.0321373 
5166 0.0321605 
5167 0.0321682 
5168 0.0322068 
5169 0.0322299 
5170 0.0322145 
5171 0.0322145 
5172 0.0321991 
5173 0.0321991 
5174 0.0321914 
5175 0.0321991 
5176 0.0321991 
5177 0.0321914 
5178 0.0321914 
5179 0.0321836 
5180 0.0322068 
5181 0.0322145 
5182 0.0322299 
5183 0.0322531 
5184 0.0323997 
5185 0.032392 
5186 0.0323765 
5187 0.0323611 
5188 0.0323534 
5189 0.0323688 
5190 0.032392 
5191 0.032392 
5192 0.0323611 
5193 0.0323611 
5194 0.0323611 
5195 0.0322299 
5196 0.0321836 
5197 0.0321914 
5198 0.0322222 
5199 0.0322299 
5200 0.0322531 
5201 0.0322377 
5202 0.0322299 
5203 0.0322377 
5204 0.0322377 
5205 0.0322377 
5206 0.0322377 
5207 0.0322377 
5208 0.0321991 
5209 0.0322222 
5210 0.0322685 
5211 0.0322685 
5212 0.032284 
5213 0.0322994 
5214 0.0322994 
5215 0.0323071 
5216 0.0323071 
5217 0.0323071 
5218 0.0322994 
5219 0.0322994 
5220 0.0322917 
5221 0.0322917 
5222 0.0322762 
5223 0.0322222 
5224 0.0322145 
5225 0.0321991 
5226 0.0321914 
5227 0.0321914 
5228 0.0321914 
5229 0.0321836 
5230 0.0321914 
5231 0.0321373 
5232 0.0321219 
5233 0.0321219 
5234 0.0321219 
5235 0.0321065 
5236 0.0321142 
5237 0.0321142 
5238 0.0321142 
5239 0.0321219 
5240 0.0321219 
5241 0.0321219 
5242 0.0321219 
5243 0.0321296 
5244 0.0321296 
5245 0.0321605 
5246 0.0321759 
5247 0.0321759 
5248 0.0321914 
5249 0.0321991 
5250 0.0322222 
5251 0.0322917 
5252 0.0322994 
5253 0.0322917 
5254 0.0322917 
5255 0.0322917 
5256 0.032284 
5257 0.0354475 
5258 0.0415432 
5259 0.0446451 
5260 0.0514352 
5261 0.0566512 
5262 0.0593133 
5263 0.0639506 
5264 0.0673534 
5265 0.0683025 
5266 0.069429 
5267 0.0716975 
5268 0.0725231 
5269 0.0752469 
5270 0.075679 
5271 0.0766435 
5272 0.0780941 
5273 0.0791898 
5274 0.0792438 
5275 0.0799537 
5276 0.0818287 
5277 0.0825386 
5278 0.0838735 
5279 0.0841898 
5280 0.0851157 
5281 0.086088 
5282 0.0867824 
5283 0.0868441 
5284 0.0876775 
5285 0.0887114 
5286 0.0898302 
5287 0.0912114 
5288 0.0960417 
5289 0.0994599 
5290 0.107431 
5291 0.1151 
5292 0.119043 
5293 0.126705 
5294 0.132122 
5295 0.134198 
5296 0.139985 
5297 0.14581 
5298 0.147994 
5299 0.152508 
5300 0.156111 
5301 0.158194 
5302 0.16196 
5303 0.166443 
5304 0.168356 
5305 0.171273 
5306 0.173804 
5307 0.175247 
5308 0.177731 
5309 0.181019 
5310 0.180525 
5311 0.182454 
5312 0.183326 
5313 0.183148 
5314 0.182863 
5315 0.182029 
5316 0.180525 
5317 0.179915 
5318 0.180116 
5319 0.178403 
5320 0.177469 
5321 0.175355 
5322 0.175154 
5323 0.173819 
5324 0.172369 
5325 0.172392 
5326 0.171705 
5327 0.170802 
5328 0.172431 
5329 0.175309 
5330 0.179313 
5331 0.180208 
5332 0.180625 
5333 0.182623 
5334 0.182593 
5335 0.186127 
5336 0.187662 
5337 0.187724 
5338 0.189483 
5339 0.192099 
5340 0.191906 
5341 0.193642 
5342 0.194498 
5343 0.195062 
5344 0.196836 
5345 0.198372 
5346 0.199221 
5347 0.200386 
5348 0.199931 
5349 0.201667 
5350 0.203341 
5351 0.205779 
5352 0.208681 
5353 0.215471 
5354 0.220694 
5355 0.223025 
5356 0.229406 
5357 0.234012 
5358 0.237006 
5359 0.240949 
5360 0.244799 
5361 0.247731 
5362 0.250239 
5363 0.248272 
5364 0.248426 
5365 0.249252 
5366 0.250795 
5367 0.251597 
5368 0.249136 
5369 0.250517 
5370 0.249545 
5371 0.250131 
5372 0.25061 
5373 0.251952 
5374 0.253017 
5375 0.254884 
5376 0.255556 
5377 0.257006 
5378 0.258997 
5379 0.258981 
5380 0.259838 
5381 0.259954 
5382 0.26159 
5383 0.263318 
5384 0.264174 
5385 0.26652 
5386 0.272353 
5387 0.278866 
5388 0.280478 
5389 0.284938 
5390 0.28909 
5391 0.289375 
5392 0.292577 
5393 0.294961 
5394 0.29642 
5395 0.298387 
5396 0.299498 
5397 0.300077 
5398 0.299552 
5399 0.298696 
5400 0.29838 
5401 0.297685 
5402 0.296582 
5403 0.296227 
5404 0.295448 
5405 0.295772 
5406 0.295702 
5407 0.297361 
5408 0.298719 
5409 0.301319 
5410 0.301605 
5411 0.30429 
5412 0.303573 
5413 0.305046 
5414 0.306852 
5415 0.307523 
5416 0.310664 
5417 0.315602 
5418 0.318202 
5419 0.32419 
5420 0.331235 
5421 0.333032 
5422 0.33446 
5423 0.337855 
5424 0.339321 
5425 0.342431 
5426 0.3449 
5427 0.345602 
5428 0.347469 
5429 0.352122 
5430 0.35314 
5431 0.356752 
5432 0.359437 
5433 0.358927 
5434 0.362431 
5435 0.36625 
5436 0.367685 
5437 0.371204 
5438 0.376427 
5439 0.378588 
5440 0.382978 
5441 0.387176 
5442 0.388233 
5443 0.392431 
5444 0.397099 
5445 0.393819 
5446 0.398704 
5447 0.401821 
5448 0.401983 
5449 0.405926 
5450 0.408318 
5451 0.408164 
5452 0.406281 
5453 0.405262 
5454 0.405046 
5455 0.404545 
5456 0.40358 
5457 0.403071 
5458 0.403904 
5459 0.401782 
5460 0.40169 
5461 0.399545 
5462 0.400394 
5463 0.399066 
5464 0.397986 
5465 0.395316 
5466 0.394645 
5467 0.393688 
5468 0.392716 
5469 0.392353 
5470 0.393056 
5471 0.392307 
5472 0.391543 
5473 0.390293 
5474 0.390386 
5475 0.390177 
5476 0.391134 
5477 0.393673 
5478 0.395571 
5479 0.399923 
5480 0.403534 
5481 0.406026 
5482 0.411258 
5483 0.416096 
5484 0.418364 
5485 0.423588 
5486 0.428434 
5487 0.430378 
5488 0.435332 
5489 0.440401 
5490 0.444051 
5491 0.44777 
5492 0.451728 
5493 0.454684 
5494 0.457886 
5495 0.468526 
5496 0.469637 
5497 0.471327 
5498 0.472145 
5499 0.475895 
5500 0.479537 
5501 0.482793 
5502 0.487222 
5503 0.490193 
5504 0.493789 
5505 0.494969 
5506 0.498302 
5507 0.502245 
5508 0.502901 
5509 0.504676 
5510 0.506381 
5511 0.50733 
5512 0.508812 
5513 0.510417 
5514 0.510517 
5515 0.51142 
5516 0.512029 
5517 0.51162 
5518 0.511127 
5519 0.514213 
5520 0.519645 
5521 0.522438 
5522 0.526296 
5523 0.526335 
5524 0.52966 
5525 0.532029 
5526 0.533434 
5527 0.537315 
5528 0.55037 
5529 0.552693 
5530 0.559753 
5531 0.564992 
5532 0.568202 
5533 0.574267 
5534 0.577577 
5535 0.581867 
5536 0.585424 
5537 0.588765 
5538 0.590957 
5539 0.593202 
5540 0.595802 
5541 0.597407 
5542 0.598549 
5543 0.600231 
5544 0.601914 
5545 0.606906 
5546 0.607685 
5547 0.608912 
5548 0.609653 
5549 0.61213 
5550 0.613673 
5551 0.614792 
5552 0.617562 
5553 0.618156 
5554 0.620471 
5555 0.623873 
5556 0.624437 
5557 0.628441 
5558 0.631088 
5559 0.633534 
5560 0.635478 
5561 0.640278 
5562 0.641644 
5563 0.644136 
5564 0.646937 
5565 0.647377 
5566 0.647122 
5567 0.647986 
5568 0.647901 
5569 0.649815 
5570 0.647431 
5571 0.647793 
5572 0.648758 
5573 0.648696 
5574 0.64919 
5575 0.650602 
5576 0.652361 
5577 0.652407 
5578 0.652415 
5579 0.653935 
5580 0.653534 
5581 0.655394 
5582 0.655 
5583 0.655077 
5584 0.656119 
5585 0.65767 
5586 0.656659 
5587 0.660278 
5588 0.660841 
5589 0.662199 
5590 0.663503 
5591 0.664907 
5592 0.665409 
5593 0.666644 
5594 0.667485 
5595 0.672415 
5596 0.672045 
5597 0.672153 
5598 0.671713 
5599 0.670625 
5600 0.670563 
5601 0.670324 
5602 0.669792 
5603 0.669398 
5604 0.669923 
5605 0.67091 
5606 0.672238 
5607 0.67284 
5608 0.672608 
5609 0.672778 
5610 0.672215 
5611 0.671481 
5612 0.671142 
5613 0.671698 
5614 0.671466 
5615 0.671651 
5616 0.67091 
5617 0.671497 
5618 0.670409 
5619 0.670262 
5620 0.675239 
5621 0.674282 
5622 0.675548 
5623 0.675 
5624 0.674144 
5625 0.674252 
5626 0.674213 
5627 0.673403 
5628 0.672184 
5629 0.672878 
5630 0.67223 
5631 0.671412 
5632 0.669012 
5633 0.668048 
5634 0.667863 
5635 0.66723 
5636 0.666906 
5637 0.667099 
5638 0.665934 
5639 0.666512 
5640 0.668434 
5641 0.669707 
5642 0.670841 
5643 0.676073 
5644 0.677299 
5645 0.711181 
5646 0.711836 
5647 0.711111 
5648 0.71216 
5649 0.713472 
5650 0.713742 
5651 0.713302 
5652 0.712747 
5653 0.712377 
5654 0.712415 
5655 0.713341 
5656 0.712863 
5657 0.712515 
5658 0.711852 
5659 0.711829 
5660 0.712492 
5661 0.713264 
5662 0.714082 
5663 0.714892 
5664 0.714576 
5665 0.714853 
5666 0.714815 
5667 0.715918 
5668 0.715895 
5669 0.716157 
5670 0.723534 
5671 0.722616 
5672 0.723295 
5673 0.723765 
5674 0.723773 
5675 0.72385 
5676 0.723202 
5677 0.724051 
5678 0.724028 
5679 0.724136 
5680 0.725764 
5681 0.725463 
5682 0.725316 
5683 0.72463 
5684 0.723086 
5685 0.72223 
5686 0.722523 
5687 0.722191 
5688 0.722238 
5689 0.721497 
5690 0.721651 
5691 0.721914 
5692 0.722523 
5693 0.722577 
5694 0.722662 
5695 0.722639 
5696 0.725139 
5697 0.724691 
5698 0.723819 
5699 0.724005 
5700 0.72375 
5701 0.728866 
5702 0.732052 
5703 0.732392 
5704 0.734529 
5705 0.738742 
5706 0.739236 
5707 0.739645 
5708 0.740301 
5709 0.740355 
5710 0.742269 
5711 0.74909 
5712 0.747215 
5713 0.748025 
5714 0.748341 
5715 0.749421 
5716 0.750077 
5717 0.749637 
5718 0.749954 
5719 0.749969 
5720 0.752461 
5721 0.751782 
5722 0.752145 
5723 0.752369 
5724 0.752045 
5725 0.752299 
5726 0.752176 
5727 0.75233 
5728 0.752407 
5729 0.752307 
5730 0.75223 
5731 0.752076 
5732 0.752184 
5733 0.752284 
5734 0.752539 
5735 0.751929 
5736 0.75213 
5737 0.752423 
Time taken by function: 211288206 microseconds
