Frame Number Queue Density
1 0.0792882 
2 0.0779668 
3 0.0789043 
4 0.0864294 
5 0.0948592 
6 0.0977276 
7 0.100845 
8 0.104259 
9 0.105193 
10 0.107737 
11 0.110019 
12 0.110486 
13 0.11217 
14 0.114587 
15 0.114869 
16 0.116582 
17 0.117803 
18 0.118057 
19 0.119304 
20 0.119836 
21 0.120548 
22 0.121908 
23 0.12315 
24 0.123927 
25 0.125694 
26 0.127774 
27 0.128339 
28 0.130257 
29 0.13213 
30 0.132101 
31 0.132965 
32 0.133617 
33 0.134543 
34 0.134894 
35 0.135554 
36 0.136333 
37 0.136861 
38 0.137652 
39 0.13821 
40 0.138632 
41 0.139454 
42 0.13952 
43 0.140295 
44 0.141373 
45 0.141954 
46 0.142106 
47 0.142882 
48 0.143094 
49 0.143301 
50 0.143657 
51 0.144867 
52 0.146834 
53 0.148611 
54 0.149699 
55 0.151937 
56 0.153364 
57 0.154732 
58 0.15614 
59 0.15755 
60 0.158312 
61 0.156925 
62 0.154931 
63 0.153821 
64 0.1526 
65 0.15075 
66 0.150768 
67 0.149666 
68 0.14886 
69 0.148829 
70 0.146265 
71 0.147307 
72 0.148534 
73 0.150363 
74 0.151688 
75 0.151796 
76 0.153131 
77 0.154431 
78 0.155621 
79 0.158036 
80 0.161412 
81 0.162224 
82 0.163943 
83 0.167695 
84 0.169649 
85 0.173644 
86 0.177326 
87 0.179269 
88 0.184591 
89 0.188711 
90 0.190096 
91 0.195075 
92 0.197195 
93 0.197894 
94 0.198142 
95 0.197533 
96 0.199471 
97 0.200438 
98 0.20125 
99 0.201547 
100 0.202477 
101 0.202514 
102 0.202351 
103 0.202299 
104 0.201414 
105 0.201339 
106 0.200185 
107 0.202033 
108 0.202897 
109 0.204715 
110 0.207579 
111 0.209398 
112 0.212353 
113 0.21423 
114 0.215129 
115 0.217618 
116 0.219751 
117 0.220538 
118 0.220573 
119 0.221238 
120 0.221032 
121 0.2212 
122 0.221454 
123 0.221759 
124 0.222627 
125 0.223179 
126 0.223831 
127 0.224313 
128 0.225133 
129 0.225565 
130 0.227471 
131 0.228686 
132 0.229186 
133 0.231343 
134 0.232047 
135 0.232697 
136 0.234043 
137 0.235432 
138 0.236499 
139 0.237197 
140 0.238374 
141 0.238434 
142 0.238206 
143 0.238762 
144 0.238657 
145 0.239381 
146 0.239329 
147 0.23956 
148 0.238924 
149 0.237556 
150 0.237247 
151 0.237753 
152 0.236331 
153 0.235812 
154 0.234819 
155 0.233945 
156 0.232982 
157 0.231196 
158 0.230069 
159 0.229356 
160 0.228929 
161 0.228474 
162 0.228225 
163 0.227546 
164 0.226071 
165 0.225567 
166 0.225492 
167 0.225035 
168 0.224703 
169 0.224186 
170 0.222776 
171 0.222338 
172 0.221877 
173 0.221059 
174 0.221283 
175 0.221177 
176 0.220909 
177 0.22044 
178 0.219851 
179 0.220123 
180 0.220041 
181 0.220503 
182 0.220012 
183 0.22011 
184 0.219942 
185 0.219682 
186 0.219387 
187 0.218906 
188 0.218331 
189 0.218582 
190 0.218852 
191 0.218762 
192 0.218974 
193 0.218441 
194 0.218553 
195 0.219363 
196 0.219728 
197 0.220035 
198 0.220191 
199 0.220228 
200 0.220145 
201 0.220089 
202 0.220021 
203 0.220546 
204 0.220889 
205 0.220978 
206 0.220608 
207 0.220552 
208 0.220476 
209 0.220421 
210 0.220619 
211 0.221346 
212 0.221402 
213 0.221136 
214 0.220577 
215 0.220287 
216 0.220137 
217 0.21956 
218 0.219695 
219 0.219929 
220 0.220968 
221 0.221362 
222 0.221505 
223 0.2214 
224 0.221339 
225 0.221154 
226 0.221109 
227 0.221285 
228 0.221105 
229 0.221071 
230 0.221111 
231 0.221177 
232 0.221302 
233 0.221861 
234 0.222228 
235 0.222425 
236 0.222361 
237 0.222153 
238 0.221535 
239 0.220384 
240 0.219668 
241 0.219497 
242 0.220143 
243 0.220179 
244 0.220652 
245 0.217602 
246 0.2181 
247 0.218501 
248 0.218827 
249 0.218409 
250 0.218198 
251 0.218164 
252 0.218084 
253 0.217685 
254 0.217583 
255 0.217481 
256 0.217741 
257 0.217826 
258 0.217755 
259 0.217928 
260 0.218156 
261 0.218333 
262 0.218038 
263 0.218248 
264 0.218306 
265 0.218376 
266 0.218225 
267 0.218221 
268 0.218169 
269 0.218144 
270 0.217361 
271 0.217286 
272 0.217118 
273 0.217004 
274 0.217228 
275 0.218744 
276 0.219794 
277 0.221321 
278 0.222353 
279 0.222812 
280 0.224622 
281 0.226466 
282 0.227649 
283 0.229639 
284 0.23173 
285 0.232382 
286 0.233497 
287 0.233233 
288 0.23298 
289 0.232585 
290 0.231767 
291 0.231352 
292 0.230179 
293 0.229026 
294 0.228519 
295 0.227043 
296 0.225444 
297 0.224454 
298 0.223274 
299 0.221657 
300 0.221273 
301 0.220309 
302 0.219466 
303 0.219012 
304 0.218914 
305 0.218401 
306 0.218547 
307 0.218906 
308 0.219298 
309 0.219026 
310 0.218715 
311 0.220214 
312 0.219552 
313 0.218796 
314 0.218974 
315 0.219535 
316 0.220037 
317 0.219715 
318 0.219502 
319 0.219111 
320 0.219172 
321 0.219392 
322 0.219595 
323 0.219491 
324 0.219761 
325 0.220087 
326 0.220147 
327 0.220095 
328 0.220419 
329 0.220293 
330 0.220249 
331 0.220345 
332 0.220226 
333 0.220303 
334 0.220629 
335 0.220498 
336 0.220448 
337 0.220451 
338 0.220384 
339 0.220698 
340 0.22115 
341 0.22245 
342 0.223046 
343 0.223382 
344 0.224261 
345 0.223133 
346 0.223713 
347 0.224248 
348 0.224537 
349 0.224174 
350 0.223951 
351 0.223561 
352 0.223218 
353 0.22305 
354 0.223146 
355 0.22327 
356 0.223812 
357 0.224022 
358 0.223951 
359 0.224014 
360 0.223962 
361 0.224363 
362 0.224306 
363 0.224639 
364 0.224742 
365 0.224751 
366 0.22466 
367 0.224738 
368 0.224672 
369 0.224809 
370 0.223412 
371 0.223546 
372 0.22347 
373 0.223904 
374 0.223574 
375 0.223329 
376 0.223393 
377 0.223083 
378 0.223177 
379 0.222598 
380 0.222554 
381 0.223133 
382 0.22425 
383 0.225231 
384 0.226065 
385 0.226875 
386 0.227654 
387 0.227903 
388 0.228825 
389 0.230287 
390 0.230579 
391 0.231682 
392 0.232691 
393 0.233318 
394 0.23396 
395 0.235361 
396 0.236065 
397 0.236244 
398 0.236651 
399 0.237049 
400 0.237105 
401 0.238119 
402 0.238642 
403 0.239869 
404 0.242012 
405 0.242816 
406 0.246591 
407 0.250029 
408 0.251458 
409 0.254925 
410 0.257652 
411 0.259994 
412 0.264169 
413 0.269192 
414 0.271493 
415 0.275939 
416 0.280262 
417 0.282623 
418 0.286373 
419 0.28946 
420 0.288034 
421 0.291103 
422 0.295748 
423 0.298096 
424 0.303191 
425 0.308407 
426 0.310554 
427 0.315041 
428 0.318636 
429 0.320114 
430 0.323441 
431 0.327058 
432 0.328719 
433 0.332637 
434 0.336389 
435 0.33901 
436 0.342238 
437 0.344408 
438 0.344581 
439 0.346298 
440 0.346734 
441 0.346489 
442 0.347459 
443 0.347429 
444 0.347606 
445 0.3486 
446 0.350685 
447 0.351657 
448 0.354061 
449 0.355951 
450 0.356919 
451 0.359716 
452 0.361757 
453 0.361933 
454 0.363177 
455 0.364695 
456 0.365247 
457 0.366192 
458 0.367207 
459 0.367541 
460 0.368551 
461 0.369294 
462 0.369697 
463 0.370598 
464 0.370451 
465 0.370575 
466 0.370637 
467 0.370966 
468 0.370417 
469 0.370658 
470 0.374304 
471 0.374209 
472 0.374527 
473 0.373976 
474 0.373819 
475 0.373536 
476 0.373181 
477 0.372523 
478 0.372525 
479 0.372523 
480 0.372483 
481 0.373576 
482 0.373586 
483 0.372978 
484 0.37376 
485 0.373447 
486 0.373787 
487 0.374215 
488 0.374093 
489 0.373688 
490 0.373578 
491 0.373769 
492 0.373924 
493 0.373862 
494 0.373389 
495 0.372238 
496 0.372623 
497 0.373343 
498 0.373044 
499 0.375451 
500 0.379188 
501 0.380577 
502 0.384493 
503 0.388204 
504 0.390359 
505 0.393351 
506 0.397276 
507 0.399722 
508 0.404836 
509 0.409226 
510 0.411182 
511 0.412951 
512 0.414641 
513 0.415862 
514 0.418584 
515 0.419942 
516 0.421142 
517 0.424352 
518 0.426061 
519 0.42733 
520 0.436807 
521 0.438864 
522 0.440361 
523 0.441319 
524 0.443248 
525 0.444836 
526 0.447409 
527 0.448027 
528 0.448617 
529 0.450141 
530 0.450976 
531 0.451535 
532 0.45314 
533 0.452801 
534 0.453993 
535 0.455118 
536 0.45591 
537 0.456103 
538 0.456524 
539 0.457544 
540 0.457917 
541 0.458428 
542 0.459076 
543 0.459909 
544 0.459155 
545 0.458499 
546 0.458318 
547 0.457031 
548 0.456412 
549 0.455872 
550 0.454873 
551 0.453819 
552 0.453814 
553 0.454412 
554 0.452695 
555 0.452396 
556 0.452353 
557 0.451836 
558 0.451902 
559 0.45108 
560 0.451065 
561 0.4506 
562 0.450511 
563 0.44999 
564 0.448519 
565 0.448169 
566 0.447425 
567 0.447342 
568 0.447126 
569 0.448274 
570 0.45023 
571 0.451937 
572 0.452411 
573 0.453258 
574 0.454809 
575 0.456134 
576 0.457218 
577 0.458686 
578 0.460532 
579 0.46168 
580 0.463493 
581 0.465461 
582 0.466377 
583 0.468221 
584 0.469963 
585 0.470791 
586 0.472355 
587 0.47409 
588 0.475069 
589 0.476782 
590 0.478561 
591 0.479435 
592 0.480824 
593 0.484188 
594 0.485345 
595 0.492776 
596 0.49669 
597 0.499269 
598 0.501887 
599 0.505654 
600 0.508046 
601 0.510359 
602 0.513856 
603 0.515689 
604 0.517886 
605 0.52059 
606 0.522429 
607 0.530089 
608 0.535422 
609 0.538194 
610 0.542888 
611 0.545855 
612 0.547284 
613 0.549479 
614 0.551644 
615 0.552677 
616 0.554956 
617 0.556763 
618 0.557423 
619 0.558966 
620 0.564566 
621 0.565046 
622 0.565646 
623 0.566427 
624 0.567012 
625 0.568125 
626 0.568943 
627 0.56896 
628 0.569448 
629 0.572045 
630 0.572432 
631 0.574016 
632 0.575257 
633 0.575249 
634 0.576906 
635 0.576863 
636 0.576377 
637 0.576761 
638 0.57669 
639 0.576709 
640 0.57615 
641 0.576022 
642 0.575417 
643 0.574821 
644 0.574902 
645 0.575226 
646 0.575561 
647 0.575887 
648 0.576169 
649 0.576622 
650 0.577637 
651 0.578158 
652 0.577965 
653 0.578376 
654 0.578945 
655 0.578717 
656 0.578594 
657 0.578983 
658 0.578436 
659 0.578306 
660 0.578333 
661 0.578173 
662 0.578569 
663 0.578945 
664 0.579342 
665 0.579535 
666 0.579624 
667 0.579184 
668 0.579726 
669 0.579389 
670 0.57722 
671 0.577706 
672 0.57777 
673 0.578428 
674 0.578927 
675 0.578848 
676 0.579219 
677 0.58015 
678 0.580069 
679 0.581028 
680 0.581946 
681 0.58284 
682 0.583146 
683 0.583453 
684 0.584379 
685 0.584425 
686 0.584479 
687 0.584471 
688 0.58477 
689 0.584736 
690 0.585231 
691 0.585176 
692 0.585365 
693 0.585781 
694 0.585905 
695 0.587095 
696 0.587278 
697 0.587606 
698 0.587535 
699 0.588121 
700 0.587454 
701 0.587978 
702 0.587623 
703 0.588115 
704 0.587888 
705 0.587579 
706 0.587664 
707 0.587826 
708 0.588383 
709 0.588881 
710 0.588555 
711 0.589371 
712 0.589676 
713 0.59021 
714 0.590382 
715 0.590486 
716 0.59087 
717 0.59098 
718 0.591258 
719 0.591362 
720 0.594273 
721 0.594064 
722 0.594275 
723 0.594412 
724 0.594161 
725 0.594298 
726 0.594354 
727 0.594333 
728 0.594765 
729 0.594641 
730 0.594549 
731 0.594635 
732 0.595021 
733 0.594745 
734 0.594643 
735 0.594865 
736 0.594659 
737 0.594956 
738 0.595056 
739 0.594655 
740 0.59488 
741 0.594923 
742 0.594913 
743 0.594853 
744 0.594884 
745 0.598486 
746 0.598553 
747 0.598682 
748 0.599213 
749 0.599601 
750 0.599855 
751 0.60023 
752 0.599994 
753 0.60048 
754 0.600965 
755 0.601127 
756 0.600928 
757 0.601267 
758 0.601784 
759 0.601692 
760 0.602186 
761 0.602423 
762 0.602803 
763 0.60316 
764 0.603175 
765 0.603164 
766 0.602867 
767 0.60414 
768 0.604242 
769 0.604612 
770 0.609576 
771 0.608845 
772 0.608785 
773 0.608792 
774 0.608511 
775 0.609747 
776 0.608983 
777 0.608823 
778 0.6089 
779 0.60832 
780 0.608507 
781 0.608522 
782 0.609097 
783 0.60919 
784 0.609398 
785 0.60977 
786 0.609958 
787 0.612029 
788 0.612693 
789 0.613104 
790 0.614365 
791 0.616046 
792 0.616443 
793 0.616613 
794 0.615934 
795 0.613355 
796 0.613056 
797 0.613108 
798 0.612994 
799 0.612666 
800 0.611858 
801 0.610826 
802 0.609086 
803 0.609498 
804 0.6095 
805 0.609076 
806 0.608655 
807 0.608642 
808 0.608542 
809 0.608945 
810 0.609155 
811 0.609691 
812 0.610083 
813 0.612554 
814 0.614688 
815 0.617944 
816 0.621209 
817 0.623719 
818 0.625093 
819 0.625469 
820 0.638711 
821 0.638108 
822 0.637737 
823 0.643603 
824 0.6494 
825 0.651144 
826 0.652697 
827 0.65591 
828 0.656478 
829 0.657535 
830 0.660098 
831 0.661449 
832 0.662116 
833 0.66267 
834 0.663071 
835 0.663623 
836 0.663549 
837 0.664479 
838 0.664929 
839 0.666053 
840 0.666285 
841 0.666966 
842 0.667309 
843 0.66745 
844 0.667809 
845 0.678279 
846 0.677307 
847 0.678642 
848 0.678746 
849 0.678524 
850 0.678316 
851 0.678821 
852 0.679217 
853 0.678358 
854 0.678187 
855 0.676715 
856 0.676694 
857 0.676372 
858 0.676051 
859 0.675411 
860 0.675523 
861 0.675285 
862 0.67478 
863 0.674747 
864 0.674875 
865 0.674709 
866 0.67466 
867 0.674458 
868 0.674282 
869 0.674063 
870 0.673233 
871 0.673655 
872 0.673652 
873 0.673692 
874 0.673935 
875 0.673725 
876 0.673787 
877 0.673831 
878 0.673339 
879 0.672959 
880 0.673505 
881 0.67316 
882 0.674018 
883 0.673416 
884 0.673719 
885 0.673561 
886 0.673015 
887 0.672859 
888 0.67387 
889 0.673783 
890 0.673522 
891 0.674653 
892 0.674443 
893 0.674091 
894 0.673532 
895 0.674161 
896 0.674226 
897 0.674199 
898 0.67439 
899 0.673989 
900 0.67392 
901 0.673814 
902 0.673931 
903 0.674334 
904 0.674369 
905 0.675384 
906 0.675343 
907 0.676017 
908 0.675615 
909 0.675972 
910 0.676047 
911 0.675856 
912 0.67484 
913 0.674032 
914 0.674265 
915 0.674238 
916 0.67434 
917 0.674325 
918 0.674493 
919 0.674093 
920 0.67407 
921 0.674153 
922 0.674475 
923 0.674443 
924 0.674404 
925 0.674923 
926 0.675042 
927 0.675189 
928 0.674907 
929 0.674869 
930 0.671618 
931 0.6713 
932 0.671119 
933 0.671223 
934 0.671248 
935 0.670885 
936 0.671046 
937 0.671333 
938 0.671329 
939 0.671561 
940 0.670451 
941 0.670228 
942 0.670179 
943 0.669458 
944 0.669724 
945 0.669064 
946 0.66843 
947 0.669111 
948 0.669408 
949 0.669774 
950 0.670168 
951 0.669632 
952 0.669387 
953 0.669022 
954 0.66913 
955 0.677168 
956 0.676904 
957 0.677677 
958 0.677047 
959 0.676699 
960 0.675889 
961 0.675963 
962 0.6756 
963 0.675133 
964 0.674861 
965 0.674813 
966 0.67488 
967 0.674821 
968 0.675147 
969 0.675426 
970 0.67516 
971 0.675432 
972 0.675586 
973 0.675864 
974 0.676319 
975 0.675901 
976 0.675434 
977 0.675069 
978 0.674124 
979 0.673627 
980 0.663792 
981 0.663725 
982 0.663241 
983 0.662755 
984 0.662477 
985 0.662531 
986 0.662365 
987 0.662417 
988 0.662747 
989 0.662955 
990 0.662882 
991 0.664844 
992 0.664799 
993 0.664713 
994 0.664809 
995 0.665056 
996 0.664738 
997 0.664751 
998 0.665125 
999 0.665203 
1000 0.665604 
1001 0.666246 
1002 0.666111 
1003 0.666192 
1004 0.6661 
1005 0.665208 
1006 0.665475 
1007 0.665856 
1008 0.665839 
1009 0.665893 
1010 0.665681 
1011 0.662587 
1012 0.661943 
1013 0.662959 
1014 0.663056 
1015 0.663137 
1016 0.663218 
1017 0.663156 
1018 0.663202 
1019 0.664174 
1020 0.664074 
1021 0.664132 
1022 0.664593 
1023 0.664221 
1024 0.664263 
1025 0.664265 
1026 0.66445 
1027 0.664589 
1028 0.664483 
1029 0.664535 
1030 0.663831 
1031 0.663785 
1032 0.663615 
1033 0.663735 
1034 0.663553 
1035 0.663206 
1036 0.666173 
1037 0.664705 
1038 0.664635 
1039 0.664435 
1040 0.664701 
1041 0.664832 
1042 0.66538 
1043 0.665552 
1044 0.665664 
1045 0.665494 
1046 0.665268 
1047 0.665154 
1048 0.66485 
1049 0.665237 
1050 0.665608 
1051 0.665525 
1052 0.665419 
1053 0.665345 
1054 0.665588 
1055 0.665255 
1056 0.665112 
1057 0.664659 
1058 0.664763 
1059 0.664992 
1060 0.665583 
1061 0.659126 
1062 0.6588 
1063 0.659259 
1064 0.659034 
1065 0.658949 
1066 0.658627 
1067 0.659491 
1068 0.659437 
1069 0.65865 
1070 0.658783 
1071 0.6587 
1072 0.659367 
1073 0.658621 
1074 0.657965 
1075 0.658243 
1076 0.658522 
1077 0.658927 
1078 0.659909 
1079 0.660467 
1080 0.659865 
1081 0.66021 
1082 0.660291 
1083 0.66012 
1084 0.661252 
1085 0.661186 
1086 0.664211 
1087 0.664034 
1088 0.663133 
1089 0.663237 
1090 0.662905 
1091 0.663621 
1092 0.663578 
1093 0.663814 
1094 0.663954 
1095 0.664209 
1096 0.664221 
1097 0.664483 
1098 0.664734 
1099 0.664932 
1100 0.664672 
1101 0.663711 
1102 0.663829 
1103 0.662973 
1104 0.663245 
1105 0.663218 
1106 0.662874 
1107 0.663335 
1108 0.662753 
1109 0.662965 
1110 0.663056 
1111 0.664572 
1112 0.663655 
1113 0.663331 
1114 0.662537 
1115 0.662807 
1116 0.66309 
1117 0.663459 
1118 0.663638 
1119 0.662633 
1120 0.66403 
1121 0.663764 
1122 0.664329 
1123 0.66413 
1124 0.66408 
1125 0.663846 
1126 0.665575 
1127 0.665463 
1128 0.665835 
1129 0.665966 
1130 0.667226 
1131 0.667766 
1132 0.666667 
1133 0.666518 
1134 0.665559 
1135 0.665797 
1136 0.664354 
1137 0.665708 
1138 0.667323 
1139 0.668823 
1140 0.669309 
1141 0.671167 
1142 0.671252 
1143 0.671576 
1144 0.670959 
1145 0.670521 
1146 0.671605 
1147 0.671991 
1148 0.671169 
1149 0.670683 
1150 0.670486 
1151 0.668796 
1152 0.668461 
1153 0.667151 
1154 0.666738 
1155 0.66533 
1156 0.664898 
1157 0.665002 
1158 0.664809 
1159 0.664323 
1160 0.664832 
1161 0.660814 
1162 0.66135 
1163 0.660729 
1164 0.661179 
1165 0.660249 
1166 0.659097 
1167 0.658956 
1168 0.658922 
1169 0.658285 
1170 0.658328 
1171 0.657969 
1172 0.659722 
1173 0.65773 
1174 0.658588 
1175 0.658538 
1176 0.657141 
1177 0.657448 
1178 0.657579 
1179 0.656836 
1180 0.657656 
1181 0.658187 
1182 0.658596 
1183 0.659072 
1184 0.658887 
1185 0.659304 
1186 0.667195 
1187 0.667886 
1188 0.668542 
1189 0.668688 
1190 0.668399 
1191 0.668142 
1192 0.667398 
1193 0.667514 
1194 0.667313 
1195 0.668511 
1196 0.668409 
1197 0.670309 
1198 0.67022 
1199 0.669813 
1200 0.668447 
1201 0.668316 
1202 0.668098 
1203 0.668796 
1204 0.669336 
1205 0.666958 
1206 0.666298 
1207 0.666343 
1208 0.66637 
1209 0.666632 
1210 0.665662 
1211 0.668509 
1212 0.66679 
1213 0.665395 
1214 0.666302 
1215 0.666128 
1216 0.665004 
1217 0.665135 
1218 0.665257 
1219 0.664772 
1220 0.665604 
1221 0.665122 
1222 0.664898 
1223 0.66479 
1224 0.664298 
1225 0.665058 
1226 0.664647 
1227 0.664742 
1228 0.664095 
1229 0.664907 
1230 0.665851 
1231 0.666998 
1232 0.66697 
1233 0.665176 
1234 0.665557 
1235 0.665129 
1236 0.659873 
1237 0.659323 
1238 0.658428 
1239 0.65849 
1240 0.65929 
1241 0.660733 
1242 0.66305 
1243 0.665262 
1244 0.665395 
1245 0.665866 
1246 0.666647 
1247 0.66572 
1248 0.664645 
1249 0.662762 
1250 0.662631 
1251 0.662186 
1252 0.661427 
1253 0.661046 
1254 0.660602 
1255 0.661235 
1256 0.661385 
1257 0.660598 
1258 0.660685 
1259 0.660172 
1260 0.660513 
1261 0.659842 
1262 0.659878 
1263 0.659064 
1264 0.659632 
1265 0.659535 
1266 0.659796 
1267 0.661337 
1268 0.661534 
1269 0.662207 
1270 0.663439 
1271 0.663439 
1272 0.663872 
1273 0.663059 
1274 0.663841 
1275 0.662133 
1276 0.663677 
1277 0.663493 
1278 0.664334 
1279 0.663117 
1280 0.662814 
1281 0.662421 
1282 0.662863 
1283 0.662296 
1284 0.662529 
1285 0.661811 
1286 0.661356 
1287 0.661352 
1288 0.661738 
1289 0.661611 
1290 0.661744 
1291 0.662066 
1292 0.662431 
1293 0.662282 
1294 0.663239 
1295 0.664034 
1296 0.663929 
1297 0.663681 
1298 0.662863 
1299 0.662666 
1300 0.663476 
1301 0.664334 
1302 0.663794 
1303 0.664138 
1304 0.663993 
1305 0.664232 
1306 0.664985 
1307 0.664579 
1308 0.664936 
1309 0.664595 
1310 0.664527 
1311 0.657122 
1312 0.65664 
1313 0.655575 
1314 0.655019 
1315 0.653738 
1316 0.653293 
1317 0.651865 
1318 0.652486 
1319 0.65173 
1320 0.651877 
1321 0.652523 
1322 0.652035 
1323 0.651842 
1324 0.651649 
1325 0.651389 
1326 0.651086 
1327 0.65174 
1328 0.651443 
1329 0.650747 
1330 0.650716 
1331 0.650669 
1332 0.650961 
1333 0.650442 
1334 0.650955 
1335 0.650542 
1336 0.655901 
1337 0.656173 
1338 0.656028 
1339 0.656427 
1340 0.656395 
1341 0.656744 
1342 0.656136 
1343 0.656512 
1344 0.656134 
1345 0.656933 
1346 0.656647 
1347 0.657186 
1348 0.657299 
1349 0.656765 
1350 0.658106 
1351 0.658366 
1352 0.659207 
1353 0.659873 
1354 0.660245 
1355 0.660924 
1356 0.660934 
1357 0.661688 
1358 0.662097 
1359 0.662375 
1360 0.66352 
1361 0.662978 
1362 0.663775 
1363 0.663673 
1364 0.663505 
1365 0.663538 
1366 0.66391 
1367 0.664497 
1368 0.665567 
1369 0.665858 
1370 0.666364 
1371 0.667205 
1372 0.668542 
1373 0.66925 
1374 0.669014 
1375 0.669111 
1376 0.669421 
1377 0.669743 
1378 0.669242 
1379 0.669556 
1380 0.66978 
1381 0.669687 
1382 0.669932 
1383 0.6707 
1384 0.670457 
1385 0.670652 
1386 0.669543 
1387 0.669051 
1388 0.669188 
1389 0.67028 
1390 0.670934 
1391 0.671427 
1392 0.670795 
1393 0.671782 
1394 0.671728 
1395 0.671561 
1396 0.672515 
1397 0.672257 
1398 0.67261 
1399 0.673094 
1400 0.673598 
1401 0.674041 
1402 0.674074 
1403 0.674186 
1404 0.675378 
1405 0.675204 
1406 0.676541 
1407 0.675922 
1408 0.676555 
1409 0.677514 
1410 0.677716 
1411 0.678663 
1412 0.678272 
1413 0.678447 
1414 0.678235 
1415 0.678756 
1416 0.679169 
1417 0.681364 
1418 0.681806 
1419 0.682153 
1420 0.683177 
1421 0.683708 
1422 0.683866 
1423 0.684709 
1424 0.685258 
1425 0.685268 
1426 0.685694 
1427 0.68575 
1428 0.687629 
1429 0.688036 
1430 0.68798 
1431 0.690394 
1432 0.690828 
1433 0.69202 
1434 0.692894 
1435 0.694716 
1436 0.699747 
1437 0.701337 
1438 0.70104 
1439 0.700613 
1440 0.701711 
1441 0.703434 
1442 0.703177 
1443 0.704315 
1444 0.705997 
1445 0.706543 
1446 0.708104 
1447 0.711412 
1448 0.712843 
1449 0.714929 
1450 0.716603 
1451 0.718472 
1452 0.720766 
1453 0.723544 
1454 0.726179 
1455 0.72912 
1456 0.730721 
1457 0.731858 
1458 0.73479 
1459 0.737267 
1460 0.73947 
1461 0.740224 
1462 0.742606 
1463 0.74423 
1464 0.745982 
1465 0.747166 
1466 0.747915 
1467 0.749751 
1468 0.751939 
1469 0.752047 
1470 0.752226 
1471 0.757876 
1472 0.75913 
1473 0.760604 
1474 0.761904 
1475 0.761636 
1476 0.763069 
1477 0.763133 
1478 0.764145 
1479 0.764361 
1480 0.766127 
1481 0.765214 
1482 0.766989 
1483 0.767814 
1484 0.768457 
1485 0.76966 
1486 0.773137 
1487 0.772973 
1488 0.774988 
1489 0.773981 
1490 0.774381 
1491 0.775804 
1492 0.776372 
1493 0.775926 
1494 0.778549 
1495 0.780772 
1496 0.782581 
1497 0.781726 
1498 0.785417 
1499 0.785257 
1500 0.789547 
1501 0.792915 
1502 0.793789 
1503 0.795808 
1504 0.795359 
1505 0.795525 
1506 0.794863 
1507 0.792834 
1508 0.791011 
1509 0.793999 
1510 0.79386 
1511 0.797471 
1512 0.797785 
1513 0.796973 
1514 0.794936 
1515 0.793353 
1516 0.7845 
1517 0.78348 
1518 0.778108 
1519 0.773038 
1520 0.769961 
1521 0.766728 
1522 0.738933 
1523 0.736159 
1524 0.73071 
1525 0.726196 
1526 0.724985 
1527 0.723738 
1528 0.724275 
1529 0.722498 
1530 0.721113 
1531 0.722533 
1532 0.722284 
1533 0.723123 
1534 0.720876 
1535 0.723121 
1536 0.709124 
1537 0.707286 
1538 0.706302 
1539 0.703939 
1540 0.702147 
1541 0.702405 
1542 0.701154 
1543 0.703756 
1544 0.705355 
1545 0.709196 
1546 0.713492 
1547 0.713634 
1548 0.717043 
1549 0.716074 
1550 0.697272 
1551 0.684616 
1552 0.675592 
1553 0.673131 
1554 0.66972 
1555 0.667058 
1556 0.666404 
1557 0.664556 
1558 0.664525 
1559 0.664651 
1560 0.666975 
1561 0.661001 
1562 0.662728 
1563 0.665972 
1564 0.669306 
1565 0.669759 
1566 0.670696 
1567 0.670314 
1568 0.670039 
1569 0.668409 
1570 0.66858 
1571 0.667797 
1572 0.666296 
1573 0.664377 
1574 0.667596 
1575 0.670845 
1576 0.672 
1577 0.674228 
1578 0.677458 
1579 0.683152 
1580 0.687371 
1581 0.687498 
1582 0.684145 
1583 0.682355 
1584 0.681653 
1585 0.678733 
1586 0.675978 
1587 0.67641 
1588 0.677816 
1589 0.676368 
1590 0.675179 
1591 0.673873 
1592 0.672402 
1593 0.673821 
1594 0.671896 
1595 0.672724 
1596 0.670449 
1597 0.667683 
1598 0.666067 
1599 0.667421 
1600 0.671439 
1601 0.676944 
1602 0.678463 
1603 0.679688 
1604 0.678214 
1605 0.678198 
1606 0.677716 
1607 0.679676 
1608 0.676852 
1609 0.675365 
1610 0.67749 
1611 0.677203 
1612 0.680822 
1613 0.679153 
1614 0.679091 
1615 0.668277 
1616 0.669323 
1617 0.665924 
1618 0.656348 
1619 0.655345 
1620 0.646609 
1621 0.641995 
1622 0.640849 
1623 0.638773 
1624 0.63831 
1625 0.637643 
1626 0.63778 
1627 0.639996 
1628 0.643939 
1629 0.642924 
1630 0.643117 
1631 0.643997 
1632 0.646109 
1633 0.64707 
1634 0.64956 
1635 0.649842 
1636 0.642855 
1637 0.646624 
1638 0.647195 
1639 0.643945 
1640 0.641406 
1641 0.638341 
1642 0.636331 
1643 0.63479 
1644 0.632884 
1645 0.636429 
1646 0.635206 
1647 0.62848 
1648 0.622811 
1649 0.623123 
1650 0.623736 
1651 0.623779 
1652 0.62233 
1653 0.622126 
1654 0.627132 
1655 0.630293 
1656 0.627853 
1657 0.630116 
1658 0.631906 
1659 0.633738 
1660 0.633715 
1661 0.632278 
1662 0.637459 
1663 0.641493 
1664 0.641709 
1665 0.643646 
1666 0.649786 
1667 0.653183 
1668 0.658725 
1669 0.660939 
1670 0.663198 
1671 0.664894 
1672 0.662635 
1673 0.662703 
1674 0.660515 
1675 0.658519 
1676 0.65805 
1677 0.657037 
1678 0.65532 
1679 0.656844 
1680 0.65565 
1681 0.653628 
1682 0.654599 
1683 0.65337 
1684 0.649282 
1685 0.648769 
1686 0.625295 
1687 0.628152 
1688 0.625903 
1689 0.627691 
1690 0.631059 
1691 0.633135 
1692 0.638393 
1693 0.6439 
1694 0.643821 
1695 0.649568 
1696 0.654215 
1697 0.657913 
1698 0.662178 
1699 0.663302 
1700 0.665068 
1701 0.665924 
1702 0.667392 
1703 0.664599 
1704 0.666096 
1705 0.666956 
1706 0.664877 
1707 0.657608 
1708 0.652066 
1709 0.650008 
1710 0.643926 
1711 0.634846 
1712 0.632639 
1713 0.626026 
1714 0.621707 
1715 0.622303 
1716 0.618329 
1717 0.618139 
1718 0.617085 
1719 0.613133 
1720 0.607666 
1721 0.611076 
1722 0.605066 
1723 0.600139 
1724 0.598789 
1725 0.595939 
1726 0.595897 
1727 0.597363 
1728 0.590268 
1729 0.587205 
1730 0.584649 
1731 0.550731 
1732 0.527591 
1733 0.522699 
1734 0.509556 
1735 0.512083 
1736 0.493733 
1737 0.493694 
1738 0.480417 
1739 0.479379 
1740 0.475507 
1741 0.455577 
1742 0.450897 
1743 0.450311 
1744 0.434381 
1745 0.4313 
1746 0.428999 
1747 0.425855 
1748 0.409358 
1749 0.404996 
1750 0.399579 
1751 0.396364 
1752 0.391279 
1753 0.379861 
1754 0.376007 
1755 0.372751 
1756 0.370941 
1757 0.366478 
1758 0.365316 
1759 0.362247 
1760 0.360916 
1761 0.359776 
1762 0.358295 
1763 0.355598 
1764 0.353495 
1765 0.352404 
1766 0.352504 
1767 0.359805 
1768 0.359857 
1769 0.360608 
1770 0.362251 
1771 0.35935 
1772 0.366946 
1773 0.365039 
1774 0.363536 
1775 0.362137 
1776 0.36684 
1777 0.367031 
1778 0.367446 
1779 0.366734 
1780 0.364049 
1781 0.36369 
1782 0.366597 
1783 0.363463 
1784 0.363636 
1785 0.35805 
1786 0.355893 
1787 0.355334 
1788 0.348306 
1789 0.344012 
1790 0.342207 
1791 0.338231 
1792 0.336069 
1793 0.332251 
1794 0.322805 
1795 0.314963 
1796 0.312631 
1797 0.309932 
1798 0.308605 
1799 0.308654 
1800 0.306694 
1801 0.306038 
1802 0.3045 
1803 0.305149 
1804 0.306246 
1805 0.308256 
1806 0.313736 
1807 0.312378 
1808 0.312575 
1809 0.308684 
1810 0.304911 
1811 0.301422 
1812 0.302209 
1813 0.30441 
1814 0.303326 
1815 0.301325 
1816 0.297471 
1817 0.296437 
1818 0.291634 
1819 0.291576 
1820 0.288129 
1821 0.28598 
1822 0.282033 
1823 0.280756 
1824 0.274821 
1825 0.269205 
1826 0.265095 
1827 0.259556 
1828 0.255089 
1829 0.257141 
1830 0.255941 
1831 0.255604 
1832 0.256134 
1833 0.255897 
1834 0.252515 
1835 0.251819 
1836 0.248113 
1837 0.246123 
1838 0.244902 
1839 0.240735 
1840 0.23914 
1841 0.238677 
1842 0.234778 
1843 0.230797 
1844 0.227836 
1845 0.224797 
1846 0.21756 
1847 0.21484 
1848 0.21038 
1849 0.202255 
1850 0.199788 
1851 0.19276 
1852 0.18244 
1853 0.177139 
1854 0.173488 
1855 0.173318 
1856 0.171273 
1857 0.167423 
1858 0.16575 
1859 0.164898 
1860 0.16402 
1861 0.16126 
1862 0.158054 
1863 0.151908 
1864 0.148017 
1865 0.148698 
1866 0.154722 
1867 0.160521 
1868 0.163644 
1869 0.168291 
1870 0.17102 
1871 0.171707 
1872 0.177089 
1873 0.177477 
1874 0.178021 
1875 0.182365 
1876 0.191329 
1877 0.194535 
1878 0.206101 
1879 0.216155 
1880 0.220637 
1881 0.22995 
1882 0.236979 
1883 0.240351 
1884 0.246017 
1885 0.250436 
1886 0.252517 
1887 0.254707 
1888 0.261564 
1889 0.265222 
1890 0.271057 
1891 0.277446 
1892 0.281254 
1893 0.288011 
1894 0.293773 
1895 0.295226 
1896 0.288312 
1897 0.285494 
1898 0.28782 
1899 0.288135 
1900 0.291206 
1901 0.292992 
1902 0.300733 
1903 0.312436 
1904 0.316198 
1905 0.323682 
1906 0.334248 
1907 0.336292 
1908 0.341559 
1909 0.345083 
1910 0.343819 
1911 0.336657 
1912 0.331827 
1913 0.331103 
1914 0.329165 
1915 0.325476 
1916 0.322064 
1917 0.319045 
1918 0.312845 
1919 0.312953 
1920 0.310748 
1921 0.313428 
1922 0.310878 
1923 0.307454 
1924 0.302025 
1925 0.291159 
1926 0.285098 
1927 0.283501 
1928 0.279167 
1929 0.272672 
1930 0.26973 
1931 0.268981 
1932 0.26701 
1933 0.261117 
1934 0.259464 
1935 0.257292 
1936 0.251944 
1937 0.253356 
1938 0.252639 
1939 0.252209 
1940 0.252654 
1941 0.251011 
1942 0.247722 
1943 0.25043 
1944 0.244219 
1945 0.239543 
1946 0.237421 
1947 0.226103 
1948 0.213382 
1949 0.208025 
1950 0.197861 
1951 0.19131 
1952 0.185085 
1953 0.169373 
1954 0.157442 
1955 0.153615 
1956 0.142137 
1957 0.129219 
1958 0.126184 
1959 0.117718 
1960 0.110357 
1961 0.102388 
1962 0.0952758 
1963 0.0857485 
1964 0.0809336 
1965 0.0723129 
1966 0.0623958 
1967 0.0592188 
1968 0.0528742 
1969 0.0519502 
1970 0.0528839 
1971 0.0538407 
1972 0.0523013 
1973 0.0501466 
1974 0.046767 
1975 0.0446875 
1976 0.0434896 
1977 0.0405401 
1978 0.0388773 
1979 0.0376505 
1980 0.0370081 
1981 0.036985 
1982 0.037039 
1983 0.0372704 
1984 0.0373997 
1985 0.0371007 
1986 0.0370409 
1987 0.0369811 
1988 0.0369232 
1989 0.0363194 
1990 0.0362905 
1991 0.0363619 
1992 0.036929 
1993 0.0365702 
1994 0.036576 
1995 0.036848 
1996 0.0365336 
1997 0.0367052 
1998 0.0363272 
1999 0.0370448 
2000 0.0380556 
2001 0.046412 
2002 0.0574923 
2003 0.0640471 
2004 0.0778549 
2005 0.091848 
2006 0.0989853 
2007 0.112691 
2008 0.125963 
2009 0.133603 
2010 0.148048 
2011 0.161202 
2012 0.167718 
2013 0.182226 
2014 0.197242 
2015 0.203846 
2016 0.217245 
2017 0.228125 
2018 0.234944 
2019 0.243549 
2020 0.244697 
2021 0.248212 
2022 0.250656 
2023 0.255841 
2024 0.263549 
2025 0.272452 
2026 0.282263 
2027 0.285868 
2028 0.297371 
2029 0.309552 
2030 0.313941 
2031 0.31386 
2032 0.302465 
2033 0.298297 
2034 0.291634 
2035 0.29099 
2036 0.2888 
2037 0.288121 
2038 0.274902 
2039 0.274589 
2040 0.274522 
2041 0.270876 
2042 0.263617 
2043 0.261935 
2044 0.246806 
2045 0.24244 
2046 0.232265 
2047 0.225189 
2048 0.222697 
2049 0.217035 
2050 0.21255 
2051 0.210044 
2052 0.212284 
2053 0.199612 
2054 0.194558 
2055 0.186246 
2056 0.176676 
2057 0.171204 
2058 0.158426 
2059 0.145963 
2060 0.138644 
2061 0.127469 
2062 0.11489 
2063 0.11039 
2064 0.10711 
2065 0.099973 
2066 0.0965914 
2067 0.0916917 
2068 0.0874653 
2069 0.086657 
2070 0.0845602 
2071 0.0786497 
2072 0.0760841 
2073 0.0744502 
2074 0.0679996 
2075 0.0650424 
2076 0.0639255 
2077 0.0633661 
2078 0.0630266 
2079 0.0594464 
2080 0.0544734 
2081 0.0526717 
2082 0.0471277 
2083 0.0430864 
2084 0.0420409 
2085 0.0420968 
2086 0.0428935 
2087 0.0422897 
2088 0.0422801 
2089 0.0420833 
2090 0.0419232 
2091 0.0413426 
2092 0.0411767 
2093 0.0413445 
2094 0.0415992 
2095 0.0420428 
2096 0.0423553 
2097 0.0443345 
2098 0.0466223 
2099 0.0481944 
2100 0.0524132 
2101 0.0578897 
2102 0.0609568 
2103 0.0674923 
2104 0.0739005 
2105 0.0781096 
2106 0.0854938 
2107 0.0929514 
2108 0.0972492 
2109 0.106227 
2110 0.117405 
2111 0.123187 
2112 0.134333 
2113 0.144402 
2114 0.150102 
2115 0.161694 
2116 0.172755 
2117 0.17815 
2118 0.188812 
2119 0.201399 
2120 0.207473 
2121 0.217764 
2122 0.230231 
2123 0.238985 
2124 0.251269 
2125 0.26283 
2126 0.267606 
2127 0.280554 
2128 0.293007 
2129 0.296661 
2130 0.304221 
2131 0.31016 
2132 0.313621 
2133 0.318827 
2134 0.32223 
2135 0.322382 
2136 0.31919 
2137 0.324115 
2138 0.3244 
2139 0.32266 
2140 0.322855 
2141 0.323173 
2142 0.322649 
2143 0.32178 
2144 0.320694 
2145 0.320494 
2146 0.3186 
2147 0.317863 
2148 0.314055 
2149 0.310573 
2150 0.308036 
2151 0.301703 
2152 0.29169 
2153 0.28853 
2154 0.283914 
2155 0.287685 
2156 0.291321 
2157 0.290195 
2158 0.293443 
2159 0.29266 
2160 0.293077 
2161 0.293769 
2162 0.294942 
2163 0.295532 
2164 0.294778 
2165 0.292801 
2166 0.291991 
2167 0.290523 
2168 0.290181 
2169 0.286453 
2170 0.283775 
2171 0.282041 
2172 0.276617 
2173 0.270407 
2174 0.266782 
2175 0.25564 
2176 0.241186 
2177 0.235694 
2178 0.223484 
2179 0.210421 
2180 0.202157 
2181 0.190015 
2182 0.178546 
2183 0.17512 
2184 0.16696 
2185 0.156053 
2186 0.150278 
2187 0.142668 
2188 0.133908 
2189 0.130442 
2190 0.119306 
2191 0.110135 
2192 0.10336 
2193 0.0912423 
2194 0.0842052 
2195 0.0815471 
2196 0.0766686 
2197 0.0721238 
2198 0.0698129 
2199 0.063314 
2200 0.0591069 
2201 0.0567072 
2202 0.0506308 
2203 0.0459491 
2204 0.045488 
2205 0.0432677 
2206 0.0408816 
2207 0.0392554 
2208 0.0336343 
2209 0.0261478 
2210 0.0255768 
2211 0.0289468 
2212 0.0315644 
2213 0.0333333 
2214 0.0341319 
2215 0.0344059 
2216 0.034238 
2217 0.0339834 
2218 0.0344888 
2219 0.034456 
2220 0.0346451 
2221 0.033939 
2222 0.0338657 
2223 0.0340914 
2224 0.0338098 
2225 0.0337076 
2226 0.0343885 
2227 0.0354282 
2228 0.036439 
2229 0.0380382 
2230 0.0379726 
2231 0.0373881 
2232 0.0373167 
2233 0.0377025 
2234 0.0378974 
2235 0.0381674 
2236 0.0377681 
2237 0.0379649 
2238 0.038206 
2239 0.038424 
2240 0.0388831 
2241 0.0390625 
2242 0.0384664 
2243 0.0378646 
2244 0.0367882 
2245 0.0365702 
2246 0.03625 
2247 0.0353337 
2248 0.0354649 
2249 0.0359549 
2250 0.0380787 
2251 0.0390548 
2252 0.0397029 
2253 0.0412905 
2254 0.0417959 
2255 0.0420795 
2256 0.0425598 
2257 0.0419907 
2258 0.0425656 
2259 0.0430691 
2260 0.0434105 
2261 0.0431134 
2262 0.0433912 
2263 0.0440548 
2264 0.0437249 
2265 0.0441879 
2266 0.0481887 
2267 0.051358 
2268 0.0579475 
2269 0.066412 
2270 0.0699151 
2271 0.07576 
2272 0.0800019 
2273 0.0831327 
2274 0.0878125 
2275 0.0919425 
2276 0.0935745 
2277 0.097037 
2278 0.0991397 
2279 0.099809 
2280 0.101555 
2281 0.103472 
2282 0.10412 
2283 0.105988 
2284 0.106003 
2285 0.107002 
2286 0.108513 
2287 0.109691 
2288 0.110639 
2289 0.112174 
2290 0.112076 
2291 0.112649 
2292 0.113104 
2293 0.113015 
2294 0.113056 
2295 0.112573 
2296 0.11309 
2297 0.113561 
2298 0.11512 
2299 0.119734 
2300 0.12173 
2301 0.123615 
2302 0.125214 
2303 0.125698 
2304 0.127473 
2305 0.129369 
2306 0.130029 
2307 0.130446 
2308 0.129645 
2309 0.128912 
2310 0.126184 
2311 0.119753 
2312 0.116339 
2313 0.110397 
2314 0.105257 
2315 0.104915 
2316 0.0976331 
2317 0.0912384 
2318 0.0898862 
2319 0.0868441 
2320 0.0860127 
2321 0.0846914 
2322 0.0837809 
2323 0.0791975 
2324 0.0778781 
2325 0.07413 
2326 0.0739313 
2327 0.0737249 
2328 0.0748881 
2329 0.0759471 
2330 0.0749595 
2331 0.0735918 
2332 0.0715567 
2333 0.0706269 
2334 0.069186 
2335 0.0658758 
2336 0.0628029 
2337 0.0607677 
2338 0.0595255 
2339 0.0575637 
2340 0.0563773 
2341 0.0546296 
2342 0.0532253 
2343 0.0506713 
2344 0.0494888 
2345 0.0489487 
2346 0.0478125 
2347 0.0472029 
2348 0.0465606 
2349 0.0461748 
2350 0.0459356 
2351 0.0461709 
2352 0.0450174 
2353 0.0458314 
2354 0.04549 
2355 0.0448515 
2356 0.0435359 
2357 0.04299 
2358 0.0421798 
2359 0.0413002 
2360 0.0408333 
2361 0.0407369 
2362 0.0405285 
2363 0.0407465 
2364 0.0414931 
2365 0.041983 
2366 0.0420544 
2367 0.0423553 
2368 0.042473 
2369 0.042581 
2370 0.0430112 
2371 0.0438542 
2372 0.0444387 
2373 0.0457523 
2374 0.0457099 
2375 0.0447319 
2376 0.0445351 
2377 0.0437095 
2378 0.0434279 
2379 0.0433353 
2380 0.0429437 
2381 0.042718 
2382 0.0423708 
2383 0.0449132 
2384 0.048017 
2385 0.056684 
2386 0.0658816 
2387 0.0700347 
2388 0.0779225 
2389 0.0813465 
2390 0.0817612 
2391 0.0813677 
2392 0.0811246 
2393 0.0813696 
2394 0.083831 
2395 0.0871952 
2396 0.0881327 
2397 0.0882002 
2398 0.088966 
2399 0.0889275 
2400 0.0895583 
2401 0.0904688 
2402 0.090897 
2403 0.0919907 
2404 0.0938503 
2405 0.0949016 
2406 0.0971798 
2407 0.0980478 
2408 0.098206 
2409 0.099811 
2410 0.101688 
2411 0.100866 
2412 0.104261 
2413 0.103902 
2414 0.0996701 
2415 0.0947878 
2416 0.0882157 
2417 0.0873225 
2418 0.0824595 
2419 0.0761574 
2420 0.0739988 
2421 0.0660822 
2422 0.0582928 
2423 0.0541705 
2424 0.0473978 
2425 0.0390934 
2426 0.0340201 
2427 0.0252411 
2428 0.0237211 
2429 0.0254765 
2430 0.0319348 
2431 0.0333738 
2432 0.0338812 
2433 0.0408681 
2434 0.0484124 
2435 0.0513329 
2436 0.0547261 
2437 0.0565066 
2438 0.0575386 
2439 0.0593731 
2440 0.0617998 
2441 0.0630806 
2442 0.0654282 
2443 0.0668576 
2444 0.0679167 
2445 0.0693962 
2446 0.0712558 
2447 0.0721065 
2448 0.0736034 
2449 0.0751833 
2450 0.0757755 
2451 0.0769155 
2452 0.0776292 
2453 0.0779167 
2454 0.0783777 
2455 0.0792419 
2456 0.0786439 
2457 0.0774923 
2458 0.0788619 
2459 0.0800193 
2460 0.0823322 
2461 0.0840336 
2462 0.0853125 
2463 0.0866763 
2464 0.0822994 
2465 0.0791262 
2466 0.074485 
2467 0.0677315 
2468 0.0648862 
2469 0.0604147 
2470 0.0562365 
2471 0.0546084 
2472 0.0500984 
2473 0.0450965 
2474 0.0441512 
2475 0.0403974 
2476 0.0382157 
2477 0.0364101 
2478 0.0339448 
2479 0.0344579 
2480 0.0350926 
2481 0.0351235 
2482 0.0356289 
2483 0.0358989 
2484 0.0367843 
2485 0.0371566 
2486 0.0379668 
2487 0.0383719 
2488 0.0387442 
2489 0.0389815 
2490 0.0392882 
2491 0.0400502 
2492 0.0403511 
2493 0.0405035 
2494 0.0407909 
2495 0.0406154 
2496 0.0407118 
2497 0.0409201 
2498 0.0410745 
2499 0.041848 
2500 0.0423264 
2501 0.0424306 
2502 0.0425656 
2503 0.0430671 
2504 0.0434896 
2505 0.0443769 
2506 0.0434008 
2507 0.0427353 
2508 0.0452431 
2509 0.0486767 
2510 0.0507427 
2511 0.0560262 
2512 0.0637635 
2513 0.0666242 
2514 0.0702932 
2515 0.071005 
2516 0.071468 
2517 0.0722743 
2518 0.0713349 
2519 0.0715278 
2520 0.0740548 
2521 0.0768731 
2522 0.0774653 
2523 0.0800019 
2524 0.0818596 
2525 0.0824498 
2526 0.084593 
2527 0.0866069 
2528 0.0872569 
2529 0.0888252 
2530 0.0905401 
2531 0.0912211 
2532 0.092255 
2533 0.0935127 
2534 0.0945679 
2535 0.0957176 
2536 0.096794 
2537 0.0977315 
2538 0.0984163 
2539 0.100476 
2540 0.101582 
2541 0.102064 
2542 0.102033 
2543 0.10212 
2544 0.102755 
2545 0.104959 
2546 0.104703 
2547 0.106483 
2548 0.108034 
2549 0.108621 
2550 0.106082 
2551 0.10088 
2552 0.0998611 
2553 0.0946335 
2554 0.0901582 
2555 0.0875289 
2556 0.0821663 
2557 0.0739911 
2558 0.0697377 
2559 0.0609298 
2560 0.0524171 
2561 0.0474576 
2562 0.0382079 
2563 0.0265123 
2564 0.0194734 
2565 0 
2566 0.0168634 
2567 0.0220312 
2568 0.0276717 
2569 0.029157 
2570 0.0292959 
2571 0.0291107 
2572 0.028233 
2573 0.0278762 
2574 0.0273476 
2575 0.0271393 
2576 0.027091 
2577 0.0271779 
2578 0.0269579 
2579 0.0270312 
2580 0.02701 
2581 0.027064 
2582 0.0271566 
2583 0.0271817 
2584 0.0271335 
2585 0.027228 
2586 0.0274267 
2587 0.0273669 
2588 0.0273708 
2589 0.0274151 
2590 0.0273206 
2591 0.0273457 
2592 0.0273187 
2593 0.0273457 
2594 0.0273611 
2595 0.027527 
2596 0.0276447 
2597 0.0277527 
2598 0.0277353 
2599 0.0276736 
2600 0.0277546 
2601 0.0278221 
2602 0.0278337 
2603 0.0278029 
2604 0.0277701 
2605 0.0277257 
2606 0.0277103 
2607 0.0277855 
2608 0.0278009 
2609 0.0278202 
2610 0.0278144 
2611 0.0278279 
2612 0.0278627 
2613 0.0277315 
2614 0.0275135 
2615 0.0275058 
2616 0.027691 
2617 0.0276813 
2618 0.0276196 
2619 0.0275019 
2620 0.0274904 
2621 0.0275579 
2622 0.0276755 
2623 0.0276678 
2624 0.0285687 
2625 0.0335494 
2626 0.0395814 
2627 0.0425617 
2628 0.0465625 
2629 0.0505594 
2630 0.0519387 
2631 0.0538503 
2632 0.0553935 
2633 0.0561767 
2634 0.05788 
2635 0.0591937 
2636 0.0601755 
2637 0.0637963 
2638 0.0710301 
2639 0.074728 
2640 0.0839699 
2641 0.0914082 
2642 0.0950521 
2643 0.103987 
2644 0.113362 
2645 0.118573 
2646 0.12832 
2647 0.134809 
2648 0.137315 
2649 0.145145 
2650 0.149163 
2651 0.15186 
2652 0.155658 
2653 0.160438 
2654 0.162137 
2655 0.164894 
2656 0.168995 
2657 0.171074 
2658 0.176084 
2659 0.177035 
2660 0.178216 
2661 0.182471 
2662 0.18293 
2663 0.18262 
2664 0.179049 
2665 0.176854 
2666 0.173443 
2667 0.170027 
2668 0.168798 
2669 0.168015 
2670 0.167834 
2671 0.169169 
2672 0.168405 
2673 0.169707 
2674 0.17276 
2675 0.175422 
2676 0.175689 
2677 0.177741 
2678 0.177263 
2679 0.175509 
2680 0.170804 
2681 0.166875 
2682 0.161115 
2683 0.154599 
2684 0.15103 
2685 0.147905 
2686 0.14234 
2687 0.140569 
2688 0.142882 
2689 0.141038 
2690 0.139336 
2691 0.133956 
2692 0.128414 
2693 0.125255 
2694 0.120193 
2695 0.115525 
2696 0.112598 
2697 0.106717 
2698 0.0994695 
2699 0.0956925 
2700 0.0886053 
2701 0.0780054 
2702 0.0745042 
2703 0.0718615 
2704 0.074265 
2705 0.0751292 
2706 0.0751389 
2707 0.0733777 
2708 0.0720833 
2709 0.0689043 
2710 0.0672762 
2711 0.0661767 
2712 0.0665316 
2713 0.0674035 
2714 0.0676485 
2715 0.0679784 
2716 0.0682948 
2717 0.0684047 
2718 0.0683796 
2719 0.0684028 
2720 0.0680864 
2721 0.0681539 
2722 0.0697936 
2723 0.0704668 
2724 0.0715394 
2725 0.0727797 
2726 0.0733102 
2727 0.0753588 
2728 0.0796161 
2729 0.0821914 
2730 0.0872492 
2731 0.0925463 
2732 0.0944483 
2733 0.0978935 
2734 0.0999093 
2735 0.100903 
2736 0.102188 
2737 0.103108 
2738 0.103289 
2739 0.10402 
2740 0.105509 
2741 0.105876 
2742 0.106283 
2743 0.10675 
2744 0.107556 
2745 0.108133 
2746 0.109392 
2747 0.110899 
2748 0.113015 
2749 0.114861 
2750 0.115179 
2751 0.115762 
2752 0.117145 
2753 0.117143 
2754 0.118414 
2755 0.119936 
2756 0.119907 
2757 0.121169 
2758 0.121136 
2759 0.121966 
2760 0.123762 
2761 0.122463 
2762 0.123017 
2763 0.123931 
2764 0.124618 
2765 0.12602 
2766 0.126549 
2767 0.127658 
2768 0.127593 
2769 0.128341 
2770 0.128806 
2771 0.129475 
2772 0.129657 
2773 0.130015 
2774 0.130095 
2775 0.129421 
2776 0.129477 
2777 0.129477 
2778 0.130513 
2779 0.13228 
2780 0.132828 
2781 0.135949 
2782 0.137959 
2783 0.138615 
2784 0.138989 
2785 0.139556 
2786 0.139518 
2787 0.139088 
2788 0.138899 
2789 0.13956 
2790 0.140656 
2791 0.141181 
2792 0.141418 
2793 0.141196 
2794 0.140702 
2795 0.140353 
2796 0.140544 
2797 0.140922 
2798 0.141051 
2799 0.141426 
2800 0.142052 
2801 0.142342 
2802 0.14293 
2803 0.143125 
2804 0.143528 
2805 0.143553 
2806 0.144429 
2807 0.144549 
2808 0.145258 
2809 0.145297 
2810 0.145176 
2811 0.144113 
2812 0.14494 
2813 0.145255 
2814 0.146541 
2815 0.146466 
2816 0.146632 
2817 0.147078 
2818 0.146755 
2819 0.146898 
2820 0.147288 
2821 0.147535 
2822 0.148067 
2823 0.148449 
2824 0.147959 
2825 0.148034 
2826 0.147813 
2827 0.147527 
2828 0.147807 
2829 0.147938 
2830 0.147685 
2831 0.148013 
2832 0.148507 
2833 0.149039 
2834 0.149034 
2835 0.148796 
2836 0.147672 
2837 0.147743 
2838 0.147647 
2839 0.148181 
2840 0.148152 
2841 0.148044 
2842 0.147776 
2843 0.147897 
2844 0.147124 
2845 0.147486 
2846 0.147778 
2847 0.147683 
2848 0.148139 
2849 0.148993 
2850 0.151352 
2851 0.153681 
2852 0.154412 
2853 0.156663 
2854 0.157695 
2855 0.157135 
2856 0.155799 
2857 0.153931 
2858 0.153356 
2859 0.151624 
2860 0.15037 
2861 0.147049 
2862 0.146939 
2863 0.14716 
2864 0.147355 
2865 0.148167 
2866 0.148742 
2867 0.148937 
2868 0.14909 
2869 0.149564 
2870 0.150166 
2871 0.150386 
2872 0.150743 
2873 0.150943 
2874 0.150598 
2875 0.150243 
2876 0.150131 
2877 0.149531 
2878 0.149981 
2879 0.150189 
2880 0.151281 
2881 0.152593 
2882 0.153287 
2883 0.154639 
2884 0.155552 
2885 0.15614 
2886 0.155397 
2887 0.156937 
2888 0.157305 
2889 0.157776 
2890 0.159267 
2891 0.159389 
2892 0.159585 
2893 0.158843 
2894 0.159076 
2895 0.157446 
2896 0.157402 
2897 0.157604 
2898 0.158171 
2899 0.158243 
2900 0.159003 
2901 0.158594 
2902 0.158798 
2903 0.158873 
2904 0.158482 
2905 0.158403 
2906 0.158362 
2907 0.158711 
2908 0.159689 
2909 0.160006 
2910 0.159674 
2911 0.159331 
2912 0.159491 
2913 0.15946 
2914 0.15995 
2915 0.159861 
2916 0.159981 
2917 0.159755 
2918 0.159334 
2919 0.158787 
2920 0.158505 
2921 0.158461 
2922 0.158621 
2923 0.159414 
2924 0.159352 
2925 0.15947 
2926 0.158951 
2927 0.158661 
2928 0.158885 
2929 0.159464 
2930 0.15973 
2931 0.161902 
2932 0.163119 
2933 0.163654 
2934 0.164568 
2935 0.164545 
2936 0.163029 
2937 0.16287 
2938 0.163169 
2939 0.163937 
2940 0.166182 
2941 0.168538 
2942 0.170068 
2943 0.173439 
2944 0.177099 
2945 0.179078 
2946 0.183524 
2947 0.188785 
2948 0.190988 
2949 0.195774 
2950 0.200035 
2951 0.202818 
2952 0.207921 
2953 0.211157 
2954 0.212517 
2955 0.217357 
2956 0.222238 
2957 0.224678 
2958 0.229539 
2959 0.23467 
2960 0.238495 
2961 0.245174 
2962 0.249794 
2963 0.252265 
2964 0.257525 
2965 0.262394 
2966 0.264853 
2967 0.26961 
2968 0.274691 
2969 0.279115 
2970 0.28451 
2971 0.288997 
2972 0.291497 
2973 0.297693 
2974 0.304531 
2975 0.307197 
2976 0.31202 
2977 0.315666 
2978 0.317398 
2979 0.321366 
2980 0.325008 
2981 0.32647 
2982 0.332247 
2983 0.338189 
2984 0.341688 
2985 0.345905 
2986 0.357789 
2987 0.359213 
2988 0.361823 
2989 0.365905 
2990 0.36963 
2991 0.375247 
2992 0.381557 
2993 0.385598 
2994 0.392172 
2995 0.396404 
2996 0.398775 
2997 0.402726 
2998 0.412454 
2999 0.416719 
3000 0.424645 
3001 0.431676 
3002 0.436071 
3003 0.441645 
3004 0.447535 
3005 0.450183 
3006 0.456995 
3007 0.464761 
3008 0.468885 
3009 0.473746 
3010 0.480125 
3011 0.492112 
3012 0.496289 
3013 0.503775 
3014 0.506956 
3015 0.521615 
3016 0.533193 
3017 0.538995 
3018 0.546852 
3019 0.553474 
3020 0.557863 
3021 0.564635 
3022 0.568181 
3023 0.569682 
3024 0.575233 
3025 0.579086 
3026 0.580066 
3027 0.581991 
3028 0.583547 
3029 0.584356 
3030 0.58864 
3031 0.593358 
3032 0.595453 
3033 0.598023 
3034 0.600934 
3035 0.601335 
3036 0.607799 
3037 0.610679 
3038 0.611364 
3039 0.614053 
3040 0.593061 
3041 0.588223 
3042 0.584983 
3043 0.581831 
3044 0.582776 
3045 0.583042 
3046 0.584491 
3047 0.583576 
3048 0.583791 
3049 0.584236 
3050 0.582965 
3051 0.583364 
3052 0.582994 
3053 0.58224 
3054 0.581883 
3055 0.580702 
3056 0.579491 
3057 0.58185 
3058 0.584145 
3059 0.58423 
3060 0.58778 
3061 0.589082 
3062 0.591019 
3063 0.592417 
3064 0.595353 
3065 0.595702 
3066 0.596694 
3067 0.600137 
3068 0.600733 
3069 0.602328 
3070 0.605289 
3071 0.605164 
3072 0.605847 
3073 0.605521 
3074 0.606063 
3075 0.605754 
3076 0.60555 
3077 0.605797 
3078 0.604487 
3079 0.60446 
3080 0.605226 
3081 0.607078 
3082 0.611537 
3083 0.613005 
3084 0.617907 
3085 0.62147 
3086 0.62625 
3087 0.62957 
3088 0.632743 
3089 0.63561 
3090 0.635988 
3091 0.63713 
3092 0.637533 
3093 0.637147 
3094 0.634828 
3095 0.634533 
3096 0.632801 
3097 0.630224 
3098 0.629078 
3099 0.626323 
3100 0.626491 
3101 0.626138 
3102 0.624132 
3103 0.623187 
3104 0.6226 
3105 0.621624 
3106 0.620505 
3107 0.619124 
3108 0.61804 
3109 0.61729 
3110 0.616898 
3111 0.617307 
3112 0.616063 
3113 0.615833 
3114 0.615731 
3115 0.615141 
3116 0.613517 
3117 0.61207 
3118 0.610496 
3119 0.610133 
3120 0.61059 
3121 0.610513 
3122 0.610052 
3123 0.610309 
3124 0.610131 
3125 0.610878 
3126 0.612703 
3127 0.614639 
3128 0.615363 
3129 0.617079 
3130 0.620349 
3131 0.61994 
3132 0.620928 
3133 0.621821 
3134 0.622548 
3135 0.623958 
3136 0.631503 
3137 0.630883 
3138 0.631011 
3139 0.632093 
3140 0.631601 
3141 0.632006 
3142 0.632434 
3143 0.631995 
3144 0.631518 
3145 0.630716 
3146 0.630523 
3147 0.629919 
3148 0.629468 
3149 0.629034 
3150 0.628902 
3151 0.628571 
3152 0.628166 
3153 0.627953 
3154 0.627836 
3155 0.627903 
3156 0.627303 
3157 0.627249 
3158 0.627174 
3159 0.627282 
3160 0.627126 
3161 0.626275 
3162 0.626333 
3163 0.625856 
3164 0.626549 
3165 0.626009 
3166 0.62647 
3167 0.625764 
3168 0.625174 
3169 0.624196 
3170 0.624589 
3171 0.62418 
3172 0.623858 
3173 0.622529 
3174 0.622658 
3175 0.622118 
3176 0.621512 
3177 0.621784 
3178 0.623478 
3179 0.623492 
3180 0.624437 
3181 0.626551 
3182 0.62838 
3183 0.62907 
3184 0.631138 
3185 0.632305 
3186 0.63461 
3187 0.634867 
3188 0.634192 
3189 0.633067 
3190 0.633351 
3191 0.634124 
3192 0.635085 
3193 0.635939 
3194 0.636238 
3195 0.635478 
3196 0.63572 
3197 0.635231 
3198 0.634803 
3199 0.633688 
3200 0.63391 
3201 0.633185 
3202 0.633256 
3203 0.63283 
3204 0.632955 
3205 0.63304 
3206 0.632307 
3207 0.632556 
3208 0.631923 
3209 0.631782 
3210 0.631213 
3211 0.632514 
3212 0.632695 
3213 0.632274 
3214 0.633546 
3215 0.633721 
3216 0.63314 
3217 0.632542 
3218 0.632635 
3219 0.632243 
3220 0.632041 
3221 0.631632 
3222 0.631514 
3223 0.631698 
3224 0.6312 
3225 0.630951 
3226 0.630951 
3227 0.630949 
3228 0.631026 
3229 0.631136 
3230 0.631321 
3231 0.629919 
3232 0.629749 
3233 0.629506 
3234 0.629589 
3235 0.629217 
3236 0.630507 
3237 0.630077 
3238 0.629564 
3239 0.629302 
3240 0.629199 
3241 0.628931 
3242 0.628781 
3243 0.628603 
3244 0.628908 
3245 0.628713 
3246 0.628291 
3247 0.627836 
3248 0.628225 
3249 0.628316 
3250 0.628538 
3251 0.628605 
3252 0.628202 
3253 0.628302 
3254 0.628256 
3255 0.627269 
3256 0.626867 
3257 0.626968 
3258 0.627062 
3259 0.627878 
3260 0.628268 
3261 0.627542 
3262 0.627157 
3263 0.62744 
3264 0.628293 
3265 0.628455 
3266 0.62809 
3267 0.627475 
3268 0.62745 
3269 0.627762 
3270 0.628713 
3271 0.6294 
3272 0.62941 
3273 0.630195 
3274 0.630874 
3275 0.630899 
3276 0.631512 
3277 0.632834 
3278 0.633054 
3279 0.632836 
3280 0.633268 
3281 0.63348 
3282 0.633536 
3283 0.633538 
3284 0.633895 
3285 0.63401 
3286 0.641593 
3287 0.641804 
3288 0.641825 
3289 0.640758 
3290 0.640044 
3291 0.640637 
3292 0.640882 
3293 0.641028 
3294 0.642095 
3295 0.641944 
3296 0.641655 
3297 0.640548 
3298 0.640372 
3299 0.64017 
3300 0.63978 
3301 0.638916 
3302 0.63869 
3303 0.638283 
3304 0.638088 
3305 0.637695 
3306 0.637847 
3307 0.638106 
3308 0.637631 
3309 0.637539 
3310 0.638403 
3311 0.641651 
3312 0.640814 
3313 0.639662 
3314 0.639167 
3315 0.638536 
3316 0.637826 
3317 0.637602 
3318 0.636634 
3319 0.635997 
3320 0.634975 
3321 0.634755 
3322 0.63424 
3323 0.634045 
3324 0.633571 
3325 0.633875 
3326 0.633781 
3327 0.63364 
3328 0.633715 
3329 0.633486 
3330 0.633378 
3331 0.633445 
3332 0.633848 
3333 0.633241 
3334 0.632635 
3335 0.632336 
3336 0.627973 
3337 0.628048 
3338 0.627867 
3339 0.627431 
3340 0.626617 
3341 0.626524 
3342 0.626906 
3343 0.626865 
3344 0.626287 
3345 0.626269 
3346 0.625804 
3347 0.625237 
3348 0.624327 
3349 0.623904 
3350 0.624084 
3351 0.623526 
3352 0.623275 
3353 0.623175 
3354 0.623991 
3355 0.624591 
3356 0.624742 
3357 0.625733 
3358 0.62646 
3359 0.626294 
3360 0.626277 
3361 0.630598 
3362 0.629824 
3363 0.62994 
3364 0.629481 
3365 0.629284 
3366 0.627799 
3367 0.627479 
3368 0.626661 
3369 0.625756 
3370 0.62439 
3371 0.624145 
3372 0.625037 
3373 0.625579 
3374 0.625195 
3375 0.625768 
3376 0.625438 
3377 0.625351 
3378 0.625135 
3379 0.625289 
3380 0.62521 
3381 0.625357 
3382 0.624896 
3383 0.625195 
3384 0.625326 
3385 0.625114 
3386 0.624028 
3387 0.623854 
3388 0.623642 
3389 0.623503 
3390 0.623696 
3391 0.624103 
3392 0.624471 
3393 0.624371 
3394 0.624211 
3395 0.624298 
3396 0.624199 
3397 0.623943 
3398 0.624128 
3399 0.624587 
3400 0.625808 
3401 0.625901 
3402 0.626534 
3403 0.62766 
3404 0.62822 
3405 0.62876 
3406 0.628733 
3407 0.628517 
3408 0.628152 
3409 0.628009 
3410 0.627556 
3411 0.627917 
3412 0.627639 
3413 0.627498 
3414 0.62712 
3415 0.626644 
3416 0.626134 
3417 0.625434 
3418 0.625237 
3419 0.625208 
3420 0.625104 
3421 0.624767 
3422 0.624734 
3423 0.624545 
3424 0.624194 
3425 0.624261 
3426 0.624205 
3427 0.624427 
3428 0.624498 
3429 0.624471 
3430 0.624932 
3431 0.624934 
3432 0.624913 
3433 0.626258 
3434 0.626985 
3435 0.629911 
3436 0.640689 
3437 0.640764 
3438 0.640598 
3439 0.64061 
3440 0.640797 
3441 0.641186 
3442 0.641433 
3443 0.641034 
3444 0.641321 
3445 0.641854 
3446 0.642541 
3447 0.643115 
3448 0.643569 
3449 0.64365 
3450 0.644226 
3451 0.644485 
3452 0.644742 
3453 0.645253 
3454 0.645953 
3455 0.645916 
3456 0.645918 
3457 0.645519 
3458 0.645557 
3459 0.645399 
3460 0.644834 
3461 0.649138 
3462 0.649225 
3463 0.649381 
3464 0.64934 
3465 0.649622 
3466 0.649522 
3467 0.649149 
3468 0.6486 
3469 0.648002 
3470 0.647575 
3471 0.647367 
3472 0.6475 
3473 0.647344 
3474 0.646933 
3475 0.647656 
3476 0.647579 
3477 0.647722 
3478 0.647799 
3479 0.647973 
3480 0.648021 
3481 0.647973 
3482 0.647533 
3483 0.647768 
3484 0.647803 
3485 0.647679 
3486 0.647085 
3487 0.646638 
3488 0.646285 
3489 0.64614 
3490 0.646125 
3491 0.646636 
3492 0.646314 
3493 0.646329 
3494 0.645833 
3495 0.646767 
3496 0.64663 
3497 0.647261 
3498 0.647419 
3499 0.647324 
3500 0.64722 
3501 0.646995 
3502 0.64722 
3503 0.646985 
3504 0.647128 
3505 0.647052 
3506 0.647247 
3507 0.64707 
3508 0.646865 
3509 0.647056 
3510 0.647274 
3511 0.648951 
3512 0.648399 
3513 0.648385 
3514 0.648416 
3515 0.648818 
3516 0.648864 
3517 0.648733 
3518 0.648951 
3519 0.648816 
3520 0.648706 
3521 0.649153 
3522 0.648721 
3523 0.648615 
3524 0.648466 
3525 0.648985 
3526 0.649084 
3527 0.648968 
3528 0.64929 
3529 0.649269 
3530 0.649406 
3531 0.649454 
3532 0.6495 
3533 0.649444 
3534 0.64908 
3535 0.648956 
3536 0.647052 
3537 0.646971 
3538 0.647394 
3539 0.647149 
3540 0.64718 
3541 0.646699 
3542 0.647051 
3543 0.64697 
3544 0.646821 
3545 0.646422 
3546 0.646757 
3547 0.647375 
3548 0.647477 
3549 0.647413 
3550 0.64777 
3551 0.647425 
3552 0.647326 
3553 0.647425 
3554 0.647301 
3555 0.647135 
3556 0.647022 
3557 0.647097 
3558 0.646846 
3559 0.646858 
3560 0.647054 
3561 0.645338 
3562 0.645147 
3563 0.644961 
3564 0.645324 
3565 0.645613 
3566 0.646111 
3567 0.646192 
3568 0.646917 
3569 0.647467 
3570 0.649263 
3571 0.648833 
3572 0.649101 
3573 0.648818 
3574 0.64858 
3575 0.648432 
3576 0.648297 
3577 0.648023 
3578 0.648252 
3579 0.648304 
3580 0.648129 
3581 0.648611 
3582 0.648945 
3583 0.648848 
3584 0.648783 
3585 0.648538 
3586 0.648812 
3587 0.648831 
3588 0.649213 
3589 0.649221 
3590 0.649008 
3591 0.649105 
3592 0.649016 
3593 0.649172 
3594 0.648765 
3595 0.64608 
3596 0.646194 
3597 0.645922 
3598 0.645517 
3599 0.645054 
3600 0.645365 
3601 0.645764 
3602 0.645073 
3603 0.64484 
3604 0.644911 
3605 0.644931 
3606 0.645241 
3607 0.645091 
3608 0.645656 
3609 0.645974 
3610 0.645949 
3611 0.646188 
3612 0.647014 
3613 0.647614 
3614 0.648403 
3615 0.648729 
3616 0.649282 
3617 0.649782 
3618 0.650179 
3619 0.650606 
3620 0.653858 
3621 0.655567 
3622 0.656728 
3623 0.657371 
3624 0.658007 
3625 0.657826 
3626 0.657762 
3627 0.657737 
3628 0.658023 
3629 0.658434 
3630 0.658995 
3631 0.658839 
3632 0.65947 
3633 0.660581 
3634 0.661138 
3635 0.662789 
3636 0.6649 
3637 0.665409 
3638 0.666503 
3639 0.6674 
3640 0.667415 
3641 0.668492 
3642 0.66821 
3643 0.668 
3644 0.667776 
3645 0.666537 
3646 0.665343 
3647 0.66511 
3648 0.664136 
3649 0.664171 
3650 0.665091 
3651 0.665482 
3652 0.665073 
3653 0.665685 
3654 0.666051 
3655 0.665883 
3656 0.66564 
3657 0.666302 
3658 0.66614 
3659 0.665721 
3660 0.665764 
3661 0.666246 
3662 0.666192 
3663 0.665997 
3664 0.667054 
3665 0.667486 
3666 0.667469 
3667 0.66728 
3668 0.667249 
3669 0.666813 
3670 0.66016 
3671 0.659632 
3672 0.65963 
3673 0.659524 
3674 0.659365 
3675 0.658981 
3676 0.658956 
3677 0.658457 
3678 0.658561 
3679 0.65902 
3680 0.658569 
3681 0.659196 
3682 0.659352 
3683 0.659416 
3684 0.659396 
3685 0.659396 
3686 0.659512 
3687 0.660068 
3688 0.659219 
3689 0.659643 
3690 0.659275 
3691 0.659199 
3692 0.658378 
3693 0.658295 
3694 0.658322 
3695 0.65461 
3696 0.654587 
3697 0.65489 
3698 0.65424 
3699 0.654238 
3700 0.653735 
3701 0.653171 
3702 0.653665 
3703 0.654001 
3704 0.653436 
3705 0.653796 
3706 0.653289 
3707 0.652922 
3708 0.652714 
3709 0.652677 
3710 0.652436 
3711 0.651919 
3712 0.651742 
3713 0.651408 
3714 0.651221 
3715 0.651225 
3716 0.650941 
3717 0.650666 
3718 0.650899 
3719 0.650592 
3720 0.644676 
3721 0.645149 
3722 0.644589 
3723 0.644257 
3724 0.644348 
3725 0.644099 
3726 0.644209 
3727 0.643868 
3728 0.644238 
3729 0.643949 
3730 0.643883 
3731 0.643534 
3732 0.643609 
3733 0.643628 
3734 0.64391 
3735 0.643895 
3736 0.643725 
3737 0.643841 
3738 0.644226 
3739 0.643978 
3740 0.64412 
3741 0.644134 
3742 0.64412 
3743 0.643804 
3744 0.643476 
3745 0.644061 
3746 0.643906 
3747 0.644151 
3748 0.644097 
3749 0.643978 
3750 0.64391 
3751 0.643983 
3752 0.644601 
3753 0.64401 
3754 0.644041 
3755 0.642811 
3756 0.643044 
3757 0.642612 
3758 0.641653 
3759 0.640093 
3760 0.639915 
3761 0.63957 
3762 0.6393 
3763 0.638167 
3764 0.638175 
3765 0.636914 
3766 0.637255 
3767 0.636368 
3768 0.635999 
3769 0.635251 
3770 0.635475 
3771 0.635613 
3772 0.636148 
3773 0.636946 
3774 0.637664 
3775 0.637797 
3776 0.637789 
3777 0.638268 
3778 0.638094 
3779 0.638077 
3780 0.63914 
3781 0.640025 
3782 0.640756 
3783 0.640361 
3784 0.639566 
3785 0.639655 
3786 0.639275 
3787 0.639342 
3788 0.639412 
3789 0.639437 
3790 0.639267 
3791 0.639304 
3792 0.639334 
3793 0.639288 
3794 0.638709 
3795 0.640367 
3796 0.64006 
3797 0.639736 
3798 0.639014 
3799 0.638129 
3800 0.637375 
3801 0.63707 
3802 0.636564 
3803 0.636489 
3804 0.635114 
3805 0.635193 
3806 0.635106 
3807 0.634848 
3808 0.634711 
3809 0.636115 
3810 0.638673 
3811 0.640673 
3812 0.642857 
3813 0.645965 
3814 0.647253 
3815 0.647431 
3816 0.651885 
3817 0.65614 
3818 0.66592 
3819 0.67104 
3820 0.706551 
3821 0.707276 
3822 0.708409 
3823 0.70978 
3824 0.710604 
3825 0.711209 
3826 0.712174 
3827 0.713081 
3828 0.713607 
3829 0.714834 
3830 0.71561 
3831 0.716723 
3832 0.717851 
3833 0.719429 
3834 0.720357 
3835 0.720548 
3836 0.721968 
3837 0.72228 
3838 0.722481 
3839 0.723009 
3840 0.722926 
3841 0.7231 
3842 0.723167 
3843 0.723391 
3844 0.723708 
3845 0.734591 
3846 0.734456 
3847 0.734172 
3848 0.73358 
3849 0.733206 
3850 0.733503 
3851 0.732699 
3852 0.731707 
3853 0.73157 
3854 0.730656 
3855 0.730125 
3856 0.729443 
3857 0.729076 
3858 0.728709 
3859 0.72852 
3860 0.728137 
3861 0.728214 
3862 0.728003 
3863 0.72843 
3864 0.72761 
3865 0.727303 
3866 0.728627 
3867 0.7276 
3868 0.727951 
3869 0.728063 
3870 0.729518 
3871 0.729597 
3872 0.729857 
3873 0.729959 
3874 0.729915 
3875 0.729637 
3876 0.729894 
3877 0.729705 
3878 0.72979 
3879 0.729838 
3880 0.730054 
3881 0.729929 
3882 0.72952 
3883 0.727982 
3884 0.72679 
3885 0.726373 
3886 0.726852 
3887 0.726279 
3888 0.726038 
3889 0.72604 
3890 0.725469 
3891 0.725596 
3892 0.72559 
3893 0.725434 
3894 0.725224 
3895 0.727074 
3896 0.727162 
3897 0.727377 
3898 0.727785 
3899 0.727407 
3900 0.727546 
3901 0.727029 
3902 0.726011 
3903 0.727014 
3904 0.727432 
3905 0.726736 
3906 0.729668 
3907 0.729541 
3908 0.728995 
3909 0.727114 
3910 0.72615 
3911 0.725532 
3912 0.723235 
3913 0.722965 
3914 0.72233 
3915 0.722479 
3916 0.721236 
3917 0.720673 
3918 0.720289 
3919 0.718578 
3920 0.70985 
3921 0.70974 
3922 0.709601 
3923 0.710015 
3924 0.710154 
3925 0.710739 
3926 0.710716 
3927 0.710428 
3928 0.710365 
3929 0.709946 
3930 0.709003 
3931 0.709643 
3932 0.710471 
3933 0.712728 
3934 0.712631 
3935 0.712307 
3936 0.712731 
3937 0.713382 
3938 0.713274 
3939 0.714261 
3940 0.714207 
3941 0.716713 
3942 0.716559 
3943 0.717074 
3944 0.716807 
3945 0.730324 
3946 0.730172 
3947 0.728534 
3948 0.730478 
3949 0.729346 
3950 0.731684 
3951 0.729971 
3952 0.729298 
3953 0.729689 
3954 0.729932 
3955 0.729192 
3956 0.72798 
3957 0.727751 
3958 0.726935 
3959 0.727793 
3960 0.727693 
3961 0.727099 
3962 0.726833 
3963 0.727269 
3964 0.727967 
3965 0.728173 
3966 0.730978 
3967 0.730949 
3968 0.731732 
3969 0.732818 
3970 0.737469 
3971 0.735502 
3972 0.736412 
3973 0.736377 
3974 0.735442 
3975 0.735019 
3976 0.734076 
3977 0.734535 
3978 0.733862 
3979 0.73336 
3980 0.734809 
3981 0.733673 
3982 0.732948 
3983 0.732274 
3984 0.731514 
3985 0.731566 
3986 0.730652 
3987 0.729059 
3988 0.727938 
3989 0.730216 
3990 0.730241 
3991 0.731364 
3992 0.730127 
3993 0.729608 
3994 0.729358 
3995 0.732737 
3996 0.730243 
3997 0.729738 
3998 0.72934 
3999 0.729331 
4000 0.729068 
4001 0.7288 
4002 0.730403 
4003 0.729886 
4004 0.730089 
4005 0.730068 
4006 0.727535 
4007 0.728526 
4008 0.728515 
4009 0.728154 
4010 0.72836 
4011 0.728065 
4012 0.728304 
4013 0.730795 
4014 0.731667 
4015 0.731995 
4016 0.732093 
4017 0.731545 
4018 0.732658 
4019 0.732892 
4020 0.731279 
4021 0.731155 
4022 0.731672 
4023 0.731427 
4024 0.731661 
4025 0.731665 
4026 0.73184 
4027 0.731661 
4028 0.731211 
4029 0.731491 
4030 0.731057 
4031 0.732554 
4032 0.733081 
4033 0.733748 
4034 0.733565 
4035 0.733576 
4036 0.732494 
4037 0.73304 
4038 0.73222 
4039 0.730149 
4040 0.727035 
4041 0.727346 
4042 0.725617 
4043 0.722018 
4044 0.719163 
4045 0.713104 
4046 0.712375 
4047 0.712751 
4048 0.714855 
4049 0.714498 
4050 0.713829 
4051 0.712843 
4052 0.71326 
4053 0.711549 
4054 0.712205 
4055 0.711944 
4056 0.712377 
4057 0.712054 
4058 0.714093 
4059 0.712178 
4060 0.712674 
4061 0.712949 
4062 0.71413 
4063 0.715017 
4064 0.718412 
4065 0.718655 
4066 0.722504 
4067 0.72196 
4068 0.723603 
4069 0.723358 
4070 0.746013 
4071 0.743563 
4072 0.742903 
4073 0.743661 
4074 0.743032 
4075 0.743675 
4076 0.744971 
4077 0.744815 
4078 0.745363 
4079 0.745299 
4080 0.74593 
4081 0.746561 
4082 0.746603 
4083 0.746723 
4084 0.747431 
4085 0.747612 
4086 0.747039 
4087 0.747074 
4088 0.747 
4089 0.747224 
4090 0.746524 
4091 0.746896 
4092 0.746209 
4093 0.745037 
4094 0.743731 
4095 0.736051 
4096 0.734215 
4097 0.733034 
4098 0.732531 
4099 0.730847 
4100 0.730405 
4101 0.729228 
4102 0.728355 
4103 0.728451 
4104 0.727226 
4105 0.72718 
4106 0.725675 
4107 0.725571 
4108 0.726584 
4109 0.726792 
4110 0.727097 
4111 0.727978 
4112 0.72814 
4113 0.728395 
4114 0.727861 
4115 0.728204 
4116 0.728582 
4117 0.728717 
4118 0.727541 
4119 0.728933 
4120 0.733023 
4121 0.732789 
4122 0.732363 
4123 0.732656 
4124 0.733578 
4125 0.733216 
4126 0.733758 
4127 0.735237 
4128 0.736161 
4129 0.736617 
4130 0.736746 
4131 0.741155 
4132 0.74093 
4133 0.740974 
4134 0.740141 
4135 0.740029 
4136 0.738814 
4137 0.739099 
4138 0.737255 
4139 0.736742 
4140 0.736588 
4141 0.735874 
4142 0.735548 
4143 0.736227 
4144 0.73588 
4145 0.744441 
4146 0.742415 
4147 0.741209 
4148 0.74001 
4149 0.739823 
4150 0.73897 
4151 0.738181 
4152 0.73776 
4153 0.737332 
4154 0.735664 
4155 0.736088 
4156 0.735274 
4157 0.735039 
4158 0.734267 
4159 0.73299 
4160 0.732668 
4161 0.733283 
4162 0.733584 
4163 0.734578 
4164 0.734599 
4165 0.73526 
4166 0.735816 
4167 0.736763 
4168 0.738547 
4169 0.740122 
4170 0.738571 
4171 0.740388 
4172 0.742504 
4173 0.744107 
4174 0.745768 
4175 0.747764 
4176 0.747703 
4177 0.748343 
4178 0.749828 
4179 0.751925 
4180 0.753239 
4181 0.756535 
4182 0.757494 
4183 0.760098 
4184 0.761154 
4185 0.762934 
4186 0.765596 
4187 0.768177 
4188 0.768848 
4189 0.771028 
4190 0.773412 
4191 0.775581 
4192 0.778943 
4193 0.779591 
4194 0.779828 
4195 0.782467 
4196 0.781333 
4197 0.784174 
4198 0.785204 
4199 0.783895 
4200 0.78428 
4201 0.785409 
4202 0.785897 
4203 0.785959 
4204 0.785909 
4205 0.785372 
4206 0.787448 
4207 0.791497 
4208 0.792768 
4209 0.793073 
4210 0.793451 
4211 0.792766 
4212 0.793038 
4213 0.793839 
4214 0.795602 
4215 0.797168 
4216 0.800041 
4217 0.803019 
4218 0.804441 
4219 0.80602 
4220 0.805021 
4221 0.806532 
4222 0.809043 
4223 0.812155 
4224 0.814381 
4225 0.816952 
4226 0.816964 
4227 0.818607 
4228 0.81902 
4229 0.818451 
4230 0.819064 
4231 0.818927 
4232 0.818773 
4233 0.819286 
4234 0.82087 
4235 0.820314 
4236 0.820498 
4237 0.821846 
4238 0.825345 
4239 0.826389 
4240 0.823372 
4241 0.818902 
4242 0.820465 
4243 0.811674 
4244 0.808329 
4245 0.800395 
4246 0.79972 
4247 0.79816 
4248 0.797649 
4249 0.774257 
4250 0.771902 
4251 0.768605 
4252 0.766588 
4253 0.767176 
4254 0.765615 
4255 0.714416 
4256 0.713235 
4257 0.709624 
4258 0.708648 
4259 0.711931 
4260 0.713804 
4261 0.675071 
4262 0.677035 
4263 0.676611 
4264 0.6812 
4265 0.682764 
4266 0.683316 
4267 0.682737 
4268 0.685739 
4269 0.687272 
4270 0.682456 
4271 0.690677 
4272 0.69397 
4273 0.69809 
4274 0.70353 
4275 0.706165 
4276 0.706906 
4277 0.707226 
4278 0.70678 
4279 0.705459 
4280 0.704037 
4281 0.704612 
4282 0.703017 
4283 0.704693 
4284 0.702454 
4285 0.704994 
4286 0.706852 
4287 0.704479 
4288 0.705569 
4289 0.705856 
4290 0.706736 
4291 0.707477 
4292 0.706339 
4293 0.6787 
4294 0.676622 
4295 0.665656 
4296 0.667332 
4297 0.666306 
4298 0.666665 
4299 0.665284 
4300 0.663418 
4301 0.660432 
4302 0.659718 
4303 0.660465 
4304 0.659255 
4305 0.660529 
4306 0.659352 
4307 0.660532 
4308 0.659412 
4309 0.656206 
4310 0.65447 
4311 0.651916 
4312 0.656806 
4313 0.657189 
4314 0.658818 
4315 0.659772 
4316 0.658432 
4317 0.657743 
4318 0.637346 
4319 0.633179 
4320 0.625187 
4321 0.624904 
4322 0.6263 
4323 0.615108 
4324 0.610118 
4325 0.602593 
4326 0.601306 
4327 0.596096 
4328 0.585064 
4329 0.582758 
4330 0.580768 
4331 0.582049 
4332 0.583542 
4333 0.584406 
4334 0.585532 
4335 0.587878 
4336 0.589313 
4337 0.587905 
4338 0.587699 
4339 0.590201 
4340 0.591701 
4341 0.591794 
4342 0.595646 
4343 0.596265 
4344 0.597153 
4345 0.584331 
4346 0.585658 
4347 0.585868 
4348 0.585897 
4349 0.58702 
4350 0.588196 
4351 0.590799 
4352 0.591192 
4353 0.591256 
4354 0.592257 
4355 0.589389 
4356 0.586456 
4357 0.583628 
4358 0.577579 
4359 0.575563 
4360 0.571748 
4361 0.5694 
4362 0.567307 
4363 0.564786 
4364 0.56396 
4365 0.561186 
4366 0.563017 
4367 0.560473 
4368 0.559832 
4369 0.562166 
4370 0.562604 
4371 0.560386 
4372 0.561838 
4373 0.556412 
4374 0.5562 
4375 0.55374 
4376 0.551294 
4377 0.552031 
4378 0.553634 
4379 0.548451 
4380 0.548775 
4381 0.552188 
4382 0.555789 
4383 0.555066 
4384 0.557768 
4385 0.55766 
4386 0.559051 
4387 0.560602 
4388 0.55446 
4389 0.554313 
4390 0.548555 
4391 0.544502 
4392 0.544331 
4393 0.540629 
4394 0.528032 
4395 0.529585 
4396 0.522772 
4397 0.514525 
4398 0.50875 
4399 0.49977 
4400 0.492242 
4401 0.489194 
4402 0.482184 
4403 0.477359 
4404 0.476312 
4405 0.471069 
4406 0.464226 
4407 0.460808 
4408 0.454921 
4409 0.447454 
4410 0.448681 
4411 0.448277 
4412 0.445708 
4413 0.444147 
4414 0.447224 
4415 0.448866 
4416 0.45179 
4417 0.462074 
4418 0.466885 
4419 0.46787 
4420 0.471655 
4421 0.481605 
4422 0.485476 
4423 0.487108 
4424 0.490123 
4425 0.489124 
4426 0.483337 
4427 0.476642 
4428 0.473274 
4429 0.467685 
4430 0.462008 
4431 0.459944 
4432 0.457764 
4433 0.45613 
4434 0.454878 
4435 0.451318 
4436 0.448403 
4437 0.445914 
4438 0.44227 
4439 0.442475 
4440 0.440351 
4441 0.4388 
4442 0.44071 
4443 0.440432 
4444 0.43885 
4445 0.440623 
4446 0.442975 
4447 0.447174 
4448 0.452259 
4449 0.455631 
4450 0.460048 
4451 0.463098 
4452 0.462637 
4453 0.46598 
4454 0.468254 
4455 0.468929 
4456 0.469473 
4457 0.468027 
4458 0.468351 
4459 0.463169 
4460 0.458617 
4461 0.454539 
4462 0.455883 
4463 0.45337 
4464 0.453555 
4465 0.455712 
4466 0.456493 
4467 0.457355 
4468 0.463096 
4469 0.470797 
4470 0.467431 
4471 0.474051 
4472 0.476871 
4473 0.479769 
4474 0.486262 
4475 0.488316 
4476 0.476699 
4477 0.471314 
4478 0.470334 
4479 0.457323 
4480 0.458036 
4481 0.453268 
4482 0.451896 
4483 0.435343 
4484 0.432882 
4485 0.431605 
4486 0.431346 
4487 0.421111 
4488 0.419419 
4489 0.417141 
4490 0.418231 
4491 0.417936 
4492 0.419657 
4493 0.421941 
4494 0.420538 
4495 0.421406 
4496 0.429925 
4497 0.435091 
4498 0.443669 
4499 0.448108 
4500 0.452747 
4501 0.460257 
4502 0.465588 
4503 0.470968 
4504 0.491532 
4505 0.502205 
4506 0.505245 
4507 0.524149 
4508 0.529093 
4509 0.531132 
4510 0.550584 
4511 0.556655 
4512 0.556512 
4513 0.571319 
4514 0.57298 
4515 0.574985 
4516 0.59419 
4517 0.605326 
4518 0.61091 
4519 0.619144 
4520 0.626626 
4521 0.626404 
4522 0.632334 
4523 0.635293 
4524 0.634211 
4525 0.658897 
4526 0.661524 
4527 0.662699 
4528 0.663007 
4529 0.692162 
4530 0.69603 
4531 0.703827 
4532 0.703655 
4533 0.708791 
4534 0.709022 
4535 0.71326 
4536 0.712666 
4537 0.712863 
4538 0.712789 
4539 0.708864 
4540 0.702224 
4541 0.695525 
4542 0.694836 
4543 0.688823 
4544 0.684863 
4545 0.67423 
4546 0.669554 
4547 0.660941 
4548 0.657446 
4549 0.651997 
4550 0.645943 
4551 0.644248 
4552 0.639701 
4553 0.640521 
4554 0.638399 
4555 0.630762 
4556 0.627162 
4557 0.624082 
4558 0.554315 
4559 0.547456 
4560 0.546669 
4561 0.541186 
4562 0.540168 
4563 0.541088 
4564 0.539257 
4565 0.511161 
4566 0.510341 
4567 0.509126 
4568 0.510993 
4569 0.512247 
4570 0.510135 
4571 0.493424 
4572 0.490407 
4573 0.487936 
4574 0.486208 
4575 0.484878 
4576 0.479695 
4577 0.473457 
4578 0.467924 
4579 0.463636 
4580 0.45695 
4581 0.455586 
4582 0.452153 
4583 0.451584 
4584 0.453285 
4585 0.451343 
4586 0.450156 
4587 0.451734 
4588 0.449269 
4589 0.450179 
4590 0.451564 
4591 0.448166 
4592 0.458356 
4593 0.460756 
4594 0.460469 
4595 0.463295 
4596 0.465654 
4597 0.465048 
4598 0.463665 
4599 0.460681 
4600 0.460278 
4601 0.456927 
4602 0.456179 
4603 0.452145 
4604 0.453706 
4605 0.455681 
4606 0.454967 
4607 0.452085 
4608 0.451296 
4609 0.446647 
4610 0.442554 
4611 0.440718 
4612 0.434815 
4613 0.426717 
4614 0.424396 
4615 0.420747 
4616 0.416958 
4617 0.414045 
4618 0.411929 
4619 0.409782 
4620 0.405295 
4621 0.400679 
4622 0.398127 
4623 0.395768 
4624 0.368914 
4625 0.360303 
4626 0.357643 
4627 0.349196 
4628 0.346466 
4629 0.344979 
4630 0.343864 
4631 0.34537 
4632 0.346354 
4633 0.347288 
4634 0.353706 
4635 0.354506 
4636 0.355536 
4637 0.352921 
4638 0.353129 
4639 0.366551 
4640 0.37577 
4641 0.37977 
4642 0.38539 
4643 0.389786 
4644 0.391605 
4645 0.395428 
4646 0.400403 
4647 0.400214 
4648 0.403275 
4649 0.406883 
4650 0.408478 
4651 0.414255 
4652 0.413499 
4653 0.41615 
4654 0.423139 
4655 0.422978 
4656 0.424797 
4657 0.428302 
4658 0.427454 
4659 0.424894 
4660 0.410237 
4661 0.40718 
4662 0.404188 
4663 0.398559 
4664 0.393845 
4665 0.391559 
4666 0.389896 
4667 0.388133 
4668 0.391074 
4669 0.383117 
4670 0.370882 
4671 0.368823 
4672 0.363441 
4673 0.350702 
4674 0.345702 
4675 0.336346 
4676 0.305284 
4677 0.300748 
4678 0.291231 
4679 0.28148 
4680 0.267807 
4681 0.263314 
4682 0.26016 
4683 0.261761 
4684 0.264263 
4685 0.258688 
4686 0.260617 
4687 0.264091 
4688 0.269435 
4689 0.271082 
4690 0.274767 
4691 0.276329 
4692 0.277666 
4693 0.277758 
4694 0.274284 
4695 0.274666 
4696 0.2731 
4697 0.273806 
4698 0.275042 
4699 0.276343 
4700 0.27713 
4701 0.276092 
4702 0.275959 
4703 0.277373 
4704 0.276975 
4705 0.278434 
4706 0.279361 
4707 0.280436 
4708 0.283021 
4709 0.286456 
4710 0.288133 
4711 0.297649 
4712 0.307207 
4713 0.308524 
4714 0.32397 
4715 0.330129 
4716 0.333214 
4717 0.340772 
4718 0.352822 
4719 0.354124 
4720 0.364788 
4721 0.366331 
4722 0.368158 
4723 0.36789 
4724 0.37311 
4725 0.376337 
4726 0.37717 
4727 0.380237 
4728 0.381541 
4729 0.381103 
4730 0.371491 
4731 0.367967 
4732 0.365154 
4733 0.363638 
4734 0.362676 
4735 0.36103 
4736 0.357753 
4737 0.35488 
4738 0.352311 
4739 0.347106 
4740 0.346154 
4741 0.341229 
4742 0.339062 
4743 0.339223 
4744 0.337373 
4745 0.332982 
4746 0.324263 
4747 0.318193 
4748 0.3114 
4749 0.308922 
4750 0.296738 
4751 0.290187 
4752 0.289535 
4753 0.281327 
4754 0.272706 
4755 0.273038 
4756 0.267479 
4757 0.260885 
4758 0.257949 
4759 0.247731 
4760 0.239454 
4761 0.234153 
4762 0.227045 
4763 0.217976 
4764 0.214057 
4765 0.207998 
4766 0.200193 
4767 0.197222 
4768 0.189653 
4769 0.179902 
4770 0.177514 
4771 0.174541 
4772 0.167666 
4773 0.165284 
4774 0.158248 
4775 0.149416 
4776 0.144099 
4777 0.133962 
4778 0.121593 
4779 0.117307 
4780 0.109444 
4781 0.100399 
4782 0.0973958 
4783 0.0917458 
4784 0.0848457 
4785 0.0797647 
4786 0.0658102 
4787 0.0539178 
4788 0.0528299 
4789 0.0530208 
4790 0.0527623 
4791 0.0515027 
4792 0.0498495 
4793 0.0463484 
4794 0.0449286 
4795 0.0446431 
4796 0.0423862 
4797 0.0413291 
4798 0.0392496 
4799 0.0368326 
4800 0.035706 
4801 0.0333353 
4802 0.0327623 
4803 0.0325791 
4804 0.0322743 
4805 0.0322357 
4806 0.0323264 
4807 0.0322569 
4808 0.0324402 
4809 0.0324672 
4810 0.0325868 
4811 0.0326447 
4812 0.0327546 
4813 0.0327411 
4814 0.0327913 
4815 0.0329012 
4816 0.033071 
4817 0.0330478 
4818 0.0329668 
4819 0.0327701 
4820 0.0328434 
4821 0.0329398 
4822 0.0328974 
4823 0.033125 
4824 0.0332427 
4825 0.0335899 
4826 0.0337404 
4827 0.0337519 
4828 0.0338079 
4829 0.0335706 
4830 0.0335147 
4831 0.0334645 
4832 0.0334471 
4833 0.0333275 
4834 0.0358333 
4835 0.035762 
4836 0.0354379 
4837 0.0355768 
4838 0.0355883 
4839 0.0355768 
4840 0.0355266 
4841 0.035461 
4842 0.0353665 
4843 0.0352971 
4844 0.034946 
4845 0.0349228 
4846 0.0345853 
4847 0.0344425 
4848 0.0343461 
4849 0.0343056 
4850 0.0341319 
4851 0.033858 
4852 0.0337249 
4853 0.0337249 
4854 0.0333777 
4855 0.0334761 
4856 0.0333198 
4857 0.0330768 
4858 0.0327701 
4859 0.0326775 
4860 0.0322396 
4861 0.0322801 
4862 0.0323573 
4863 0.0324228 
4864 0.0323187 
4865 0.0322319 
4866 0.0318769 
4867 0.0318441 
4868 0.0318075 
4869 0.0318441 
4870 0.0319001 
4871 0.0318615 
4872 0.031848 
4873 0.0316551 
4874 0.0315085 
4875 0.0315027 
4876 0.0313542 
4877 0.0313985 
4878 0.0313137 
4879 0.0311921 
4880 0.0311092 
4881 0.0309626 
4882 0.0308912 
4883 0.0309182 
4884 0.0304514 
4885 0.0306327 
4886 0.030436 
4887 0.0306154 
4888 0.0304803 
4889 0.0304012 
4890 0.0303144 
4891 0.0303299 
4892 0.0303781 
4893 0.0305536 
4894 0.0306481 
4895 0.0305594 
4896 0.0307041 
4897 0.0311671 
4898 0.0314873 
4899 0.0323881 
4900 0.0335378 
4901 0.0341995 
4902 0.0353646 
4903 0.0360687 
4904 0.0363445 
4905 0.0363947 
4906 0.0358816 
4907 0.035544 
4908 0.0350193 
4909 0.0343017 
4910 0.0338754 
4911 0.0332697 
4912 0.0329495 
4913 0.0328221 
4914 0.0322203 
4915 0.031848 
4916 0.0330517 
4917 0.0392033 
4918 0.0462307 
4919 0.0489217 
4920 0.0534375 
4921 0.0554109 
4922 0.0566917 
4923 0.058341 
4924 0.0608372 
4925 0.0618191 
4926 0.067284 
4927 0.076086 
4928 0.0812346 
4929 0.0890953 
4930 0.0971489 
4931 0.100679 
4932 0.103964 
4933 0.107419 
4934 0.109147 
4935 0.111144 
4936 0.113862 
4937 0.11484 
4938 0.116865 
4939 0.118642 
4940 0.120089 
4941 0.122446 
4942 0.123534 
4943 0.125098 
4944 0.128663 
4945 0.131466 
4946 0.132585 
4947 0.133497 
4948 0.133829 
4949 0.131688 
4950 0.12803 
4951 0.122897 
4952 0.120791 
4953 0.117855 
4954 0.113547 
4955 0.111181 
4956 0.106919 
4957 0.102475 
4958 0.101352 
4959 0.0993171 
4960 0.100864 
4961 0.101451 
4962 0.0988812 
4963 0.0966725 
4964 0.0933796 
4965 0.0850502 
4966 0.0857774 
4967 0.0889988 
4968 0.0932407 
4969 0.0960397 
4970 0.0968769 
4971 0.0987809 
4972 0.101063 
4973 0.103906 
4974 0.106995 
4975 0.109676 
4976 0.110345 
4977 0.11173 
4978 0.110216 
4979 0.109381 
4980 0.106759 
4981 0.104776 
4982 0.104597 
4983 0.102593 
4984 0.100563 
4985 0.101314 
4986 0.103445 
4987 0.105158 
4988 0.105704 
4989 0.10702 
4990 0.108015 
4991 0.108532 
4992 0.109774 
4993 0.111931 
4994 0.112132 
4995 0.113295 
4996 0.115615 
4997 0.116368 
4998 0.117585 
4999 0.11631 
5000 0.114782 
5001 0.111146 
5002 0.108434 
5003 0.108492 
5004 0.109296 
5005 0.108517 
5006 0.106339 
5007 0.104985 
5008 0.101281 
5009 0.0991956 
5010 0.0932311 
5011 0.0891223 
5012 0.0851485 
5013 0.0772801 
5014 0.0704958 
5015 0.0666242 
5016 0.0562018 
5017 0.0457253 
5018 0.0454282 
5019 0.049647 
5020 0.0547126 
5021 0.0556115 
5022 0.0547454 
5023 0.0551292 
5024 0.0555305 
5025 0.0543171 
5026 0.053152 
5027 0.0530073 
5028 0.0496393 
5029 0.0468364 
5030 0.0455748 
5031 0.0434529 
5032 0.0418306 
5033 0.0418808 
5034 0.0424498 
5035 0.0430536 
5036 0.0431848 
5037 0.0435957 
5038 0.0441782 
5039 0.0444792 
5040 0.0450135 
5041 0.0452103 
5042 0.0455498 
5043 0.0459664 
5044 0.0480228 
5045 0.0494657 
5046 0.0536265 
5047 0.0588503 
5048 0.0618287 
5049 0.0682677 
5050 0.074186 
5051 0.0775502 
5052 0.0838715 
5053 0.0888329 
5054 0.0912172 
5055 0.0962153 
5056 0.103522 
5057 0.107323 
5058 0.113665 
5059 0.124996 
5060 0.129267 
5061 0.136678 
5062 0.143609 
5063 0.147874 
5064 0.157 
5065 0.165725 
5066 0.170237 
5067 0.178322 
5068 0.182633 
5069 0.186206 
5070 0.196125 
5071 0.203146 
5072 0.207213 
5073 0.212469 
5074 0.217814 
5075 0.220245 
5076 0.227488 
5077 0.232049 
5078 0.232068 
5079 0.23163 
5080 0.229697 
5081 0.22771 
5082 0.225266 
5083 0.221815 
5084 0.219257 
5085 0.216535 
5086 0.209589 
5087 0.207647 
5088 0.201775 
5089 0.18952 
5090 0.187089 
5091 0.182078 
5092 0.173601 
5093 0.170201 
5094 0.16689 
5095 0.164074 
5096 0.161912 
5097 0.161599 
5098 0.161202 
5099 0.161495 
5100 0.158272 
5101 0.151487 
5102 0.149309 
5103 0.145361 
5104 0.139207 
5105 0.137656 
5106 0.129715 
5107 0.122461 
5108 0.116916 
5109 0.106561 
5110 0.102479 
5111 0.0994502 
5112 0.09326 
5113 0.0905305 
5114 0.0905228 
5115 0.0875694 
5116 0.0862211 
5117 0.0841146 
5118 0.0772666 
5119 0.0729726 
5120 0.0720293 
5121 0.064863 
5122 0.0582523 
5123 0.056086 
5124 0.0508005 
5125 0.0464525 
5126 0.0443036 
5127 0.0402045 
5128 0.0364005 
5129 0.0348129 
5130 0.0327527 
5131 0.0323515 
5132 0.0321258 
5133 0.0320216 
5134 0.0323669 
5135 0.0324016 
5136 0.0323553 
5137 0.0324344 
5138 0.032473 
5139 0.0325154 
5140 0.0325463 
5141 0.0325482 
5142 0.0325077 
5143 0.0324383 
5144 0.0324518 
5145 0.0324537 
5146 0.0324441 
5147 0.032419 
5148 0.0323939 
5149 0.0323457 
5150 0.0323418 
5151 0.0323032 
5152 0.0323013 
5153 0.0322762 
5154 0.032282 
5155 0.032255 
5156 0.0322415 
5157 0.0321836 
5158 0.0322029 
5159 0.0321663 
5160 0.0322203 
5161 0.0322145 
5162 0.0322145 
5163 0.0322145 
5164 0.0322184 
5165 0.0321779 
5166 0.0321856 
5167 0.0322068 
5168 0.0322492 
5169 0.0322473 
5170 0.0322415 
5171 0.0322222 
5172 0.0322434 
5173 0.0322473 
5174 0.0322454 
5175 0.0322396 
5176 0.0322396 
5177 0.0322357 
5178 0.0322338 
5179 0.032228 
5180 0.0322434 
5181 0.0322454 
5182 0.0322473 
5183 0.0322762 
5184 0.0324267 
5185 0.0324171 
5186 0.0324171 
5187 0.0324421 
5188 0.0324479 
5189 0.0324576 
5190 0.0324363 
5191 0.0324421 
5192 0.0324441 
5193 0.032446 
5194 0.0324383 
5195 0.0322955 
5196 0.0322724 
5197 0.0323225 
5198 0.0323129 
5199 0.0323071 
5200 0.0322994 
5201 0.0322994 
5202 0.0322936 
5203 0.0323032 
5204 0.0322859 
5205 0.0322878 
5206 0.0322859 
5207 0.0322917 
5208 0.0322569 
5209 0.0322859 
5210 0.0322878 
5211 0.0322743 
5212 0.0322936 
5213 0.0322917 
5214 0.0322917 
5215 0.032309 
5216 0.032311 
5217 0.0323148 
5218 0.032311 
5219 0.0323129 
5220 0.0323843 
5221 0.0324016 
5222 0.0324016 
5223 0.0323495 
5224 0.032336 
5225 0.0323206 
5226 0.032311 
5227 0.0323167 
5228 0.0323187 
5229 0.0323071 
5230 0.0323129 
5231 0.0323129 
5232 0.0323225 
5233 0.0323225 
5234 0.0323206 
5235 0.0323148 
5236 0.0323302 
5237 0.0323341 
5238 0.0323399 
5239 0.0323437 
5240 0.0323437 
5241 0.0323437 
5242 0.0323437 
5243 0.0323418 
5244 0.0323399 
5245 0.0321566 
5246 0.0321759 
5247 0.0321914 
5248 0.0322222 
5249 0.0322512 
5250 0.0322801 
5251 0.0323476 
5252 0.0323476 
5253 0.0323437 
5254 0.0323437 
5255 0.0323245 
5256 0.0323148 
5257 0.0356269 
5258 0.0415355 
5259 0.0446335 
5260 0.0514082 
5261 0.0566532 
5262 0.0595679 
5263 0.0641281 
5264 0.0675 
5265 0.068017 
5266 0.0699788 
5267 0.0718113 
5268 0.072716 
5269 0.0746354 
5270 0.0754417 
5271 0.0766088 
5272 0.0777836 
5273 0.0787326 
5274 0.0790625 
5275 0.0807234 
5276 0.0818248 
5277 0.082282 
5278 0.083559 
5279 0.08451 
5280 0.0852122 
5281 0.0861073 
5282 0.0867245 
5283 0.0870177 
5284 0.0879205 
5285 0.0890914 
5286 0.0900116 
5287 0.0917515 
5288 0.0960532 
5289 0.0994155 
5290 0.107259 
5291 0.115021 
5292 0.119109 
5293 0.12706 
5294 0.131939 
5295 0.13484 
5296 0.140006 
5297 0.146481 
5298 0.148185 
5299 0.152843 
5300 0.156163 
5301 0.158243 
5302 0.162108 
5303 0.167072 
5304 0.168248 
5305 0.170926 
5306 0.173765 
5307 0.175584 
5308 0.178983 
5309 0.180735 
5310 0.181055 
5311 0.182409 
5312 0.183206 
5313 0.18325 
5314 0.182849 
5315 0.182047 
5316 0.180802 
5317 0.179803 
5318 0.179863 
5319 0.178459 
5320 0.177199 
5321 0.175714 
5322 0.175488 
5323 0.174491 
5324 0.172459 
5325 0.171834 
5326 0.171109 
5327 0.171802 
5328 0.172614 
5329 0.17548 
5330 0.179196 
5331 0.18071 
5332 0.180461 
5333 0.182639 
5334 0.18376 
5335 0.186715 
5336 0.188293 
5337 0.18848 
5338 0.190565 
5339 0.191782 
5340 0.19213 
5341 0.193306 
5342 0.195012 
5343 0.19553 
5344 0.19735 
5345 0.198669 
5346 0.199687 
5347 0.200258 
5348 0.200862 
5349 0.201269 
5350 0.202976 
5351 0.206528 
5352 0.208929 
5353 0.214865 
5354 0.221238 
5355 0.223567 
5356 0.229329 
5357 0.234599 
5358 0.236279 
5359 0.241252 
5360 0.245415 
5361 0.247022 
5362 0.249743 
5363 0.247247 
5364 0.248331 
5365 0.248735 
5366 0.250361 
5367 0.251049 
5368 0.248586 
5369 0.24973 
5370 0.249084 
5371 0.25 
5372 0.250789 
5373 0.251726 
5374 0.252922 
5375 0.254925 
5376 0.255285 
5377 0.256794 
5378 0.25821 
5379 0.258073 
5380 0.259778 
5381 0.260066 
5382 0.261534 
5383 0.262782 
5384 0.264591 
5385 0.266113 
5386 0.272083 
5387 0.277535 
5388 0.279921 
5389 0.284932 
5390 0.289344 
5391 0.289647 
5392 0.292494 
5393 0.295345 
5394 0.295791 
5395 0.298177 
5396 0.298879 
5397 0.29901 
5398 0.299176 
5399 0.298268 
5400 0.297502 
5401 0.296487 
5402 0.296017 
5403 0.295712 
5404 0.294446 
5405 0.294929 
5406 0.294855 
5407 0.296881 
5408 0.298268 
5409 0.299686 
5410 0.301107 
5411 0.302967 
5412 0.303054 
5413 0.304502 
5414 0.305403 
5415 0.306476 
5416 0.309612 
5417 0.315147 
5418 0.318069 
5419 0.323694 
5420 0.330465 
5421 0.332533 
5422 0.33512 
5423 0.338434 
5424 0.339458 
5425 0.342515 
5426 0.344819 
5427 0.345872 
5428 0.348266 
5429 0.351717 
5430 0.352903 
5431 0.357022 
5432 0.359317 
5433 0.359626 
5434 0.362425 
5435 0.366518 
5436 0.367836 
5437 0.371213 
5438 0.375403 
5439 0.378131 
5440 0.383135 
5441 0.386883 
5442 0.388355 
5443 0.392706 
5444 0.396578 
5445 0.394377 
5446 0.397052 
5447 0.40082 
5448 0.40179 
5449 0.404732 
5450 0.407205 
5451 0.406715 
5452 0.406821 
5453 0.405876 
5454 0.405183 
5455 0.403794 
5456 0.403515 
5457 0.4038 
5458 0.402822 
5459 0.401871 
5460 0.401038 
5461 0.400588 
5462 0.39843 
5463 0.398227 
5464 0.396217 
5465 0.394851 
5466 0.393391 
5467 0.392971 
5468 0.391595 
5469 0.391663 
5470 0.39322 
5471 0.391665 
5472 0.391379 
5473 0.390316 
5474 0.390233 
5475 0.390054 
5476 0.390492 
5477 0.392791 
5478 0.394786 
5479 0.398648 
5480 0.403439 
5481 0.40614 
5482 0.410862 
5483 0.415515 
5484 0.417934 
5485 0.422859 
5486 0.427938 
5487 0.430125 
5488 0.43516 
5489 0.440164 
5490 0.443578 
5491 0.44799 
5492 0.451323 
5493 0.454651 
5494 0.458233 
5495 0.468802 
5496 0.469423 
5497 0.470972 
5498 0.472481 
5499 0.475849 
5500 0.478794 
5501 0.482477 
5502 0.486935 
5503 0.490557 
5504 0.4944 
5505 0.495368 
5506 0.499118 
5507 0.50289 
5508 0.504412 
5509 0.505617 
5510 0.507712 
5511 0.508524 
5512 0.509981 
5513 0.511015 
5514 0.511092 
5515 0.511794 
5516 0.51229 
5517 0.512191 
5518 0.51227 
5519 0.514869 
5520 0.519319 
5521 0.522346 
5522 0.525162 
5523 0.526125 
5524 0.528833 
5525 0.531794 
5526 0.533301 
5527 0.536566 
5528 0.55 
5529 0.552564 
5530 0.559508 
5531 0.565091 
5532 0.568164 
5533 0.573902 
5534 0.578148 
5535 0.58175 
5536 0.585507 
5537 0.588509 
5538 0.590203 
5539 0.593586 
5540 0.595741 
5541 0.597355 
5542 0.598193 
5543 0.600395 
5544 0.602382 
5545 0.607122 
5546 0.608391 
5547 0.60935 
5548 0.610365 
5549 0.612176 
5550 0.613916 
5551 0.615035 
5552 0.617782 
5553 0.618754 
5554 0.620511 
5555 0.623534 
5556 0.62439 
5557 0.628148 
5558 0.630681 
5559 0.633264 
5560 0.635392 
5561 0.639599 
5562 0.640939 
5563 0.643731 
5564 0.646321 
5565 0.646665 
5566 0.64646 
5567 0.64777 
5568 0.647434 
5569 0.649616 
5570 0.646485 
5571 0.647708 
5572 0.648727 
5573 0.649043 
5574 0.649454 
5575 0.650866 
5576 0.651723 
5577 0.651584 
5578 0.651962 
5579 0.651979 
5580 0.653472 
5581 0.653879 
5582 0.653816 
5583 0.654367 
5584 0.655231 
5585 0.655984 
5586 0.655937 
5587 0.658974 
5588 0.66 
5589 0.660613 
5590 0.66223 
5591 0.663376 
5592 0.6636 
5593 0.664605 
5594 0.665839 
5595 0.671811 
5596 0.671856 
5597 0.670982 
5598 0.670988 
5599 0.670475 
5600 0.669481 
5601 0.669016 
5602 0.669495 
5603 0.669537 
5604 0.669383 
5605 0.670392 
5606 0.671757 
5607 0.671908 
5608 0.672334 
5609 0.672012 
5610 0.671813 
5611 0.670667 
5612 0.670953 
5613 0.670974 
5614 0.670606 
5615 0.67091 
5616 0.670237 
5617 0.670527 
5618 0.669979 
5619 0.66978 
5620 0.67559 
5621 0.674585 
5622 0.675386 
5623 0.674483 
5624 0.674199 
5625 0.674215 
5626 0.673679 
5627 0.673308 
5628 0.672944 
5629 0.672687 
5630 0.671983 
5631 0.671335 
5632 0.669035 
5633 0.668052 
5634 0.668123 
5635 0.667324 
5636 0.667699 
5637 0.667423 
5638 0.66751 
5639 0.667724 
5640 0.668972 
5641 0.669809 
5642 0.6718 
5643 0.677209 
5644 0.678578 
5645 0.711914 
5646 0.711227 
5647 0.711516 
5648 0.712755 
5649 0.713393 
5650 0.713461 
5651 0.71314 
5652 0.712211 
5653 0.712541 
5654 0.711883 
5655 0.712884 
5656 0.712585 
5657 0.71186 
5658 0.711497 
5659 0.712074 
5660 0.712554 
5661 0.713443 
5662 0.714502 
5663 0.715141 
5664 0.714668 
5665 0.715208 
5666 0.714707 
5667 0.715783 
5668 0.716337 
5669 0.716184 
5670 0.723057 
5671 0.722351 
5672 0.723538 
5673 0.724117 
5674 0.724416 
5675 0.724269 
5676 0.723628 
5677 0.724344 
5678 0.724568 
5679 0.723995 
5680 0.725025 
5681 0.725143 
5682 0.72501 
5683 0.723895 
5684 0.723179 
5685 0.722099 
5686 0.722139 
5687 0.721811 
5688 0.721605 
5689 0.721115 
5690 0.721526 
5691 0.721564 
5692 0.721792 
5693 0.722351 
5694 0.721796 
5695 0.72169 
5696 0.72343 
5697 0.723376 
5698 0.72325 
5699 0.724248 
5700 0.723736 
5701 0.728588 
5702 0.732288 
5703 0.732365 
5704 0.734662 
5705 0.738773 
5706 0.739082 
5707 0.739454 
5708 0.740314 
5709 0.740307 
5710 0.742342 
5711 0.749369 
5712 0.747523 
5713 0.747544 
5714 0.748698 
5715 0.749171 
5716 0.749533 
5717 0.749506 
5718 0.749894 
5719 0.74999 
5720 0.751732 
5721 0.751177 
5722 0.751578 
5723 0.751483 
5724 0.751269 
5725 0.751466 
5726 0.751636 
5727 0.751713 
5728 0.751804 
5729 0.751632 
5730 0.751593 
5731 0.751534 
5732 0.751429 
5733 0.751437 
5734 0.751665 
5735 0.751177 
5736 0.751319 
5737 0.75175 
Time taken by function: 247883940 microseconds
