Frame Number Queue Density
1 0.0756219 
2 0.0789801 
3 0.0812189 
4 0.0858209 
5 0.0932836 
6 0.0977612 
7 0.101866 
8 0.102239 
9 0.10398 
10 0.108333 
11 0.108955 
12 0.111567 
13 0.114428 
14 0.115174 
15 0.115796 
16 0.114801 
17 0.118159 
18 0.116045 
19 0.117786 
20 0.11903 
21 0.118035 
22 0.121144 
23 0.121642 
24 0.123383 
25 0.124378 
26 0.125373 
27 0.126119 
28 0.127239 
29 0.129602 
30 0.128856 
31 0.130846 
32 0.131965 
33 0.131219 
34 0.130473 
35 0.13495 
36 0.13408 
37 0.134701 
38 0.132214 
39 0.138308 
40 0.13607 
41 0.136567 
42 0.13806 
43 0.139552 
44 0.139303 
45 0.141045 
46 0.139677 
47 0.14204 
48 0.143532 
49 0.142537 
50 0.142662 
51 0.14291 
52 0.145647 
53 0.148259 
54 0.148507 
55 0.150746 
56 0.152363 
57 0.154229 
58 0.155721 
59 0.155846 
60 0.156219 
61 0.15398 
62 0.152488 
63 0.152114 
64 0.152612 
65 0.151617 
66 0.151493 
67 0.149378 
68 0.147139 
69 0.14602 
70 0.144776 
71 0.142537 
72 0.145647 
73 0.147761 
74 0.150249 
75 0.149751 
76 0.15 
77 0.151493 
78 0.151493 
79 0.15597 
80 0.16194 
81 0.160199 
82 0.162687 
83 0.165547 
84 0.167413 
85 0.172512 
86 0.174129 
87 0.177861 
88 0.180224 
89 0.18408 
90 0.187935 
91 0.194776 
92 0.196517 
93 0.195149 
94 0.195149 
95 0.195149 
96 0.196766 
97 0.197388 
98 0.198259 
99 0.197637 
100 0.197886 
101 0.199129 
102 0.197139 
103 0.199751 
104 0.198756 
105 0.197512 
106 0.2 
107 0.199876 
108 0.200124 
109 0.200622 
110 0.20597 
111 0.206219 
112 0.208333 
113 0.212687 
114 0.212189 
115 0.214303 
116 0.216418 
117 0.219154 
118 0.216667 
119 0.219652 
120 0.220149 
121 0.220274 
122 0.222388 
123 0.220771 
124 0.220025 
125 0.223259 
126 0.222637 
127 0.222886 
128 0.224254 
129 0.224129 
130 0.226244 
131 0.225995 
132 0.227612 
133 0.229229 
134 0.226368 
135 0.227239 
136 0.231095 
137 0.233333 
138 0.233706 
139 0.233955 
140 0.232711 
141 0.23806 
142 0.232587 
143 0.236318 
144 0.232836 
145 0.239055 
146 0.235821 
147 0.238682 
148 0.237189 
149 0.235448 
150 0.23607 
151 0.233955 
152 0.229229 
153 0.233333 
154 0.231965 
155 0.228234 
156 0.229104 
157 0.228731 
158 0.225124 
159 0.224751 
160 0.227488 
161 0.227114 
162 0.223881 
163 0.223134 
164 0.224129 
165 0.225995 
166 0.220647 
167 0.222015 
168 0.222388 
169 0.223507 
170 0.216418 
171 0.217289 
172 0.215423 
173 0.216169 
174 0.217786 
175 0.217413 
176 0.216418 
177 0.217413 
178 0.215299 
179 0.216169 
180 0.217164 
181 0.216791 
182 0.215796 
183 0.215547 
184 0.214303 
185 0.214428 
186 0.214428 
187 0.214179 
188 0.214428 
189 0.214552 
190 0.215174 
191 0.214428 
192 0.215299 
193 0.21592 
194 0.215299 
195 0.216667 
196 0.216791 
197 0.217413 
198 0.217413 
199 0.216791 
200 0.21592 
201 0.21592 
202 0.215796 
203 0.216542 
204 0.216294 
205 0.216667 
206 0.216791 
207 0.217289 
208 0.215672 
209 0.21592 
210 0.21592 
211 0.216418 
212 0.21704 
213 0.21704 
214 0.217413 
215 0.215672 
216 0.215299 
217 0.214801 
218 0.21505 
219 0.214801 
220 0.217413 
221 0.218408 
222 0.217786 
223 0.21791 
224 0.217289 
225 0.216791 
226 0.216791 
227 0.217662 
228 0.217662 
229 0.217289 
230 0.217786 
231 0.217413 
232 0.217537 
233 0.218284 
234 0.217289 
235 0.218532 
236 0.217786 
237 0.21791 
238 0.217164 
239 0.216667 
240 0.216169 
241 0.216169 
242 0.216791 
243 0.217662 
244 0.218284 
245 0.21505 
246 0.214303 
247 0.216542 
248 0.215672 
249 0.214428 
250 0.214925 
251 0.215174 
252 0.215672 
253 0.215299 
254 0.21505 
255 0.21393 
256 0.214428 
257 0.214552 
258 0.21306 
259 0.212935 
260 0.214179 
261 0.213557 
262 0.21393 
263 0.21306 
264 0.212811 
265 0.21393 
266 0.213557 
267 0.213557 
268 0.212935 
269 0.21306 
270 0.215672 
271 0.215174 
272 0.215423 
273 0.215423 
274 0.214801 
275 0.217537 
276 0.217537 
277 0.218781 
278 0.219776 
279 0.220522 
280 0.220522 
281 0.223632 
282 0.224378 
283 0.226493 
284 0.228358 
285 0.229975 
286 0.229851 
287 0.231219 
288 0.229353 
289 0.228856 
290 0.228234 
291 0.225871 
292 0.226244 
293 0.225995 
294 0.224378 
295 0.221766 
296 0.220149 
297 0.220771 
298 0.220771 
299 0.21903 
300 0.218532 
301 0.216915 
302 0.216542 
303 0.215547 
304 0.21393 
305 0.21505 
306 0.215672 
307 0.216045 
308 0.215423 
309 0.215547 
310 0.215547 
311 0.217786 
312 0.216667 
313 0.21505 
314 0.214179 
315 0.214925 
316 0.215423 
317 0.214552 
318 0.215796 
319 0.214677 
320 0.214055 
321 0.214428 
322 0.214428 
323 0.215423 
324 0.215174 
325 0.21505 
326 0.215672 
327 0.216542 
328 0.216791 
329 0.217413 
330 0.217786 
331 0.218035 
332 0.217289 
333 0.216418 
334 0.217537 
335 0.217164 
336 0.218035 
337 0.217786 
338 0.218657 
339 0.218532 
340 0.219154 
341 0.219776 
342 0.221642 
343 0.222139 
344 0.22301 
345 0.220398 
346 0.220274 
347 0.220771 
348 0.223259 
349 0.222015 
350 0.221144 
351 0.2199 
352 0.220274 
353 0.220896 
354 0.218408 
355 0.219154 
356 0.22102 
357 0.220025 
358 0.220274 
359 0.221269 
360 0.221642 
361 0.222139 
362 0.221642 
363 0.221891 
364 0.222139 
365 0.222761 
366 0.222388 
367 0.222139 
368 0.223134 
369 0.222388 
370 0.21903 
371 0.220398 
372 0.220149 
373 0.221269 
374 0.219776 
375 0.21903 
376 0.218532 
377 0.218284 
378 0.21791 
379 0.217786 
380 0.21704 
381 0.218532 
382 0.219527 
383 0.221144 
384 0.222264 
385 0.222264 
386 0.225498 
387 0.223134 
388 0.225498 
389 0.226741 
390 0.226368 
391 0.227363 
392 0.227488 
393 0.229851 
394 0.229975 
395 0.233458 
396 0.232836 
397 0.232836 
398 0.231716 
399 0.234577 
400 0.235697 
401 0.236194 
402 0.236443 
403 0.237189 
404 0.241294 
405 0.242537 
406 0.246269 
407 0.247761 
408 0.250373 
409 0.25398 
410 0.255597 
411 0.256841 
412 0.263682 
413 0.268284 
414 0.27102 
415 0.273632 
416 0.280597 
417 0.279726 
418 0.283333 
419 0.287065 
420 0.285821 
421 0.289552 
422 0.295522 
423 0.293532 
424 0.30199 
425 0.303856 
426 0.30796 
427 0.308209 
428 0.313557 
429 0.31592 
430 0.320149 
431 0.324378 
432 0.325871 
433 0.327488 
434 0.33296 
435 0.337562 
436 0.341045 
437 0.343781 
438 0.344279 
439 0.347015 
440 0.342662 
441 0.344403 
442 0.345025 
443 0.34291 
444 0.342537 
445 0.34801 
446 0.347637 
447 0.349254 
448 0.353109 
449 0.357463 
450 0.353731 
451 0.362935 
452 0.359577 
453 0.359328 
454 0.367537 
455 0.362687 
456 0.360572 
457 0.364801 
458 0.36791 
459 0.366418 
460 0.368905 
461 0.366169 
462 0.368657 
463 0.370647 
464 0.366418 
465 0.366418 
466 0.369154 
467 0.370896 
468 0.370025 
469 0.365796 
470 0.369154 
471 0.368408 
472 0.371269 
473 0.371269 
474 0.371891 
475 0.371269 
476 0.372388 
477 0.369154 
478 0.368284 
479 0.369652 
480 0.367662 
481 0.371642 
482 0.372264 
483 0.372512 
484 0.372637 
485 0.373259 
486 0.372139 
487 0.372264 
488 0.37102 
489 0.372015 
490 0.374129 
491 0.37301 
492 0.372761 
493 0.371144 
494 0.372139 
495 0.368035 
496 0.370398 
497 0.371269 
498 0.37102 
499 0.374254 
500 0.378731 
501 0.380597 
502 0.382214 
503 0.386816 
504 0.386194 
505 0.39092 
506 0.395149 
507 0.396517 
508 0.40398 
509 0.40796 
510 0.406095 
511 0.407587 
512 0.40995 
513 0.414925 
514 0.41704 
515 0.416294 
516 0.417289 
517 0.420896 
518 0.422388 
519 0.424502 
520 0.434826 
521 0.439801 
522 0.44204 
523 0.440547 
524 0.441542 
525 0.440547 
526 0.447637 
527 0.446517 
528 0.447637 
529 0.448881 
530 0.449129 
531 0.450249 
532 0.45199 
533 0.453607 
534 0.451493 
535 0.451741 
536 0.453856 
537 0.454353 
538 0.456965 
539 0.455846 
540 0.457338 
541 0.456095 
542 0.456343 
543 0.457836 
544 0.459826 
545 0.457587 
546 0.45597 
547 0.453109 
548 0.455348 
549 0.452612 
550 0.452363 
551 0.45 
552 0.451244 
553 0.449876 
554 0.450249 
555 0.450249 
556 0.449876 
557 0.445896 
558 0.448881 
559 0.447015 
560 0.448383 
561 0.448383 
562 0.446269 
563 0.446642 
564 0.446891 
565 0.447139 
566 0.444154 
567 0.443532 
568 0.44291 
569 0.445771 
570 0.446393 
571 0.448507 
572 0.447637 
573 0.448259 
574 0.450871 
575 0.456468 
576 0.457587 
577 0.457836 
578 0.458458 
579 0.461816 
580 0.463433 
581 0.467289 
582 0.466791 
583 0.470522 
584 0.469403 
585 0.471144 
586 0.471891 
587 0.473756 
588 0.475622 
589 0.478358 
590 0.47898 
591 0.477861 
592 0.481468 
593 0.48209 
594 0.48495 
595 0.490423 
596 0.496642 
597 0.498756 
598 0.497637 
599 0.503607 
600 0.505348 
601 0.508085 
602 0.512562 
603 0.512313 
604 0.514055 
605 0.517537 
606 0.519527 
607 0.523632 
608 0.530224 
609 0.53408 
610 0.541169 
611 0.543159 
612 0.544403 
613 0.546891 
614 0.549876 
615 0.550995 
616 0.552488 
617 0.554726 
618 0.554726 
619 0.554726 
620 0.562189 
621 0.564055 
622 0.563682 
623 0.562189 
624 0.564055 
625 0.564179 
626 0.565423 
627 0.566169 
628 0.570274 
629 0.571517 
630 0.572637 
631 0.572761 
632 0.576866 
633 0.574378 
634 0.574627 
635 0.573259 
636 0.57301 
637 0.574876 
638 0.575249 
639 0.575373 
640 0.576368 
641 0.576741 
642 0.574751 
643 0.575995 
644 0.573756 
645 0.576493 
646 0.576866 
647 0.576119 
648 0.574627 
649 0.578234 
650 0.579478 
651 0.579478 
652 0.578483 
653 0.577363 
654 0.579104 
655 0.581716 
656 0.581841 
657 0.579851 
658 0.577114 
659 0.578731 
660 0.579104 
661 0.578607 
662 0.576866 
663 0.575498 
664 0.577985 
665 0.578234 
666 0.580348 
667 0.582214 
668 0.579353 
669 0.576493 
670 0.575498 
671 0.575995 
672 0.579975 
673 0.579353 
674 0.578358 
675 0.578731 
676 0.577612 
677 0.578856 
678 0.577736 
679 0.580597 
680 0.582836 
681 0.581095 
682 0.583955 
683 0.583955 
684 0.584328 
685 0.582836 
686 0.581468 
687 0.580846 
688 0.584453 
689 0.583458 
690 0.583955 
691 0.58408 
692 0.58296 
693 0.585448 
694 0.583955 
695 0.586318 
696 0.587687 
697 0.585945 
698 0.586816 
699 0.58806 
700 0.58806 
701 0.588433 
702 0.586567 
703 0.589179 
704 0.587811 
705 0.585697 
706 0.590796 
707 0.58806 
708 0.588557 
709 0.589552 
710 0.589303 
711 0.588557 
712 0.589303 
713 0.589055 
714 0.586443 
715 0.587811 
716 0.589552 
717 0.589925 
718 0.590796 
719 0.591791 
720 0.595025 
721 0.593408 
722 0.5949 
723 0.594527 
724 0.592662 
725 0.592413 
726 0.593781 
727 0.593781 
728 0.594527 
729 0.59403 
730 0.593284 
731 0.592537 
732 0.593035 
733 0.592413 
734 0.592413 
735 0.592662 
736 0.594154 
737 0.594279 
738 0.594154 
739 0.592164 
740 0.593532 
741 0.59291 
742 0.593781 
743 0.592786 
744 0.592413 
745 0.593284 
746 0.592662 
747 0.592537 
748 0.593781 
749 0.593781 
750 0.595274 
751 0.593905 
752 0.593532 
753 0.593532 
754 0.593159 
755 0.592786 
756 0.59291 
757 0.592786 
758 0.594154 
759 0.594279 
760 0.595647 
761 0.595398 
762 0.596766 
763 0.597015 
764 0.597139 
765 0.597388 
766 0.598259 
767 0.599378 
768 0.599876 
769 0.600871 
770 0.606343 
771 0.605224 
772 0.6051 
773 0.60398 
774 0.604602 
775 0.604602 
776 0.603731 
777 0.602239 
778 0.603483 
779 0.602612 
780 0.602114 
781 0.60199 
782 0.603109 
783 0.602736 
784 0.602985 
785 0.603483 
786 0.605473 
787 0.60709 
788 0.608582 
789 0.607463 
790 0.608333 
791 0.610075 
792 0.609701 
793 0.611692 
794 0.609453 
795 0.609453 
796 0.610448 
797 0.609453 
798 0.610945 
799 0.61107 
800 0.609826 
801 0.607836 
802 0.607338 
803 0.605473 
804 0.607214 
805 0.605348 
806 0.606219 
807 0.603856 
808 0.606592 
809 0.606219 
810 0.60709 
811 0.607711 
812 0.605473 
813 0.608333 
814 0.612935 
815 0.614055 
816 0.618657 
817 0.622388 
818 0.623507 
819 0.625373 
820 0.63893 
821 0.639179 
822 0.637935 
823 0.642289 
824 0.649378 
825 0.651741 
826 0.651493 
827 0.655224 
828 0.656841 
829 0.65597 
830 0.657463 
831 0.659204 
832 0.660821 
833 0.662065 
834 0.662811 
835 0.663682 
836 0.664055 
837 0.664925 
838 0.665672 
839 0.666542 
840 0.668284 
841 0.667786 
842 0.668781 
843 0.668657 
844 0.670274 
845 0.679353 
846 0.67898 
847 0.6801 
848 0.680224 
849 0.678731 
850 0.678856 
851 0.678856 
852 0.680473 
853 0.679602 
854 0.678358 
855 0.677861 
856 0.677488 
857 0.679104 
858 0.678856 
859 0.677239 
860 0.678109 
861 0.677985 
862 0.677363 
863 0.677363 
864 0.677363 
865 0.678358 
866 0.676368 
867 0.677488 
868 0.676617 
869 0.676741 
870 0.673507 
871 0.674502 
872 0.675373 
873 0.674876 
874 0.676866 
875 0.678607 
876 0.678483 
877 0.677985 
878 0.677861 
879 0.677488 
880 0.676866 
881 0.676866 
882 0.677736 
883 0.676741 
884 0.677861 
885 0.677985 
886 0.67699 
887 0.677114 
888 0.678607 
889 0.678856 
890 0.679478 
891 0.680597 
892 0.679602 
893 0.678483 
894 0.677488 
895 0.678731 
896 0.678234 
897 0.678483 
898 0.678731 
899 0.677239 
900 0.677488 
901 0.677736 
902 0.676866 
903 0.677736 
904 0.677239 
905 0.681592 
906 0.68209 
907 0.681716 
908 0.680846 
909 0.680846 
910 0.681095 
911 0.681219 
912 0.680721 
913 0.679851 
914 0.679726 
915 0.679353 
916 0.679104 
917 0.679229 
918 0.678483 
919 0.679104 
920 0.679353 
921 0.680224 
922 0.679851 
923 0.679975 
924 0.67898 
925 0.679602 
926 0.679104 
927 0.679478 
928 0.680224 
929 0.679851 
930 0.674502 
931 0.674378 
932 0.674378 
933 0.674876 
934 0.674378 
935 0.674005 
936 0.674254 
937 0.674378 
938 0.674502 
939 0.673756 
940 0.672512 
941 0.672886 
942 0.673881 
943 0.671642 
944 0.671144 
945 0.670896 
946 0.669652 
947 0.670274 
948 0.671269 
949 0.671393 
950 0.672637 
951 0.672886 
952 0.671393 
953 0.670771 
954 0.670896 
955 0.682711 
956 0.680846 
957 0.682463 
958 0.68209 
959 0.681592 
960 0.681095 
961 0.681219 
962 0.680348 
963 0.679229 
964 0.678358 
965 0.676244 
966 0.677363 
967 0.677114 
968 0.678358 
969 0.678358 
970 0.679104 
971 0.678607 
972 0.678731 
973 0.679478 
974 0.680721 
975 0.679478 
976 0.678856 
977 0.679353 
978 0.678234 
979 0.677488 
980 0.662811 
981 0.663433 
982 0.663433 
983 0.662811 
984 0.663184 
985 0.663433 
986 0.664303 
987 0.664179 
988 0.664303 
989 0.664179 
990 0.664179 
991 0.667786 
992 0.66791 
993 0.668284 
994 0.66903 
995 0.669154 
996 0.669527 
997 0.668657 
998 0.669527 
999 0.6699 
1000 0.668781 
1001 0.667786 
1002 0.66791 
1003 0.667662 
1004 0.667164 
1005 0.666542 
1006 0.666418 
1007 0.667537 
1008 0.667786 
1009 0.66791 
1010 0.668781 
1011 0.66393 
1012 0.662935 
1013 0.665796 
1014 0.666045 
1015 0.666791 
1016 0.666791 
1017 0.665672 
1018 0.665672 
1019 0.666667 
1020 0.665547 
1021 0.665547 
1022 0.664552 
1023 0.664677 
1024 0.664801 
1025 0.66592 
1026 0.666169 
1027 0.665672 
1028 0.665796 
1029 0.665423 
1030 0.665672 
1031 0.66592 
1032 0.66505 
1033 0.664925 
1034 0.666045 
1035 0.664428 
1036 0.67102 
1037 0.669776 
1038 0.667662 
1039 0.668781 
1040 0.668159 
1041 0.667537 
1042 0.668905 
1043 0.670025 
1044 0.670274 
1045 0.66903 
1046 0.668657 
1047 0.669403 
1048 0.668781 
1049 0.668657 
1050 0.670149 
1051 0.668905 
1052 0.668905 
1053 0.670522 
1054 0.670896 
1055 0.670896 
1056 0.671517 
1057 0.67102 
1058 0.670522 
1059 0.670647 
1060 0.670896 
1061 0.661692 
1062 0.661692 
1063 0.662313 
1064 0.662313 
1065 0.662438 
1066 0.66194 
1067 0.663184 
1068 0.664552 
1069 0.663682 
1070 0.664179 
1071 0.664179 
1072 0.663433 
1073 0.663682 
1074 0.662562 
1075 0.663433 
1076 0.664179 
1077 0.66505 
1078 0.665423 
1079 0.666169 
1080 0.666542 
1081 0.66704 
1082 0.666045 
1083 0.665547 
1084 0.666667 
1085 0.66592 
1086 0.666045 
1087 0.666045 
1088 0.66592 
1089 0.66592 
1090 0.664925 
1091 0.666418 
1092 0.667413 
1093 0.667164 
1094 0.66791 
1095 0.668284 
1096 0.667289 
1097 0.667786 
1098 0.667537 
1099 0.667537 
1100 0.667164 
1101 0.666045 
1102 0.664677 
1103 0.665547 
1104 0.665299 
1105 0.66592 
1106 0.66592 
1107 0.665796 
1108 0.666169 
1109 0.666045 
1110 0.666418 
1111 0.668035 
1112 0.668408 
1113 0.666791 
1114 0.666169 
1115 0.666667 
1116 0.667537 
1117 0.667289 
1118 0.666542 
1119 0.66505 
1120 0.666169 
1121 0.665547 
1122 0.669652 
1123 0.668781 
1124 0.667289 
1125 0.668408 
1126 0.670522 
1127 0.669279 
1128 0.671393 
1129 0.671269 
1130 0.671517 
1131 0.672388 
1132 0.670647 
1133 0.670771 
1134 0.668781 
1135 0.668781 
1136 0.666791 
1137 0.668905 
1138 0.671269 
1139 0.674254 
1140 0.675498 
1141 0.676493 
1142 0.675746 
1143 0.675373 
1144 0.674502 
1145 0.675746 
1146 0.675995 
1147 0.675622 
1148 0.675249 
1149 0.675871 
1150 0.674751 
1151 0.673383 
1152 0.673507 
1153 0.672264 
1154 0.671393 
1155 0.670025 
1156 0.670398 
1157 0.670398 
1158 0.668781 
1159 0.668532 
1160 0.669279 
1161 0.661443 
1162 0.661567 
1163 0.659826 
1164 0.660075 
1165 0.658955 
1166 0.65995 
1167 0.660572 
1168 0.66194 
1169 0.660572 
1170 0.660945 
1171 0.65908 
1172 0.662562 
1173 0.66107 
1174 0.660697 
1175 0.661567 
1176 0.660572 
1177 0.660448 
1178 0.660697 
1179 0.659453 
1180 0.659577 
1181 0.660323 
1182 0.662313 
1183 0.662065 
1184 0.662189 
1185 0.662935 
1186 0.667537 
1187 0.669776 
1188 0.670522 
1189 0.671517 
1190 0.670522 
1191 0.669279 
1192 0.670522 
1193 0.670149 
1194 0.669154 
1195 0.669776 
1196 0.669403 
1197 0.671517 
1198 0.673259 
1199 0.673507 
1200 0.673134 
1201 0.671891 
1202 0.672388 
1203 0.673259 
1204 0.673632 
1205 0.671269 
1206 0.671393 
1207 0.671393 
1208 0.671517 
1209 0.670274 
1210 0.670274 
1211 0.672139 
1212 0.669652 
1213 0.66903 
1214 0.669279 
1215 0.669776 
1216 0.668532 
1217 0.669154 
1218 0.670647 
1219 0.670398 
1220 0.670771 
1221 0.670522 
1222 0.670771 
1223 0.670025 
1224 0.669527 
1225 0.671766 
1226 0.668905 
1227 0.670149 
1228 0.670149 
1229 0.671642 
1230 0.672264 
1231 0.673756 
1232 0.673881 
1233 0.671393 
1234 0.671517 
1235 0.671269 
1236 0.664055 
1237 0.662562 
1238 0.662935 
1239 0.664677 
1240 0.664179 
1241 0.66592 
1242 0.668657 
1243 0.669403 
1244 0.66704 
1245 0.669527 
1246 0.669527 
1247 0.666915 
1248 0.665672 
1249 0.662687 
1250 0.663308 
1251 0.661443 
1252 0.660697 
1253 0.660075 
1254 0.660572 
1255 0.661692 
1256 0.661567 
1257 0.661194 
1258 0.661194 
1259 0.661318 
1260 0.660821 
1261 0.658831 
1262 0.65908 
1263 0.65796 
1264 0.660075 
1265 0.660075 
1266 0.660572 
1267 0.663184 
1268 0.663557 
1269 0.664303 
1270 0.666542 
1271 0.668035 
1272 0.666915 
1273 0.666294 
1274 0.668284 
1275 0.666169 
1276 0.665672 
1277 0.66592 
1278 0.666542 
1279 0.666169 
1280 0.664428 
1281 0.663557 
1282 0.664303 
1283 0.664303 
1284 0.664677 
1285 0.664055 
1286 0.662313 
1287 0.663682 
1288 0.66393 
1289 0.662935 
1290 0.663557 
1291 0.664428 
1292 0.663806 
1293 0.663682 
1294 0.664428 
1295 0.666169 
1296 0.666791 
1297 0.665796 
1298 0.665174 
1299 0.666667 
1300 0.669279 
1301 0.668408 
1302 0.667662 
1303 0.667662 
1304 0.667786 
1305 0.668159 
1306 0.668657 
1307 0.668781 
1308 0.668905 
1309 0.66903 
1310 0.668159 
1311 0.65995 
1312 0.658831 
1313 0.658458 
1314 0.658458 
1315 0.656592 
1316 0.655348 
1317 0.654726 
1318 0.655597 
1319 0.655721 
1320 0.656965 
1321 0.656592 
1322 0.656095 
1323 0.655846 
1324 0.655473 
1325 0.654478 
1326 0.654229 
1327 0.654726 
1328 0.654478 
1329 0.653856 
1330 0.653109 
1331 0.653109 
1332 0.654602 
1333 0.653234 
1334 0.65398 
1335 0.652612 
1336 0.657587 
1337 0.658706 
1338 0.658582 
1339 0.658458 
1340 0.658333 
1341 0.658831 
1342 0.658333 
1343 0.65908 
1344 0.659453 
1345 0.660572 
1346 0.659453 
1347 0.659453 
1348 0.660075 
1349 0.659577 
1350 0.66194 
1351 0.662562 
1352 0.66393 
1353 0.662313 
1354 0.662189 
1355 0.663184 
1356 0.66393 
1357 0.664179 
1358 0.664677 
1359 0.665672 
1360 0.666045 
1361 0.662065 
1362 0.65995 
1363 0.66107 
1364 0.661567 
1365 0.662687 
1366 0.662562 
1367 0.665672 
1368 0.66592 
1369 0.664925 
1370 0.668284 
1371 0.669279 
1372 0.67102 
1373 0.674005 
1374 0.673259 
1375 0.670522 
1376 0.672637 
1377 0.674129 
1378 0.672512 
1379 0.672139 
1380 0.674502 
1381 0.67301 
1382 0.671393 
1383 0.674502 
1384 0.672264 
1385 0.672886 
1386 0.671144 
1387 0.671144 
1388 0.670398 
1389 0.670398 
1390 0.671517 
1391 0.671393 
1392 0.671144 
1393 0.673134 
1394 0.674129 
1395 0.670896 
1396 0.676866 
1397 0.676244 
1398 0.676244 
1399 0.675995 
1400 0.677736 
1401 0.678109 
1402 0.676617 
1403 0.677114 
1404 0.679975 
1405 0.681095 
1406 0.68296 
1407 0.681468 
1408 0.682587 
1409 0.683831 
1410 0.683209 
1411 0.681592 
1412 0.680721 
1413 0.679229 
1414 0.679229 
1415 0.6801 
1416 0.680473 
1417 0.683333 
1418 0.683831 
1419 0.684577 
1420 0.683955 
1421 0.686443 
1422 0.687313 
1423 0.690174 
1424 0.691667 
1425 0.693408 
1426 0.689925 
1427 0.686567 
1428 0.687313 
1429 0.688557 
1430 0.691045 
1431 0.692413 
1432 0.694527 
1433 0.694279 
1434 0.695025 
1435 0.696642 
1436 0.700746 
1437 0.703731 
1438 0.702114 
1439 0.700373 
1440 0.703607 
1441 0.701493 
1442 0.700124 
1443 0.703234 
1444 0.700249 
1445 0.702985 
1446 0.709204 
1447 0.716791 
1448 0.715547 
1449 0.714677 
1450 0.71791 
1451 0.725373 
1452 0.720771 
1453 0.72301 
1454 0.729229 
1455 0.729726 
1456 0.731965 
1457 0.73097 
1458 0.741169 
1459 0.737687 
1460 0.741045 
1461 0.743408 
1462 0.746393 
1463 0.745522 
1464 0.75 
1465 0.751493 
1466 0.749005 
1467 0.755846 
1468 0.757836 
1469 0.756965 
1470 0.75597 
1471 0.765299 
1472 0.763184 
1473 0.762065 
1474 0.762438 
1475 0.762562 
1476 0.768781 
1477 0.768408 
1478 0.764179 
1479 0.764428 
1480 0.76704 
1481 0.764801 
1482 0.771891 
1483 0.76791 
1484 0.769652 
1485 0.771144 
1486 0.770896 
1487 0.775995 
1488 0.772015 
1489 0.770647 
1490 0.769279 
1491 0.77102 
1492 0.780224 
1493 0.782587 
1494 0.777736 
1495 0.776866 
1496 0.781716 
1497 0.782338 
1498 0.784328 
1499 0.78806 
1500 0.789552 
1501 0.790423 
1502 0.789677 
1503 0.800746 
1504 0.79291 
1505 0.792786 
1506 0.796891 
1507 0.795149 
1508 0.791542 
1509 0.788806 
1510 0.79204 
1511 0.800995 
1512 0.795398 
1513 0.797512 
1514 0.794154 
1515 0.799876 
1516 0.782587 
1517 0.777736 
1518 0.775373 
1519 0.781716 
1520 0.769776 
1521 0.766791 
1522 0.731219 
1523 0.73296 
1524 0.728607 
1525 0.723756 
1526 0.718781 
1527 0.721269 
1528 0.726119 
1529 0.713682 
1530 0.722512 
1531 0.724751 
1532 0.717413 
1533 0.725622 
1534 0.716418 
1535 0.733582 
1536 0.695896 
1537 0.709701 
1538 0.707587 
1539 0.696642 
1540 0.706841 
1541 0.706095 
1542 0.697139 
1543 0.700249 
1544 0.70199 
1545 0.707338 
1546 0.714801 
1547 0.717289 
1548 0.720647 
1549 0.716915 
1550 0.693781 
1551 0.684577 
1552 0.671393 
1553 0.6699 
1554 0.665672 
1555 0.662065 
1556 0.659826 
1557 0.658209 
1558 0.664428 
1559 0.664055 
1560 0.663308 
1561 0.663308 
1562 0.657338 
1563 0.667289 
1564 0.662065 
1565 0.665174 
1566 0.668905 
1567 0.669652 
1568 0.672264 
1569 0.66107 
1570 0.672015 
1571 0.66107 
1572 0.668532 
1573 0.659453 
1574 0.665174 
1575 0.666294 
1576 0.673756 
1577 0.675373 
1578 0.679726 
1579 0.681592 
1580 0.684453 
1581 0.683458 
1582 0.680348 
1583 0.688557 
1584 0.680224 
1585 0.679726 
1586 0.672388 
1587 0.676493 
1588 0.680846 
1589 0.672761 
1590 0.676617 
1591 0.672637 
1592 0.677612 
1593 0.672512 
1594 0.67898 
1595 0.675249 
1596 0.683209 
1597 0.664179 
1598 0.665547 
1599 0.668905 
1600 0.664677 
1601 0.674254 
1602 0.677239 
1603 0.675498 
1604 0.68209 
1605 0.675498 
1606 0.672015 
1607 0.671144 
1608 0.661194 
1609 0.678856 
1610 0.677612 
1611 0.678731 
1612 0.67898 
1613 0.681219 
1614 0.681468 
1615 0.670398 
1616 0.661692 
1617 0.672139 
1618 0.654851 
1619 0.650124 
1620 0.641169 
1621 0.640547 
1622 0.638433 
1623 0.63296 
1624 0.635572 
1625 0.636443 
1626 0.632711 
1627 0.638433 
1628 0.641542 
1629 0.646393 
1630 0.641542 
1631 0.63607 
1632 0.632214 
1633 0.656343 
1634 0.645522 
1635 0.647388 
1636 0.640796 
1637 0.649129 
1638 0.641791 
1639 0.642537 
1640 0.639552 
1641 0.641791 
1642 0.637562 
1643 0.63607 
1644 0.634453 
1645 0.627488 
1646 0.639925 
1647 0.625124 
1648 0.621891 
1649 0.614055 
1650 0.613184 
1651 0.619403 
1652 0.626493 
1653 0.625124 
1654 0.620025 
1655 0.637562 
1656 0.625249 
1657 0.624751 
1658 0.629478 
1659 0.632711 
1660 0.636567 
1661 0.629229 
1662 0.633831 
1663 0.642413 
1664 0.639428 
1665 0.648134 
1666 0.653358 
1667 0.657338 
1668 0.657338 
1669 0.657836 
1670 0.665547 
1671 0.664552 
1672 0.668284 
1673 0.663308 
1674 0.662065 
1675 0.658458 
1676 0.660945 
1677 0.657711 
1678 0.660199 
1679 0.656841 
1680 0.659701 
1681 0.660075 
1682 0.649502 
1683 0.651866 
1684 0.644776 
1685 0.641542 
1686 0.62301 
1687 0.628483 
1688 0.621517 
1689 0.625995 
1690 0.625124 
1691 0.631095 
1692 0.629478 
1693 0.641667 
1694 0.648756 
1695 0.652114 
1696 0.654104 
1697 0.65796 
1698 0.665299 
1699 0.666791 
1700 0.662811 
1701 0.667537 
1702 0.663682 
1703 0.663557 
1704 0.666045 
1705 0.662811 
1706 0.660945 
1707 0.661567 
1708 0.652363 
1709 0.650124 
1710 0.641791 
1711 0.637935 
1712 0.634453 
1713 0.632214 
1714 0.629229 
1715 0.6199 
1716 0.622637 
1717 0.614179 
1718 0.619527 
1719 0.61194 
1720 0.600124 
1721 0.61306 
1722 0.603109 
1723 0.593905 
1724 0.593408 
1725 0.590672 
1726 0.591169 
1727 0.58893 
1728 0.586692 
1729 0.581716 
1730 0.58408 
1731 0.542662 
1732 0.519652 
1733 0.526617 
1734 0.503234 
1735 0.501617 
1736 0.49005 
1737 0.491667 
1738 0.482836 
1739 0.479726 
1740 0.4699 
1741 0.458458 
1742 0.450373 
1743 0.450622 
1744 0.431219 
1745 0.431841 
1746 0.424627 
1747 0.428358 
1748 0.411318 
1749 0.408458 
1750 0.394652 
1751 0.399876 
1752 0.39291 
1753 0.380846 
1754 0.374254 
1755 0.368532 
1756 0.372388 
1757 0.368408 
1758 0.369776 
1759 0.360323 
1760 0.360697 
1761 0.360448 
1762 0.361567 
1763 0.350746 
1764 0.353483 
1765 0.349627 
1766 0.348632 
1767 0.355721 
1768 0.357463 
1769 0.362313 
1770 0.359204 
1771 0.361318 
1772 0.364552 
1773 0.364552 
1774 0.365672 
1775 0.358582 
1776 0.369154 
1777 0.368284 
1778 0.367164 
1779 0.364552 
1780 0.36791 
1781 0.362811 
1782 0.365672 
1783 0.364055 
1784 0.357463 
1785 0.351741 
1786 0.357338 
1787 0.347637 
1788 0.347637 
1789 0.345647 
1790 0.340423 
1791 0.340299 
1792 0.334328 
1793 0.337687 
1794 0.321517 
1795 0.31306 
1796 0.312065 
1797 0.311443 
1798 0.305348 
1799 0.312313 
1800 0.304602 
1801 0.307214 
1802 0.304478 
1803 0.300249 
1804 0.309577 
1805 0.304478 
1806 0.312189 
1807 0.310323 
1808 0.311692 
1809 0.305597 
1810 0.301617 
1811 0.306716 
1812 0.303856 
1813 0.304726 
1814 0.305597 
1815 0.303234 
1816 0.299378 
1817 0.297388 
1818 0.287935 
1819 0.28209 
1820 0.291294 
1821 0.285323 
1822 0.278856 
1823 0.274129 
1824 0.277861 
1825 0.266169 
1826 0.266169 
1827 0.259453 
1828 0.254353 
1829 0.253109 
1830 0.250622 
1831 0.254353 
1832 0.258582 
1833 0.256219 
1834 0.251119 
1835 0.246642 
1836 0.247761 
1837 0.243035 
1838 0.245274 
1839 0.239303 
1840 0.241915 
1841 0.238682 
1842 0.237189 
1843 0.231468 
1844 0.225746 
1845 0.223632 
1846 0.21903 
1847 0.216791 
1848 0.206716 
1849 0.197264 
1850 0.198881 
1851 0.194279 
1852 0.184328 
1853 0.174627 
1854 0.176493 
1855 0.175871 
1856 0.173632 
1857 0.168408 
1858 0.166542 
1859 0.162313 
1860 0.164925 
1861 0.158085 
1862 0.15908 
1863 0.154602 
1864 0.148507 
1865 0.147015 
1866 0.155473 
1867 0.162438 
1868 0.162438 
1869 0.169154 
1870 0.1699 
1871 0.172264 
1872 0.174005 
1873 0.176368 
1874 0.174378 
1875 0.180846 
1876 0.190547 
1877 0.192289 
1878 0.205473 
1879 0.217413 
1880 0.224254 
1881 0.231468 
1882 0.235199 
1883 0.237935 
1884 0.251866 
1885 0.254229 
1886 0.248632 
1887 0.250995 
1888 0.265174 
1889 0.266667 
1890 0.272512 
1891 0.275373 
1892 0.281716 
1893 0.288806 
1894 0.294776 
1895 0.297264 
1896 0.289303 
1897 0.287438 
1898 0.289428 
1899 0.289552 
1900 0.28607 
1901 0.290672 
1902 0.300249 
1903 0.316791 
1904 0.319403 
1905 0.318781 
1906 0.337438 
1907 0.338308 
1908 0.342662 
1909 0.344279 
1910 0.343035 
1911 0.337935 
1912 0.324876 
1913 0.335448 
1914 0.326617 
1915 0.322637 
1916 0.323383 
1917 0.320274 
1918 0.31306 
1919 0.314179 
1920 0.309204 
1921 0.321517 
1922 0.306468 
1923 0.311567 
1924 0.304353 
1925 0.285323 
1926 0.283209 
1927 0.279602 
1928 0.274129 
1929 0.270522 
1930 0.268532 
1931 0.268408 
1932 0.272761 
1933 0.256095 
1934 0.258831 
1935 0.255721 
1936 0.255597 
1937 0.248134 
1938 0.257711 
1939 0.252612 
1940 0.254478 
1941 0.250746 
1942 0.24291 
1943 0.254104 
1944 0.244403 
1945 0.239801 
1946 0.239925 
1947 0.224254 
1948 0.214055 
1949 0.214801 
1950 0.197512 
1951 0.188184 
1952 0.182587 
1953 0.169279 
1954 0.162065 
1955 0.149378 
1956 0.139055 
1957 0.129851 
1958 0.126617 
1959 0.119652 
1960 0.113557 
1961 0.101866 
1962 0.0985075 
1963 0.0878109 
1964 0.0828358 
1965 0.0732587 
1966 0.0613184 
1967 0.0585821 
1968 0.0524876 
1969 0.0526119 
1970 0.0537313 
1971 0.0557214 
1972 0.0527363 
1973 0.0508706 
1974 0.0476368 
1975 0.0457711 
1976 0.0439055 
1977 0.0401741 
1978 0.039801 
1979 0.0368159 
1980 0.0365672 
1981 0.0366915 
1982 0.0365672 
1983 0.0374378 
1984 0.0371891 
1985 0.0378109 
1986 0.0366915 
1987 0.0368159 
1988 0.0366915 
1989 0.0364428 
1990 0.0359453 
1991 0.0360697 
1992 0.0375622 
1993 0.0370647 
1994 0.0374378 
1995 0.0371891 
1996 0.0369403 
1997 0.0365672 
1998 0.0365672 
1999 0.0379353 
2000 0.0390547 
2001 0.0462687 
2002 0.0569652 
2003 0.0626866 
2004 0.0779851 
2005 0.0921642 
2006 0.0997512 
2007 0.11194 
2008 0.126741 
2009 0.134453 
2010 0.148134 
2011 0.16194 
2012 0.169279 
2013 0.18209 
2014 0.198134 
2015 0.202861 
2016 0.21505 
2017 0.230348 
2018 0.231965 
2019 0.239552 
2020 0.245522 
2021 0.244776 
2022 0.247388 
2023 0.250995 
2024 0.260697 
2025 0.273259 
2026 0.279104 
2027 0.284453 
2028 0.296766 
2029 0.311816 
2030 0.313557 
2031 0.316045 
2032 0.3 
2033 0.299378 
2034 0.291915 
2035 0.289428 
2036 0.284701 
2037 0.285821 
2038 0.272139 
2039 0.27699 
2040 0.275249 
2041 0.278358 
2042 0.269154 
2043 0.264801 
2044 0.25 
2045 0.24602 
2046 0.233582 
2047 0.231219 
2048 0.225746 
2049 0.216045 
2050 0.213557 
2051 0.210945 
2052 0.209577 
2053 0.196891 
2054 0.192786 
2055 0.180597 
2056 0.179602 
2057 0.172388 
2058 0.15796 
2059 0.14801 
2060 0.137811 
2061 0.126244 
2062 0.114925 
2063 0.114055 
2064 0.107836 
2065 0.100995 
2066 0.0957711 
2067 0.0912935 
2068 0.0894279 
2069 0.0885572 
2070 0.0854478 
2071 0.0764925 
2072 0.0758706 
2073 0.07301 
2074 0.0680348 
2075 0.0640547 
2076 0.0629353 
2077 0.0623134 
2078 0.0629353 
2079 0.0579602 
2080 0.0532338 
2081 0.0514925 
2082 0.0481343 
2083 0.0430348 
2084 0.0415423 
2085 0.0415423 
2086 0.0427861 
2087 0.0419154 
2088 0.0420398 
2089 0.041791 
2090 0.0414179 
2091 0.040796 
2092 0.0406716 
2093 0.0399254 
2094 0.040796 
2095 0.0415423 
2096 0.041791 
2097 0.0429104 
2098 0.0460199 
2099 0.0477612 
2100 0.0518657 
2101 0.0574627 
2102 0.0599502 
2103 0.0661692 
2104 0.0741294 
2105 0.0782338 
2106 0.0860697 
2107 0.0926617 
2108 0.09801 
2109 0.106716 
2110 0.11704 
2111 0.122139 
2112 0.13495 
2113 0.14602 
2114 0.151493 
2115 0.16194 
2116 0.172139 
2117 0.176368 
2118 0.187313 
2119 0.201244 
2120 0.206343 
2121 0.216791 
2122 0.231592 
2123 0.239925 
2124 0.251866 
2125 0.264055 
2126 0.268657 
2127 0.281716 
2128 0.293159 
2129 0.296269 
2130 0.299378 
2131 0.310572 
2132 0.313184 
2133 0.318905 
2134 0.323756 
2135 0.320896 
2136 0.319776 
2137 0.323259 
2138 0.325995 
2139 0.323507 
2140 0.318781 
2141 0.321766 
2142 0.321517 
2143 0.322264 
2144 0.31903 
2145 0.321393 
2146 0.316542 
2147 0.316294 
2148 0.312065 
2149 0.31107 
2150 0.310821 
2151 0.300995 
2152 0.296766 
2153 0.283085 
2154 0.286692 
2155 0.282836 
2156 0.294154 
2157 0.291915 
2158 0.297761 
2159 0.292289 
2160 0.296642 
2161 0.293905 
2162 0.292413 
2163 0.293532 
2164 0.293657 
2165 0.290423 
2166 0.294652 
2167 0.288806 
2168 0.287189 
2169 0.28408 
2170 0.279975 
2171 0.282587 
2172 0.277985 
2173 0.267537 
2174 0.264303 
2175 0.255348 
2176 0.241667 
2177 0.238308 
2178 0.227736 
2179 0.215423 
2180 0.202736 
2181 0.192164 
2182 0.179104 
2183 0.179353 
2184 0.169279 
2185 0.154478 
2186 0.149627 
2187 0.139677 
2188 0.13495 
2189 0.128731 
2190 0.118159 
2191 0.108955 
2192 0.103607 
2193 0.0927861 
2194 0.0847015 
2195 0.0814677 
2196 0.0766169 
2197 0.0720149 
2198 0.0699005 
2199 0.0620647 
2200 0.0594527 
2201 0.0569652 
2202 0.0517413 
2203 0.0460199 
2204 0.0435323 
2205 0.0427861 
2206 0.0410448 
2207 0.0394279 
2208 0.0333333 
2209 0.0258706 
2210 0.0257463 
2211 0.0297264 
2212 0.0319652 
2213 0.0340796 
2214 0.0353234 
2215 0.035199 
2216 0.0343284 
2217 0.034204 
2218 0.0349502 
2219 0.0348259 
2220 0.035199 
2221 0.0338308 
2222 0.0335821 
2223 0.0334577 
2224 0.0334577 
2225 0.0334577 
2226 0.0348259 
2227 0.0356965 
2228 0.036194 
2229 0.0379353 
2230 0.0380597 
2231 0.0368159 
2232 0.0373134 
2233 0.0374378 
2234 0.0376866 
2235 0.0379353 
2236 0.0375622 
2237 0.0378109 
2238 0.0378109 
2239 0.0378109 
2240 0.0383085 
2241 0.0389303 
2242 0.0381841 
2243 0.0381841 
2244 0.0360697 
2245 0.0365672 
2246 0.0365672 
2247 0.0345771 
2248 0.0355721 
2249 0.0356965 
2250 0.0379353 
2251 0.0389303 
2252 0.0391791 
2253 0.0414179 
2254 0.041791 
2255 0.0420398 
2256 0.0425373 
2257 0.0412935 
2258 0.0425373 
2259 0.0424129 
2260 0.0440299 
2261 0.0437811 
2262 0.0439055 
2263 0.0445274 
2264 0.0447761 
2265 0.0442786 
2266 0.0471393 
2267 0.0502488 
2268 0.0588308 
2269 0.0665423 
2270 0.0705224 
2271 0.0763682 
2272 0.0787313 
2273 0.0854478 
2274 0.0900498 
2275 0.091791 
2276 0.0942786 
2277 0.0966418 
2278 0.0998756 
2279 0.100871 
2280 0.102239 
2281 0.103856 
2282 0.100498 
2283 0.107587 
2284 0.10796 
2285 0.103856 
2286 0.108955 
2287 0.111443 
2288 0.109701 
2289 0.111443 
2290 0.113433 
2291 0.111318 
2292 0.113682 
2293 0.108955 
2294 0.108209 
2295 0.108706 
2296 0.114925 
2297 0.109826 
2298 0.114801 
2299 0.119403 
2300 0.118035 
2301 0.124627 
2302 0.124751 
2303 0.124129 
2304 0.125622 
2305 0.13209 
2306 0.127985 
2307 0.131468 
2308 0.1301 
2309 0.129726 
2310 0.125995 
2311 0.119527 
2312 0.113806 
2313 0.112687 
2314 0.1051 
2315 0.104851 
2316 0.100124 
2317 0.0925373 
2318 0.0922886 
2319 0.0860697 
2320 0.0840796 
2321 0.086194 
2322 0.085199 
2323 0.0779851 
2324 0.0777363 
2325 0.0727612 
2326 0.0746269 
2327 0.0725124 
2328 0.0745025 
2329 0.0741294 
2330 0.0748756 
2331 0.0723881 
2332 0.0696517 
2333 0.0689055 
2334 0.0676617 
2335 0.0659204 
2336 0.0613184 
2337 0.0579602 
2338 0.058209 
2339 0.0568408 
2340 0.0554726 
2341 0.0553483 
2342 0.0531095 
2343 0.0511194 
2344 0.0497512 
2345 0.0472637 
2346 0.0457711 
2347 0.0470149 
2348 0.0458955 
2349 0.0460199 
2350 0.0455224 
2351 0.0455224 
2352 0.044403 
2353 0.0442786 
2354 0.0458955 
2355 0.0442786 
2356 0.0427861 
2357 0.0426617 
2358 0.0409204 
2359 0.0404229 
2360 0.0404229 
2361 0.0396766 
2362 0.0400498 
2363 0.0412935 
2364 0.0411692 
2365 0.0421642 
2366 0.0425373 
2367 0.0436567 
2368 0.0424129 
2369 0.0419154 
2370 0.0424129 
2371 0.0415423 
2372 0.043408 
2373 0.0456468 
2374 0.0449005 
2375 0.0446517 
2376 0.0439055 
2377 0.0427861 
2378 0.0431592 
2379 0.0430348 
2380 0.0429104 
2381 0.0420398 
2382 0.0420398 
2383 0.0447761 
2384 0.0485075 
2385 0.0567164 
2386 0.0630597 
2387 0.0710199 
2388 0.0774876 
2389 0.079602 
2390 0.0814677 
2391 0.0799751 
2392 0.0807214 
2393 0.0791045 
2394 0.0824627 
2395 0.0863184 
2396 0.0878109 
2397 0.0868159 
2398 0.0871891 
2399 0.0895522 
2400 0.0891791 
2401 0.0875622 
2402 0.0924129 
2403 0.0927861 
2404 0.0951493 
2405 0.0902985 
2406 0.0976368 
2407 0.0991294 
2408 0.0967662 
2409 0.101368 
2410 0.0998756 
2411 0.0995025 
2412 0.101741 
2413 0.104353 
2414 0.100622 
2415 0.0960199 
2416 0.0909204 
2417 0.0902985 
2418 0.081592 
2419 0.0784826 
2420 0.0745025 
2421 0.0660448 
2422 0.0579602 
2423 0.0552239 
2424 0.0468905 
2425 0.0379353 
2426 0.0335821 
2427 0.0252488 
2428 0.0238806 
2429 0.0257463 
2430 0.0322139 
2431 0.0333333 
2432 0.0333333 
2433 0.0419154 
2434 0.0475124 
2435 0.0521144 
2436 0.0559701 
2437 0.0548507 
2438 0.0562189 
2439 0.0600746 
2440 0.0616915 
2441 0.0641791 
2442 0.064801 
2443 0.064801 
2444 0.0691542 
2445 0.0692786 
2446 0.0723881 
2447 0.0728856 
2448 0.0725124 
2449 0.0756219 
2450 0.0738806 
2451 0.0783582 
2452 0.0802239 
2453 0.078607 
2454 0.078607 
2455 0.0791045 
2456 0.0788557 
2457 0.0762438 
2458 0.0773632 
2459 0.0788557 
2460 0.0838308 
2461 0.0849502 
2462 0.0850746 
2463 0.0837065 
2464 0.0820896 
2465 0.0788557 
2466 0.0754975 
2467 0.066791 
2468 0.064801 
2469 0.0589552 
2470 0.0539801 
2471 0.0541045 
2472 0.0507463 
2473 0.0424129 
2474 0.0431592 
2475 0.0405473 
2476 0.0369403 
2477 0.0356965 
2478 0.0325871 
2479 0.034204 
2480 0.0350746 
2481 0.0350746 
2482 0.0348259 
2483 0.0359453 
2484 0.0369403 
2485 0.0368159 
2486 0.0368159 
2487 0.0383085 
2488 0.0375622 
2489 0.0381841 
2490 0.0386816 
2491 0.0390547 
2492 0.0402985 
2493 0.0395522 
2494 0.0399254 
2495 0.0391791 
2496 0.0386816 
2497 0.0401741 
2498 0.0411692 
2499 0.0420398 
2500 0.0424129 
2501 0.0415423 
2502 0.0429104 
2503 0.0424129 
2504 0.0432836 
2505 0.0439055 
2506 0.0429104 
2507 0.0419154 
2508 0.0449005 
2509 0.0487562 
2510 0.0493781 
2511 0.056592 
2512 0.0636816 
2513 0.0681592 
2514 0.0705224 
2515 0.0700249 
2516 0.070398 
2517 0.0695274 
2518 0.070398 
2519 0.0708955 
2520 0.0743781 
2521 0.0761194 
2522 0.07699 
2523 0.0819652 
2524 0.083209 
2525 0.0840796 
2526 0.0839552 
2527 0.086194 
2528 0.0879353 
2529 0.0895522 
2530 0.090796 
2531 0.0921642 
2532 0.089801 
2533 0.0922886 
2534 0.0921642 
2535 0.093408 
2536 0.0973881 
2537 0.09801 
2538 0.093408 
2539 0.102612 
2540 0.102861 
2541 0.101119 
2542 0.0996269 
2543 0.0986318 
2544 0.103109 
2545 0.104851 
2546 0.104726 
2547 0.105846 
2548 0.107587 
2549 0.108955 
2550 0.103731 
2551 0.0991294 
2552 0.0996269 
2553 0.0958955 
2554 0.0902985 
2555 0.0874378 
2556 0.0828358 
2557 0.0722637 
2558 0.0689055 
2559 0.0606965 
2560 0.0527363 
2561 0.0472637 
2562 0.0386816 
2563 0.0277363 
2564 0.0200249 
2565 0 
2566 0.0164179 
2567 0.0220149 
2568 0.0277363 
2569 0.0288557 
2570 0.0291045 
2571 0.0287313 
2572 0.0277363 
2573 0.0273632 
2574 0.0271144 
2575 0.0272388 
2576 0.0273632 
2577 0.0274876 
2578 0.0273632 
2579 0.0273632 
2580 0.0272388 
2581 0.0273632 
2582 0.0274876 
2583 0.0276119 
2584 0.0272388 
2585 0.0271144 
2586 0.0272388 
2587 0.0272388 
2588 0.0271144 
2589 0.0271144 
2590 0.02699 
2591 0.0272388 
2592 0.0273632 
2593 0.0273632 
2594 0.0272388 
2595 0.0276119 
2596 0.0278607 
2597 0.0282338 
2598 0.0279851 
2599 0.0276119 
2600 0.0276119 
2601 0.0277363 
2602 0.0277363 
2603 0.0277363 
2604 0.0278607 
2605 0.0279851 
2606 0.0278607 
2607 0.0279851 
2608 0.0281095 
2609 0.0281095 
2610 0.0282338 
2611 0.0278607 
2612 0.0277363 
2613 0.0274876 
2614 0.0271144 
2615 0.0272388 
2616 0.0273632 
2617 0.0272388 
2618 0.02699 
2619 0.0271144 
2620 0.02699 
2621 0.0271144 
2622 0.0274876 
2623 0.0273632 
2624 0.028607 
2625 0.0328358 
2626 0.0394279 
2627 0.0426617 
2628 0.0458955 
2629 0.0503731 
2630 0.0521144 
2631 0.0531095 
2632 0.054602 
2633 0.0554726 
2634 0.0572139 
2635 0.0590796 
2636 0.0600746 
2637 0.0629353 
2638 0.0732587 
2639 0.0766169 
2640 0.0829602 
2641 0.089801 
2642 0.0924129 
2643 0.10709 
2644 0.115174 
2645 0.120522 
2646 0.128607 
2647 0.13296 
2648 0.136318 
2649 0.144652 
2650 0.145896 
2651 0.149129 
2652 0.156219 
2653 0.156468 
2654 0.15995 
2655 0.166045 
2656 0.166294 
2657 0.170647 
2658 0.179975 
2659 0.173881 
2660 0.177861 
2661 0.179229 
2662 0.17898 
2663 0.181841 
2664 0.177985 
2665 0.179104 
2666 0.174627 
2667 0.169652 
2668 0.172015 
2669 0.171144 
2670 0.167164 
2671 0.167537 
2672 0.166791 
2673 0.171393 
2674 0.171891 
2675 0.175498 
2676 0.172886 
2677 0.1801 
2678 0.174378 
2679 0.175249 
2680 0.171891 
2681 0.168657 
2682 0.15709 
2683 0.151119 
2684 0.148259 
2685 0.143657 
2686 0.142289 
2687 0.138433 
2688 0.140547 
2689 0.139801 
2690 0.138806 
2691 0.131841 
2692 0.126741 
2693 0.124005 
2694 0.1199 
2695 0.113433 
2696 0.113433 
2697 0.10597 
2698 0.0998756 
2699 0.0939055 
2700 0.0880597 
2701 0.0799751 
2702 0.0732587 
2703 0.0711443 
2704 0.0757463 
2705 0.0741294 
2706 0.0741294 
2707 0.0735075 
2708 0.0711443 
2709 0.0686567 
2710 0.0634328 
2711 0.0662935 
2712 0.0636816 
2713 0.0682836 
2714 0.0661692 
2715 0.0686567 
2716 0.0682836 
2717 0.0674129 
2718 0.0697761 
2719 0.065796 
2720 0.0680348 
2721 0.0689055 
2722 0.0687811 
2723 0.0699005 
2724 0.0715174 
2725 0.0721393 
2726 0.0716418 
2727 0.0753731 
2728 0.0797264 
2729 0.081592 
2730 0.085199 
2731 0.0929104 
2732 0.0947761 
2733 0.0971393 
2734 0.0965174 
2735 0.100124 
2736 0.0997512 
2737 0.102612 
2738 0.106219 
2739 0.102363 
2740 0.104726 
2741 0.102612 
2742 0.100373 
2743 0.106965 
2744 0.105597 
2745 0.105597 
2746 0.103109 
2747 0.107338 
2748 0.111443 
2749 0.113308 
2750 0.11704 
2751 0.120522 
2752 0.117289 
2753 0.114552 
2754 0.117786 
2755 0.11791 
2756 0.119403 
2757 0.121393 
2758 0.12102 
2759 0.123134 
2760 0.127114 
2761 0.122761 
2762 0.124627 
2763 0.126368 
2764 0.126741 
2765 0.125 
2766 0.125 
2767 0.125373 
2768 0.128358 
2769 0.125746 
2770 0.129975 
2771 0.128607 
2772 0.128607 
2773 0.130597 
2774 0.128856 
2775 0.132711 
2776 0.129229 
2777 0.128856 
2778 0.128856 
2779 0.128607 
2780 0.129851 
2781 0.133209 
2782 0.134204 
2783 0.137935 
2784 0.137687 
2785 0.140796 
2786 0.136443 
2787 0.13495 
2788 0.138806 
2789 0.136692 
2790 0.141418 
2791 0.137065 
2792 0.137935 
2793 0.136692 
2794 0.141169 
2795 0.137935 
2796 0.13806 
2797 0.14092 
2798 0.138806 
2799 0.14092 
2800 0.136443 
2801 0.135945 
2802 0.13893 
2803 0.14092 
2804 0.14204 
2805 0.141045 
2806 0.142662 
2807 0.142537 
2808 0.142786 
2809 0.142289 
2810 0.141418 
2811 0.140672 
2812 0.143035 
2813 0.142537 
2814 0.144527 
2815 0.145522 
2816 0.145522 
2817 0.146393 
2818 0.145647 
2819 0.146891 
2820 0.147264 
2821 0.146642 
2822 0.147761 
2823 0.146766 
2824 0.146891 
2825 0.14602 
2826 0.147015 
2827 0.147512 
2828 0.147264 
2829 0.147264 
2830 0.147637 
2831 0.146766 
2832 0.146393 
2833 0.145274 
2834 0.14602 
2835 0.147264 
2836 0.146144 
2837 0.145771 
2838 0.145771 
2839 0.146517 
2840 0.146642 
2841 0.145647 
2842 0.1449 
2843 0.145025 
2844 0.143781 
2845 0.144527 
2846 0.145398 
2847 0.145149 
2848 0.1449 
2849 0.145398 
2850 0.147512 
2851 0.150622 
2852 0.151368 
2853 0.153358 
2854 0.155473 
2855 0.153358 
2856 0.15199 
2857 0.150622 
2858 0.149378 
2859 0.147015 
2860 0.147512 
2861 0.143781 
2862 0.143408 
2863 0.143159 
2864 0.143035 
2865 0.143532 
2866 0.145896 
2867 0.145647 
2868 0.1449 
2869 0.14602 
2870 0.146144 
2871 0.147015 
2872 0.146766 
2873 0.146393 
2874 0.146269 
2875 0.14602 
2876 0.146766 
2877 0.145522 
2878 0.145647 
2879 0.146642 
2880 0.147512 
2881 0.148507 
2882 0.149005 
2883 0.150871 
2884 0.151119 
2885 0.151493 
2886 0.153358 
2887 0.153607 
2888 0.153358 
2889 0.154229 
2890 0.157214 
2891 0.156716 
2892 0.156592 
2893 0.155348 
2894 0.153731 
2895 0.153731 
2896 0.154726 
2897 0.154478 
2898 0.1551 
2899 0.155348 
2900 0.155473 
2901 0.155224 
2902 0.155224 
2903 0.156219 
2904 0.154851 
2905 0.155721 
2906 0.156965 
2907 0.156592 
2908 0.158955 
2909 0.157836 
2910 0.158333 
2911 0.156095 
2912 0.156841 
2913 0.157836 
2914 0.158085 
2915 0.158333 
2916 0.158333 
2917 0.158085 
2918 0.15709 
2919 0.157338 
2920 0.156343 
2921 0.156343 
2922 0.156716 
2923 0.157587 
2924 0.15709 
2925 0.156592 
2926 0.156841 
2927 0.157463 
2928 0.156343 
2929 0.158706 
2930 0.159577 
2931 0.159701 
2932 0.161692 
2933 0.162313 
2934 0.161194 
2935 0.162935 
2936 0.161194 
2937 0.160199 
2938 0.160323 
2939 0.161692 
2940 0.164055 
2941 0.165299 
2942 0.165796 
2943 0.167164 
2944 0.171891 
2945 0.174129 
2946 0.179851 
2947 0.182836 
2948 0.185697 
2949 0.190299 
2950 0.193408 
2951 0.197761 
2952 0.204851 
2953 0.206841 
2954 0.208582 
2955 0.21306 
2956 0.219154 
2957 0.219403 
2958 0.226119 
2959 0.232711 
2960 0.236567 
2961 0.241915 
2962 0.246144 
2963 0.249005 
2964 0.253109 
2965 0.258706 
2966 0.261816 
2967 0.267537 
2968 0.270398 
2969 0.275746 
2970 0.281841 
2971 0.285572 
2972 0.286567 
2973 0.293035 
2974 0.299627 
2975 0.303483 
2976 0.30796 
2977 0.312438 
2978 0.313184 
2979 0.317164 
2980 0.320647 
2981 0.323507 
2982 0.32699 
2983 0.335572 
2984 0.340796 
2985 0.343532 
2986 0.3551 
2987 0.355597 
2988 0.359204 
2989 0.364925 
2990 0.368035 
2991 0.371766 
2992 0.381343 
2993 0.38408 
2994 0.39005 
2995 0.395274 
2996 0.398259 
2997 0.402861 
2998 0.411816 
2999 0.415423 
3000 0.42301 
3001 0.432338 
3002 0.435821 
3003 0.438308 
3004 0.445896 
3005 0.446891 
3006 0.457214 
3007 0.462562 
3008 0.466045 
3009 0.471891 
3010 0.475249 
3011 0.489925 
3012 0.494154 
3013 0.502861 
3014 0.506592 
3015 0.522637 
3016 0.534577 
3017 0.535821 
3018 0.544154 
3019 0.554726 
3020 0.558209 
3021 0.563308 
3022 0.56505 
3023 0.568035 
3024 0.575871 
3025 0.574378 
3026 0.576493 
3027 0.57898 
3028 0.580348 
3029 0.579602 
3030 0.587189 
3031 0.590174 
3032 0.590547 
3033 0.592164 
3034 0.597637 
3035 0.594527 
3036 0.605846 
3037 0.607214 
3038 0.609701 
3039 0.614055 
3040 0.593159 
3041 0.583209 
3042 0.582338 
3043 0.578109 
3044 0.579229 
3045 0.580473 
3046 0.579229 
3047 0.577861 
3048 0.583582 
3049 0.578731 
3050 0.582587 
3051 0.584453 
3052 0.579478 
3053 0.580224 
3054 0.582711 
3055 0.583085 
3056 0.578483 
3057 0.579975 
3058 0.582463 
3059 0.585821 
3060 0.591915 
3061 0.591791 
3062 0.592413 
3063 0.596269 
3064 0.598383 
3065 0.597139 
3066 0.597388 
3067 0.604353 
3068 0.606841 
3069 0.603483 
3070 0.60709 
3071 0.607338 
3072 0.60995 
3073 0.60796 
3074 0.605348 
3075 0.604353 
3076 0.606219 
3077 0.605473 
3078 0.606343 
3079 0.605846 
3080 0.605348 
3081 0.605224 
3082 0.610572 
3083 0.611194 
3084 0.615672 
3085 0.621891 
3086 0.625 
3087 0.626493 
3088 0.630597 
3089 0.631219 
3090 0.631841 
3091 0.635448 
3092 0.63296 
3093 0.63607 
3094 0.629229 
3095 0.631343 
3096 0.626866 
3097 0.629975 
3098 0.621642 
3099 0.627861 
3100 0.622761 
3101 0.624751 
3102 0.624005 
3103 0.620896 
3104 0.620149 
3105 0.618781 
3106 0.618408 
3107 0.616667 
3108 0.61306 
3109 0.612189 
3110 0.612189 
3111 0.61592 
3112 0.614055 
3113 0.614179 
3114 0.609701 
3115 0.614925 
3116 0.612313 
3117 0.611318 
3118 0.608706 
3119 0.608582 
3120 0.609701 
3121 0.611318 
3122 0.609577 
3123 0.608458 
3124 0.606592 
3125 0.609328 
3126 0.612935 
3127 0.615547 
3128 0.617786 
3129 0.614801 
3130 0.620149 
3131 0.61903 
3132 0.617164 
3133 0.6199 
3134 0.621269 
3135 0.621393 
3136 0.630597 
3137 0.629229 
3138 0.631343 
3139 0.629975 
3140 0.630473 
3141 0.631468 
3142 0.632711 
3143 0.63097 
3144 0.631095 
3145 0.628856 
3146 0.627488 
3147 0.629104 
3148 0.628856 
3149 0.628731 
3150 0.626617 
3151 0.626741 
3152 0.62898 
3153 0.628731 
3154 0.62699 
3155 0.626493 
3156 0.62699 
3157 0.628358 
3158 0.629975 
3159 0.628109 
3160 0.626741 
3161 0.62301 
3162 0.624378 
3163 0.624378 
3164 0.625 
3165 0.627363 
3166 0.627488 
3167 0.625871 
3168 0.624005 
3169 0.621393 
3170 0.622139 
3171 0.622637 
3172 0.624254 
3173 0.623259 
3174 0.623881 
3175 0.623383 
3176 0.623134 
3177 0.622512 
3178 0.622637 
3179 0.624751 
3180 0.624751 
3181 0.625746 
3182 0.628234 
3183 0.630348 
3184 0.632587 
3185 0.634826 
3186 0.633706 
3187 0.634701 
3188 0.635075 
3189 0.634701 
3190 0.633582 
3191 0.633458 
3192 0.632711 
3193 0.631592 
3194 0.632214 
3195 0.631716 
3196 0.631095 
3197 0.634577 
3198 0.635075 
3199 0.635199 
3200 0.635199 
3201 0.633955 
3202 0.633955 
3203 0.632338 
3204 0.632463 
3205 0.630721 
3206 0.627985 
3207 0.628483 
3208 0.626617 
3209 0.627239 
3210 0.62699 
3211 0.631965 
3212 0.630473 
3213 0.628731 
3214 0.630224 
3215 0.6301 
3216 0.627488 
3217 0.62699 
3218 0.628856 
3219 0.627612 
3220 0.628731 
3221 0.627736 
3222 0.630224 
3223 0.629975 
3224 0.62898 
3225 0.62898 
3226 0.629602 
3227 0.629353 
3228 0.628607 
3229 0.627736 
3230 0.629353 
3231 0.626368 
3232 0.627363 
3233 0.626866 
3234 0.626617 
3235 0.623756 
3236 0.623134 
3237 0.624378 
3238 0.623881 
3239 0.622886 
3240 0.622761 
3241 0.624129 
3242 0.624751 
3243 0.624378 
3244 0.624751 
3245 0.625622 
3246 0.625124 
3247 0.623881 
3248 0.623632 
3249 0.623881 
3250 0.62301 
3251 0.624129 
3252 0.622512 
3253 0.622761 
3254 0.623507 
3255 0.620771 
3256 0.620398 
3257 0.620647 
3258 0.621269 
3259 0.622015 
3260 0.622264 
3261 0.623632 
3262 0.622637 
3263 0.622761 
3264 0.624129 
3265 0.624254 
3266 0.622886 
3267 0.622388 
3268 0.622886 
3269 0.623134 
3270 0.624502 
3271 0.625498 
3272 0.625498 
3273 0.625995 
3274 0.626741 
3275 0.626617 
3276 0.627985 
3277 0.627985 
3278 0.628731 
3279 0.628358 
3280 0.628358 
3281 0.628731 
3282 0.629104 
3283 0.630473 
3284 0.630348 
3285 0.630721 
3286 0.639552 
3287 0.64092 
3288 0.639677 
3289 0.639055 
3290 0.63806 
3291 0.638806 
3292 0.639925 
3293 0.639925 
3294 0.642537 
3295 0.640672 
3296 0.640547 
3297 0.639428 
3298 0.639925 
3299 0.639428 
3300 0.638682 
3301 0.638308 
3302 0.637811 
3303 0.638184 
3304 0.63806 
3305 0.637438 
3306 0.635821 
3307 0.636194 
3308 0.636194 
3309 0.636692 
3310 0.636194 
3311 0.641294 
3312 0.639428 
3313 0.638682 
3314 0.638557 
3315 0.638433 
3316 0.635945 
3317 0.63607 
3318 0.634328 
3319 0.633955 
3320 0.633333 
3321 0.63209 
3322 0.631219 
3323 0.630846 
3324 0.630473 
3325 0.630224 
3326 0.630224 
3327 0.629353 
3328 0.629975 
3329 0.629104 
3330 0.629478 
3331 0.630597 
3332 0.630348 
3333 0.629851 
3334 0.629104 
3335 0.629229 
3336 0.629602 
3337 0.630721 
3338 0.629602 
3339 0.627363 
3340 0.628483 
3341 0.628607 
3342 0.628607 
3343 0.629353 
3344 0.627985 
3345 0.626866 
3346 0.625249 
3347 0.624751 
3348 0.624751 
3349 0.624627 
3350 0.625 
3351 0.623756 
3352 0.623259 
3353 0.622512 
3354 0.623632 
3355 0.624751 
3356 0.625124 
3357 0.625995 
3358 0.626617 
3359 0.625746 
3360 0.625373 
3361 0.627736 
3362 0.627239 
3363 0.627612 
3364 0.626368 
3365 0.625498 
3366 0.622886 
3367 0.62301 
3368 0.620025 
3369 0.619527 
3370 0.61903 
3371 0.618781 
3372 0.620398 
3373 0.621517 
3374 0.620025 
3375 0.621393 
3376 0.620025 
3377 0.619279 
3378 0.619776 
3379 0.620274 
3380 0.619527 
3381 0.6199 
3382 0.61903 
3383 0.620398 
3384 0.620771 
3385 0.621144 
3386 0.620274 
3387 0.619652 
3388 0.619776 
3389 0.619527 
3390 0.619154 
3391 0.619652 
3392 0.620771 
3393 0.6199 
3394 0.620771 
3395 0.619776 
3396 0.620025 
3397 0.6199 
3398 0.620025 
3399 0.620896 
3400 0.622015 
3401 0.622761 
3402 0.623134 
3403 0.623881 
3404 0.624378 
3405 0.626244 
3406 0.625622 
3407 0.625373 
3408 0.625622 
3409 0.625249 
3410 0.625746 
3411 0.626368 
3412 0.625124 
3413 0.624129 
3414 0.625 
3415 0.624254 
3416 0.623632 
3417 0.622886 
3418 0.62301 
3419 0.623383 
3420 0.622264 
3421 0.623632 
3422 0.62301 
3423 0.622761 
3424 0.622264 
3425 0.622015 
3426 0.62301 
3427 0.623881 
3428 0.624005 
3429 0.624129 
3430 0.624378 
3431 0.624378 
3432 0.625373 
3433 0.626493 
3434 0.626866 
3435 0.630348 
3436 0.64092 
3437 0.640672 
3438 0.640672 
3439 0.640796 
3440 0.640796 
3441 0.641418 
3442 0.641667 
3443 0.640423 
3444 0.641169 
3445 0.64204 
3446 0.641915 
3447 0.643159 
3448 0.642289 
3449 0.642662 
3450 0.642413 
3451 0.642289 
3452 0.64291 
3453 0.643532 
3454 0.644652 
3455 0.644154 
3456 0.64403 
3457 0.643905 
3458 0.643657 
3459 0.643905 
3460 0.643159 
3461 0.649502 
3462 0.650373 
3463 0.650124 
3464 0.650622 
3465 0.649129 
3466 0.64801 
3467 0.64801 
3468 0.64801 
3469 0.647512 
3470 0.647637 
3471 0.645522 
3472 0.646517 
3473 0.646393 
3474 0.645896 
3475 0.646891 
3476 0.648134 
3477 0.647886 
3478 0.648134 
3479 0.648259 
3480 0.647264 
3481 0.647139 
3482 0.647015 
3483 0.646891 
3484 0.646891 
3485 0.647015 
3486 0.644776 
3487 0.643905 
3488 0.643408 
3489 0.643905 
3490 0.643781 
3491 0.645149 
3492 0.644527 
3493 0.645647 
3494 0.64403 
3495 0.646144 
3496 0.645149 
3497 0.646891 
3498 0.647139 
3499 0.646393 
3500 0.646766 
3501 0.64602 
3502 0.645398 
3503 0.645522 
3504 0.645398 
3505 0.645771 
3506 0.646269 
3507 0.645025 
3508 0.645274 
3509 0.645771 
3510 0.647388 
3511 0.646393 
3512 0.645896 
3513 0.645647 
3514 0.646269 
3515 0.646766 
3516 0.646642 
3517 0.646766 
3518 0.647388 
3519 0.647139 
3520 0.646393 
3521 0.646891 
3522 0.645647 
3523 0.645771 
3524 0.645771 
3525 0.645896 
3526 0.645647 
3527 0.645149 
3528 0.645896 
3529 0.645647 
3530 0.646269 
3531 0.64602 
3532 0.646517 
3533 0.646144 
3534 0.645896 
3535 0.646393 
3536 0.645025 
3537 0.644776 
3538 0.645647 
3539 0.645398 
3540 0.645025 
3541 0.64403 
3542 0.644776 
3543 0.643781 
3544 0.643781 
3545 0.642164 
3546 0.642164 
3547 0.643905 
3548 0.643532 
3549 0.643905 
3550 0.64403 
3551 0.644403 
3552 0.643905 
3553 0.644154 
3554 0.643035 
3555 0.643657 
3556 0.64403 
3557 0.644527 
3558 0.643905 
3559 0.644279 
3560 0.643905 
3561 0.645647 
3562 0.645398 
3563 0.64602 
3564 0.64602 
3565 0.647637 
3566 0.648507 
3567 0.648259 
3568 0.648134 
3569 0.646766 
3570 0.648507 
3571 0.646642 
3572 0.646642 
3573 0.646891 
3574 0.64602 
3575 0.646766 
3576 0.64602 
3577 0.645274 
3578 0.645647 
3579 0.645896 
3580 0.64602 
3581 0.646891 
3582 0.647264 
3583 0.646891 
3584 0.646517 
3585 0.646393 
3586 0.646891 
3587 0.648134 
3588 0.648632 
3589 0.649254 
3590 0.647637 
3591 0.647761 
3592 0.647264 
3593 0.647637 
3594 0.647388 
3595 0.644154 
3596 0.643905 
3597 0.645149 
3598 0.644527 
3599 0.643408 
3600 0.644403 
3601 0.644776 
3602 0.645274 
3603 0.644154 
3604 0.643905 
3605 0.64291 
3606 0.64403 
3607 0.643905 
3608 0.645274 
3609 0.645149 
3610 0.645398 
3611 0.645522 
3612 0.646517 
3613 0.647512 
3614 0.649129 
3615 0.649005 
3616 0.648383 
3617 0.65 
3618 0.650995 
3619 0.650746 
3620 0.651368 
3621 0.651741 
3622 0.652612 
3623 0.654353 
3624 0.655473 
3625 0.656219 
3626 0.656095 
3627 0.656592 
3628 0.656095 
3629 0.656095 
3630 0.656841 
3631 0.656095 
3632 0.657711 
3633 0.658085 
3634 0.658333 
3635 0.660697 
3636 0.66393 
3637 0.664552 
3638 0.665672 
3639 0.66592 
3640 0.66592 
3641 0.667164 
3642 0.666418 
3643 0.666045 
3644 0.665423 
3645 0.662811 
3646 0.661567 
3647 0.660945 
3648 0.659328 
3649 0.659826 
3650 0.660323 
3651 0.661318 
3652 0.662438 
3653 0.662811 
3654 0.662935 
3655 0.663308 
3656 0.66306 
3657 0.664801 
3658 0.663682 
3659 0.663308 
3660 0.662065 
3661 0.662065 
3662 0.662687 
3663 0.661692 
3664 0.662438 
3665 0.664179 
3666 0.664055 
3667 0.663682 
3668 0.663308 
3669 0.662313 
3670 0.656468 
3671 0.65597 
3672 0.655721 
3673 0.656095 
3674 0.654851 
3675 0.65597 
3676 0.655473 
3677 0.655473 
3678 0.655721 
3679 0.656592 
3680 0.657214 
3681 0.658706 
3682 0.659577 
3683 0.65908 
3684 0.657711 
3685 0.65796 
3686 0.657214 
3687 0.658706 
3688 0.656841 
3689 0.657587 
3690 0.656592 
3691 0.656841 
3692 0.655473 
3693 0.656095 
3694 0.655473 
3695 0.652861 
3696 0.653109 
3697 0.653109 
3698 0.65199 
3699 0.652612 
3700 0.651741 
3701 0.650498 
3702 0.654229 
3703 0.653483 
3704 0.651493 
3705 0.653234 
3706 0.652736 
3707 0.650249 
3708 0.650373 
3709 0.650871 
3710 0.651866 
3711 0.652985 
3712 0.651741 
3713 0.649876 
3714 0.650249 
3715 0.651741 
3716 0.649627 
3717 0.651617 
3718 0.651493 
3719 0.651368 
3720 0.644403 
3721 0.645149 
3722 0.642662 
3723 0.643284 
3724 0.6449 
3725 0.640672 
3726 0.644652 
3727 0.646642 
3728 0.641915 
3729 0.641542 
3730 0.641915 
3731 0.642289 
3732 0.640299 
3733 0.642164 
3734 0.645647 
3735 0.6449 
3736 0.643284 
3737 0.643408 
3738 0.645149 
3739 0.643657 
3740 0.643781 
3741 0.643284 
3742 0.645274 
3743 0.64291 
3744 0.644279 
3745 0.64602 
3746 0.644403 
3747 0.644652 
3748 0.644279 
3749 0.644154 
3750 0.644527 
3751 0.644279 
3752 0.64602 
3753 0.647512 
3754 0.646144 
3755 0.644527 
3756 0.646393 
3757 0.64602 
3758 0.644279 
3759 0.642786 
3760 0.642413 
3761 0.641667 
3762 0.642537 
3763 0.640299 
3764 0.64092 
3765 0.640672 
3766 0.641418 
3767 0.640796 
3768 0.63893 
3769 0.638308 
3770 0.637065 
3771 0.637065 
3772 0.637687 
3773 0.636816 
3774 0.638557 
3775 0.639303 
3776 0.640299 
3777 0.640299 
3778 0.640672 
3779 0.64005 
3780 0.642662 
3781 0.644527 
3782 0.6449 
3783 0.643532 
3784 0.643159 
3785 0.643532 
3786 0.643159 
3787 0.641294 
3788 0.64291 
3789 0.642289 
3790 0.64204 
3791 0.641915 
3792 0.643035 
3793 0.642786 
3794 0.642662 
3795 0.645896 
3796 0.646517 
3797 0.645398 
3798 0.644403 
3799 0.644527 
3800 0.640547 
3801 0.637811 
3802 0.637935 
3803 0.639179 
3804 0.638557 
3805 0.639677 
3806 0.637687 
3807 0.633831 
3808 0.63495 
3809 0.640796 
3810 0.645398 
3811 0.645896 
3812 0.646766 
3813 0.650498 
3814 0.65199 
3815 0.649876 
3816 0.652861 
3817 0.656095 
3818 0.667164 
3819 0.673383 
3820 0.707214 
3821 0.707836 
3822 0.710199 
3823 0.710323 
3824 0.711692 
3825 0.712811 
3826 0.714677 
3827 0.714677 
3828 0.714055 
3829 0.715423 
3830 0.716542 
3831 0.71791 
3832 0.71903 
3833 0.721891 
3834 0.723134 
3835 0.722637 
3836 0.722761 
3837 0.724129 
3838 0.724378 
3839 0.724378 
3840 0.724876 
3841 0.725 
3842 0.724627 
3843 0.725 
3844 0.725124 
3845 0.736692 
3846 0.737562 
3847 0.736816 
3848 0.735821 
3849 0.73607 
3850 0.735821 
3851 0.73408 
3852 0.732836 
3853 0.732836 
3854 0.732214 
3855 0.732214 
3856 0.73097 
3857 0.731219 
3858 0.731095 
3859 0.731343 
3860 0.731965 
3861 0.731343 
3862 0.731716 
3863 0.731343 
3864 0.731219 
3865 0.730846 
3866 0.731592 
3867 0.730846 
3868 0.731219 
3869 0.731219 
3870 0.733085 
3871 0.731219 
3872 0.730473 
3873 0.729975 
3874 0.729975 
3875 0.731965 
3876 0.733333 
3877 0.732836 
3878 0.733333 
3879 0.732463 
3880 0.732836 
3881 0.732214 
3882 0.733085 
3883 0.730348 
3884 0.72898 
3885 0.728731 
3886 0.729353 
3887 0.728856 
3888 0.728109 
3889 0.728856 
3890 0.727736 
3891 0.728109 
3892 0.728856 
3893 0.728109 
3894 0.728358 
3895 0.732338 
3896 0.729602 
3897 0.729353 
3898 0.728483 
3899 0.728109 
3900 0.727985 
3901 0.72699 
3902 0.727736 
3903 0.728483 
3904 0.728358 
3905 0.727114 
3906 0.73097 
3907 0.730348 
3908 0.730597 
3909 0.727612 
3910 0.728109 
3911 0.727985 
3912 0.724378 
3913 0.724627 
3914 0.725498 
3915 0.724627 
3916 0.724005 
3917 0.724005 
3918 0.722761 
3919 0.722139 
3920 0.712935 
3921 0.712687 
3922 0.712438 
3923 0.713806 
3924 0.712935 
3925 0.714179 
3926 0.713682 
3927 0.714179 
3928 0.714677 
3929 0.714677 
3930 0.713184 
3931 0.713433 
3932 0.71505 
3933 0.716915 
3934 0.717662 
3935 0.717537 
3936 0.718532 
3937 0.718781 
3938 0.718657 
3939 0.718905 
3940 0.718284 
3941 0.721891 
3942 0.721393 
3943 0.720771 
3944 0.720025 
3945 0.733209 
3946 0.733582 
3947 0.730846 
3948 0.733209 
3949 0.732587 
3950 0.734328 
3951 0.733209 
3952 0.733458 
3953 0.734701 
3954 0.735075 
3955 0.73408 
3956 0.732836 
3957 0.73209 
3958 0.731095 
3959 0.73209 
3960 0.73097 
3961 0.731343 
3962 0.731343 
3963 0.730473 
3964 0.730473 
3965 0.730846 
3966 0.73408 
3967 0.734577 
3968 0.735199 
3969 0.735572 
3970 0.741667 
3971 0.739303 
3972 0.741667 
3973 0.741667 
3974 0.741045 
3975 0.739303 
3976 0.74005 
3977 0.739552 
3978 0.739428 
3979 0.737935 
3980 0.741542 
3981 0.74005 
3982 0.739552 
3983 0.739552 
3984 0.737935 
3985 0.737438 
3986 0.73607 
3987 0.734577 
3988 0.734328 
3989 0.735199 
3990 0.734826 
3991 0.736318 
3992 0.734577 
3993 0.734204 
3994 0.73408 
3995 0.737189 
3996 0.734577 
3997 0.735323 
3998 0.733831 
3999 0.733582 
4000 0.73296 
4001 0.733209 
4002 0.73495 
4003 0.735572 
4004 0.736318 
4005 0.735572 
4006 0.732338 
4007 0.733333 
4008 0.733333 
4009 0.733706 
4010 0.733085 
4011 0.733458 
4012 0.733831 
4013 0.73607 
4014 0.736692 
4015 0.73694 
4016 0.737935 
4017 0.737189 
4018 0.73806 
4019 0.737811 
4020 0.73607 
4021 0.734826 
4022 0.733955 
4023 0.733085 
4024 0.734577 
4025 0.733955 
4026 0.733955 
4027 0.734204 
4028 0.732836 
4029 0.733458 
4030 0.732836 
4031 0.735323 
4032 0.736692 
4033 0.736816 
4034 0.735697 
4035 0.736318 
4036 0.735448 
4037 0.735821 
4038 0.735199 
4039 0.732587 
4040 0.731095 
4041 0.731343 
4042 0.730224 
4043 0.725995 
4044 0.722886 
4045 0.719403 
4046 0.718532 
4047 0.71791 
4048 0.720274 
4049 0.721269 
4050 0.720398 
4051 0.719776 
4052 0.7199 
4053 0.717786 
4054 0.720149 
4055 0.719279 
4056 0.719279 
4057 0.719154 
4058 0.721269 
4059 0.718532 
4060 0.719279 
4061 0.71903 
4062 0.71903 
4063 0.720647 
4064 0.724751 
4065 0.725746 
4066 0.727488 
4067 0.727985 
4068 0.728607 
4069 0.728731 
4070 0.752239 
4071 0.747512 
4072 0.74602 
4073 0.748507 
4074 0.749129 
4075 0.749876 
4076 0.750124 
4077 0.750124 
4078 0.750871 
4079 0.751866 
4080 0.751244 
4081 0.751493 
4082 0.752239 
4083 0.751866 
4084 0.753109 
4085 0.753234 
4086 0.751368 
4087 0.75199 
4088 0.752114 
4089 0.75199 
4090 0.751119 
4091 0.752363 
4092 0.750746 
4093 0.748881 
4094 0.747761 
4095 0.740423 
4096 0.736443 
4097 0.735697 
4098 0.735323 
4099 0.733955 
4100 0.733209 
4101 0.731592 
4102 0.73097 
4103 0.731716 
4104 0.730597 
4105 0.7301 
4106 0.728607 
4107 0.727985 
4108 0.730846 
4109 0.730224 
4110 0.73097 
4111 0.731841 
4112 0.730846 
4113 0.730597 
4114 0.730473 
4115 0.731095 
4116 0.732214 
4117 0.732463 
4118 0.731095 
4119 0.731716 
4120 0.735199 
4121 0.734826 
4122 0.734328 
4123 0.734701 
4124 0.734826 
4125 0.734577 
4126 0.733582 
4127 0.735199 
4128 0.736194 
4129 0.736318 
4130 0.737562 
4131 0.743035 
4132 0.743408 
4133 0.742537 
4134 0.741791 
4135 0.740672 
4136 0.741915 
4137 0.741169 
4138 0.73806 
4139 0.74005 
4140 0.73893 
4141 0.735572 
4142 0.737065 
4143 0.737065 
4144 0.736318 
4145 0.746393 
4146 0.743408 
4147 0.740174 
4148 0.739303 
4149 0.737811 
4150 0.740672 
4151 0.737438 
4152 0.736443 
4153 0.739677 
4154 0.736692 
4155 0.735945 
4156 0.738433 
4157 0.735572 
4158 0.737189 
4159 0.732214 
4160 0.731716 
4161 0.732463 
4162 0.73495 
4163 0.737189 
4164 0.739303 
4165 0.73495 
4166 0.736567 
4167 0.739677 
4168 0.738433 
4169 0.738682 
4170 0.742164 
4171 0.749005 
4172 0.747015 
4173 0.748881 
4174 0.749876 
4175 0.753358 
4176 0.754478 
4177 0.752861 
4178 0.754229 
4179 0.756219 
4180 0.753856 
4181 0.763308 
4182 0.763682 
4183 0.764552 
4184 0.763557 
4185 0.765299 
4186 0.769776 
4187 0.77102 
4188 0.772886 
4189 0.780348 
4190 0.776741 
4191 0.776119 
4192 0.780597 
4193 0.780721 
4194 0.778731 
4195 0.786567 
4196 0.785075 
4197 0.789303 
4198 0.790672 
4199 0.788557 
4200 0.78806 
4201 0.786692 
4202 0.788308 
4203 0.794154 
4204 0.795896 
4205 0.798507 
4206 0.789677 
4207 0.797388 
4208 0.795522 
4209 0.79801 
4210 0.801119 
4211 0.793532 
4212 0.794527 
4213 0.795398 
4214 0.801493 
4215 0.799751 
4216 0.808955 
4217 0.81505 
4218 0.806095 
4219 0.80908 
4220 0.810448 
4221 0.810697 
4222 0.81306 
4223 0.818781 
4224 0.818532 
4225 0.818532 
4226 0.822761 
4227 0.81791 
4228 0.82102 
4229 0.8199 
4230 0.816294 
4231 0.812687 
4232 0.818159 
4233 0.823134 
4234 0.822139 
4235 0.820522 
4236 0.817413 
4237 0.820647 
4238 0.831343 
4239 0.825 
4240 0.824378 
4241 0.816915 
4242 0.82102 
4243 0.81107 
4244 0.807214 
4245 0.801119 
4246 0.803234 
4247 0.797886 
4248 0.799005 
4249 0.766791 
4250 0.767413 
4251 0.762189 
4252 0.759328 
4253 0.76393 
4254 0.763433 
4255 0.71194 
4256 0.704851 
4257 0.702736 
4258 0.712065 
4259 0.702488 
4260 0.713557 
4261 0.663184 
4262 0.673507 
4263 0.674378 
4264 0.677488 
4265 0.680721 
4266 0.678109 
4267 0.686816 
4268 0.686567 
4269 0.68097 
4270 0.681841 
4271 0.68495 
4272 0.687935 
4273 0.697139 
4274 0.697761 
4275 0.709577 
4276 0.711816 
4277 0.707711 
4278 0.7051 
4279 0.701119 
4280 0.695149 
4281 0.701493 
4282 0.68806 
4283 0.701244 
4284 0.693408 
4285 0.706592 
4286 0.704229 
4287 0.706219 
4288 0.704229 
4289 0.703856 
4290 0.709701 
4291 0.704851 
4292 0.700622 
4293 0.678234 
4294 0.676244 
4295 0.669279 
4296 0.667413 
4297 0.672388 
4298 0.674254 
4299 0.663184 
4300 0.669652 
4301 0.658333 
4302 0.662562 
4303 0.65908 
4304 0.660448 
4305 0.649627 
4306 0.666045 
4307 0.65597 
4308 0.661318 
4309 0.651119 
4310 0.648632 
4311 0.649129 
4312 0.658085 
4313 0.661318 
4314 0.658209 
4315 0.667289 
4316 0.648756 
4317 0.66194 
4318 0.636567 
4319 0.635448 
4320 0.627736 
4321 0.626119 
4322 0.623756 
4323 0.608333 
4324 0.603483 
4325 0.60709 
4326 0.601866 
4327 0.596517 
4328 0.580473 
4329 0.585821 
4330 0.581468 
4331 0.577736 
4332 0.583831 
4333 0.583831 
4334 0.588184 
4335 0.583085 
4336 0.593781 
4337 0.580846 
4338 0.589925 
4339 0.588557 
4340 0.587438 
4341 0.589428 
4342 0.590547 
4343 0.59291 
4344 0.600622 
4345 0.588682 
4346 0.581841 
4347 0.586816 
4348 0.587065 
4349 0.583333 
4350 0.589428 
4351 0.588682 
4352 0.593035 
4353 0.589055 
4354 0.594527 
4355 0.592289 
4356 0.585075 
4357 0.590423 
4358 0.574751 
4359 0.575498 
4360 0.56704 
4361 0.569154 
4362 0.569154 
4363 0.569527 
4364 0.561816 
4365 0.564303 
4366 0.560821 
4367 0.55995 
4368 0.556716 
4369 0.568035 
4370 0.558582 
4371 0.562811 
4372 0.563557 
4373 0.560199 
4374 0.557836 
4375 0.555224 
4376 0.547512 
4377 0.556095 
4378 0.553731 
4379 0.548756 
4380 0.549254 
4381 0.554478 
4382 0.552736 
4383 0.557214 
4384 0.557836 
4385 0.55709 
4386 0.554353 
4387 0.562687 
4388 0.553731 
4389 0.558458 
4390 0.554602 
4391 0.543159 
4392 0.547761 
4393 0.547512 
4394 0.526866 
4395 0.526493 
4396 0.525622 
4397 0.512438 
4398 0.513308 
4399 0.502114 
4400 0.491418 
4401 0.491169 
4402 0.488184 
4403 0.482463 
4404 0.475871 
4405 0.476741 
4406 0.460821 
4407 0.459204 
4408 0.450498 
4409 0.445647 
4410 0.448632 
4411 0.441667 
4412 0.444279 
4413 0.438184 
4414 0.441667 
4415 0.443781 
4416 0.452736 
4417 0.454975 
4418 0.464179 
4419 0.458209 
4420 0.466418 
4421 0.483706 
4422 0.487313 
4423 0.488682 
4424 0.488557 
4425 0.486318 
4426 0.485572 
4427 0.485199 
4428 0.471642 
4429 0.464428 
4430 0.452736 
4431 0.456716 
4432 0.462189 
4433 0.457711 
4434 0.456468 
4435 0.455721 
4436 0.447015 
4437 0.448259 
4438 0.442164 
4439 0.440547 
4440 0.445896 
4441 0.437687 
4442 0.439428 
4443 0.437811 
4444 0.437313 
4445 0.438806 
4446 0.442537 
4447 0.445771 
4448 0.455597 
4449 0.45398 
4450 0.458706 
4451 0.469154 
4452 0.465174 
4453 0.47102 
4454 0.469527 
4455 0.467413 
4456 0.470771 
4457 0.466045 
4458 0.473756 
4459 0.46393 
4460 0.466169 
4461 0.450124 
4462 0.458333 
4463 0.45597 
4464 0.452114 
4465 0.456343 
4466 0.458831 
4467 0.456716 
4468 0.46107 
4469 0.475249 
4470 0.465174 
4471 0.479229 
4472 0.473507 
4473 0.4801 
4474 0.487562 
4475 0.49291 
4476 0.48495 
4477 0.472512 
4478 0.470274 
4479 0.45597 
4480 0.46306 
4481 0.460572 
4482 0.453358 
4483 0.431965 
4484 0.433333 
4485 0.432587 
4486 0.430224 
4487 0.41393 
4488 0.418781 
4489 0.417537 
4490 0.414179 
4491 0.408831 
4492 0.424254 
4493 0.4199 
4494 0.419776 
4495 0.422015 
4496 0.434577 
4497 0.434701 
4498 0.43806 
4499 0.44801 
4500 0.454104 
4501 0.463682 
4502 0.467164 
4503 0.466294 
4504 0.488184 
4505 0.497139 
4506 0.502239 
4507 0.528358 
4508 0.533458 
4509 0.531219 
4510 0.545025 
4511 0.553856 
4512 0.560075 
4513 0.571517 
4514 0.573507 
4515 0.576866 
4516 0.595896 
4517 0.606965 
4518 0.614055 
4519 0.624751 
4520 0.628856 
4521 0.625249 
4522 0.633209 
4523 0.633333 
4524 0.637935 
4525 0.66306 
4526 0.66194 
4527 0.662687 
4528 0.660572 
4529 0.691542 
4530 0.695398 
4531 0.71306 
4532 0.70597 
4533 0.71194 
4534 0.711816 
4535 0.715174 
4536 0.717289 
4537 0.716542 
4538 0.712562 
4539 0.714552 
4540 0.703607 
4541 0.689925 
4542 0.697761 
4543 0.683209 
4544 0.679353 
4545 0.670771 
4546 0.662562 
4547 0.656841 
4548 0.66194 
4549 0.647512 
4550 0.644154 
4551 0.637562 
4552 0.632338 
4553 0.64204 
4554 0.638682 
4555 0.635945 
4556 0.631841 
4557 0.616791 
4558 0.551368 
4559 0.549254 
4560 0.54005 
4561 0.537562 
4562 0.53806 
4563 0.54092 
4564 0.54092 
4565 0.515672 
4566 0.506841 
4567 0.51704 
4568 0.513433 
4569 0.505597 
4570 0.510075 
4571 0.495647 
4572 0.489552 
4573 0.489552 
4574 0.490423 
4575 0.487811 
4576 0.478731 
4577 0.474254 
4578 0.46791 
4579 0.468284 
4580 0.458209 
4581 0.46194 
4582 0.454478 
4583 0.447761 
4584 0.461443 
4585 0.458458 
4586 0.450622 
4587 0.449751 
4588 0.455348 
4589 0.446891 
4590 0.447761 
4591 0.450498 
4592 0.462065 
4593 0.451866 
4594 0.452985 
4595 0.466169 
4596 0.460323 
4597 0.459453 
4598 0.468532 
4599 0.454353 
4600 0.457836 
4601 0.460821 
4602 0.455473 
4603 0.451244 
4604 0.449254 
4605 0.463184 
4606 0.453358 
4607 0.451866 
4608 0.44801 
4609 0.45796 
4610 0.445522 
4611 0.439925 
4612 0.43893 
4613 0.432587 
4614 0.425124 
4615 0.420025 
4616 0.421144 
4617 0.414428 
4618 0.414428 
4619 0.41194 
4620 0.404104 
4621 0.393905 
4622 0.39204 
4623 0.398507 
4624 0.368159 
4625 0.358458 
4626 0.360945 
4627 0.355224 
4628 0.343284 
4629 0.342537 
4630 0.348259 
4631 0.349751 
4632 0.345771 
4633 0.353234 
4634 0.355721 
4635 0.348756 
4636 0.35709 
4637 0.347761 
4638 0.348383 
4639 0.366045 
4640 0.375498 
4641 0.375995 
4642 0.378856 
4643 0.386318 
4644 0.391169 
4645 0.395398 
4646 0.405846 
4647 0.400871 
4648 0.404104 
4649 0.404353 
4650 0.410199 
4651 0.413806 
4652 0.41194 
4653 0.418284 
4654 0.421393 
4655 0.417786 
4656 0.422015 
4657 0.420647 
4658 0.421393 
4659 0.424502 
4660 0.413806 
4661 0.404726 
4662 0.403856 
4663 0.394652 
4664 0.400746 
4665 0.38694 
4666 0.393035 
4667 0.393159 
4668 0.38893 
4669 0.381592 
4670 0.372388 
4671 0.366791 
4672 0.365299 
4673 0.35796 
4674 0.342537 
4675 0.336692 
4676 0.305224 
4677 0.302114 
4678 0.288184 
4679 0.282711 
4680 0.265796 
4681 0.264677 
4682 0.263806 
4683 0.259826 
4684 0.261318 
4685 0.26505 
4686 0.25597 
4687 0.2699 
4688 0.273134 
4689 0.270274 
4690 0.277612 
4691 0.277736 
4692 0.27898 
4693 0.278856 
4694 0.272761 
4695 0.275622 
4696 0.271393 
4697 0.271766 
4698 0.276617 
4699 0.278358 
4700 0.274005 
4701 0.276368 
4702 0.278234 
4703 0.278856 
4704 0.274378 
4705 0.276119 
4706 0.279104 
4707 0.280846 
4708 0.28607 
4709 0.279104 
4710 0.293657 
4711 0.294527 
4712 0.303234 
4713 0.310945 
4714 0.319403 
4715 0.330846 
4716 0.334701 
4717 0.336816 
4718 0.351244 
4719 0.353358 
4720 0.365423 
4721 0.359826 
4722 0.372264 
4723 0.368657 
4724 0.373259 
4725 0.372139 
4726 0.379229 
4727 0.379726 
4728 0.381965 
4729 0.378483 
4730 0.374129 
4731 0.36592 
4732 0.362562 
4733 0.360572 
4734 0.364303 
4735 0.371269 
4736 0.353607 
4737 0.356343 
4738 0.352363 
4739 0.346517 
4740 0.3449 
4741 0.341045 
4742 0.334826 
4743 0.340547 
4744 0.335697 
4745 0.334826 
4746 0.321517 
4747 0.316667 
4748 0.316915 
4749 0.306095 
4750 0.29005 
4751 0.285448 
4752 0.292413 
4753 0.2801 
4754 0.270896 
4755 0.271766 
4756 0.27102 
4757 0.264428 
4758 0.25995 
4759 0.248756 
4760 0.244403 
4761 0.234328 
4762 0.231095 
4763 0.218532 
4764 0.211567 
4765 0.207836 
4766 0.197512 
4767 0.200373 
4768 0.18893 
4769 0.179602 
4770 0.177985 
4771 0.175373 
4772 0.169776 
4773 0.160697 
4774 0.15398 
4775 0.15199 
4776 0.143657 
4777 0.13806 
4778 0.125 
4779 0.116045 
4780 0.110945 
4781 0.0985075 
4782 0.0983831 
4783 0.0906716 
4784 0.0825871 
4785 0.0807214 
4786 0.0674129 
4787 0.0568408 
4788 0.0539801 
4789 0.0531095 
4790 0.0529851 
4791 0.0532338 
4792 0.0514925 
4793 0.0475124 
4794 0.045398 
4795 0.045398 
4796 0.0426617 
4797 0.0411692 
4798 0.0395522 
4799 0.0368159 
4800 0.035199 
4801 0.0330846 
4802 0.0327114 
4803 0.0323383 
4804 0.0322139 
4805 0.0322139 
4806 0.0322139 
4807 0.0318408 
4808 0.0325871 
4809 0.0324627 
4810 0.0324627 
4811 0.0322139 
4812 0.0327114 
4813 0.0324627 
4814 0.0325871 
4815 0.0325871 
4816 0.0324627 
4817 0.0328358 
4818 0.0328358 
4819 0.0328358 
4820 0.0333333 
4821 0.033209 
4822 0.0329602 
4823 0.0329602 
4824 0.033209 
4825 0.0338308 
4826 0.0335821 
4827 0.0338308 
4828 0.0337065 
4829 0.0335821 
4830 0.0335821 
4831 0.0335821 
4832 0.0333333 
4833 0.0338308 
4834 0.0354478 
4835 0.0353234 
4836 0.036194 
4837 0.0358209 
4838 0.0359453 
4839 0.0355721 
4840 0.0353234 
4841 0.0350746 
4842 0.0350746 
4843 0.0358209 
4844 0.0350746 
4845 0.0355721 
4846 0.0348259 
4847 0.0340796 
4848 0.0340796 
4849 0.0347015 
4850 0.0338308 
4851 0.0339552 
4852 0.0344527 
4853 0.034204 
4854 0.0334577 
4855 0.0334577 
4856 0.0334577 
4857 0.0334577 
4858 0.033209 
4859 0.0335821 
4860 0.0329602 
4861 0.0322139 
4862 0.0323383 
4863 0.0325871 
4864 0.0324627 
4865 0.0323383 
4866 0.0320896 
4867 0.0318408 
4868 0.0320896 
4869 0.0319652 
4870 0.0327114 
4871 0.0323383 
4872 0.0317164 
4873 0.0309701 
4874 0.031592 
4875 0.0325871 
4876 0.0324627 
4877 0.0322139 
4878 0.0325871 
4879 0.0318408 
4880 0.0318408 
4881 0.0313433 
4882 0.0317164 
4883 0.0318408 
4884 0.0303483 
4885 0.0304726 
4886 0.030597 
4887 0.0313433 
4888 0.0307214 
4889 0.0298507 
4890 0.0299751 
4891 0.0302239 
4892 0.030597 
4893 0.0304726 
4894 0.0312189 
4895 0.0309701 
4896 0.0304726 
4897 0.0308458 
4898 0.0309701 
4899 0.0317164 
4900 0.0333333 
4901 0.0335821 
4902 0.0347015 
4903 0.0348259 
4904 0.0358209 
4905 0.0354478 
4906 0.0354478 
4907 0.0355721 
4908 0.035199 
4909 0.0340796 
4910 0.0335821 
4911 0.0330846 
4912 0.0328358 
4913 0.0325871 
4914 0.0320896 
4915 0.0318408 
4916 0.0338308 
4917 0.0391791 
4918 0.0466418 
4919 0.0487562 
4920 0.05199 
4921 0.0554726 
4922 0.055597 
4923 0.0584577 
4924 0.0609453 
4925 0.0626866 
4926 0.0675373 
4927 0.0783582 
4928 0.0829602 
4929 0.0894279 
4930 0.0976368 
4931 0.0996269 
4932 0.106468 
4933 0.10796 
4934 0.107836 
4935 0.112313 
4936 0.110697 
4937 0.114055 
4938 0.116169 
4939 0.118035 
4940 0.11791 
4941 0.123259 
4942 0.124751 
4943 0.124502 
4944 0.126617 
4945 0.130721 
4946 0.13097 
4947 0.131219 
4948 0.134701 
4949 0.131716 
4950 0.129104 
4951 0.124378 
4952 0.123507 
4953 0.117537 
4954 0.11505 
4955 0.113557 
4956 0.105721 
4957 0.101866 
4958 0.09801 
4959 0.102363 
4960 0.101741 
4961 0.102114 
4962 0.0978856 
4963 0.0972637 
4964 0.0950249 
4965 0.0875622 
4966 0.0879353 
4967 0.0919154 
4968 0.0940299 
4969 0.0978856 
4970 0.09801 
4971 0.099005 
4972 0.103483 
4973 0.103856 
4974 0.106716 
4975 0.108955 
4976 0.111567 
4977 0.115423 
4978 0.110697 
4979 0.110821 
4980 0.105721 
4981 0.104726 
4982 0.105473 
4983 0.1051 
4984 0.0973881 
4985 0.103856 
4986 0.105224 
4987 0.109204 
4988 0.109826 
4989 0.113184 
4990 0.10796 
4991 0.108458 
4992 0.110572 
4993 0.111194 
4994 0.114925 
4995 0.112313 
4996 0.114801 
4997 0.117164 
4998 0.117786 
4999 0.115299 
5000 0.112313 
5001 0.111816 
5002 0.107214 
5003 0.10398 
5004 0.112438 
5005 0.10908 
5006 0.109826 
5007 0.102612 
5008 0.0995025 
5009 0.0985075 
5010 0.0915423 
5011 0.0916667 
5012 0.086194 
5013 0.0764925 
5014 0.070398 
5015 0.0671642 
5016 0.0588308 
5017 0.0451493 
5018 0.0471393 
5019 0.0492537 
5020 0.0574627 
5021 0.0541045 
5022 0.0559701 
5023 0.0542289 
5024 0.0567164 
5025 0.053607 
5026 0.05199 
5027 0.0533582 
5028 0.0491294 
5029 0.0468905 
5030 0.0451493 
5031 0.0422886 
5032 0.0414179 
5033 0.041791 
5034 0.0420398 
5035 0.0432836 
5036 0.043408 
5037 0.0437811 
5038 0.0450249 
5039 0.0450249 
5040 0.0451493 
5041 0.0460199 
5042 0.0452736 
5043 0.046393 
5044 0.0485075 
5045 0.0491294 
5046 0.0538557 
5047 0.0590796 
5048 0.061194 
5049 0.0685323 
5050 0.0747512 
5051 0.0779851 
5052 0.0834577 
5053 0.0880597 
5054 0.0915423 
5055 0.0960199 
5056 0.104229 
5057 0.108582 
5058 0.11505 
5059 0.124751 
5060 0.12898 
5061 0.13806 
5062 0.143657 
5063 0.147886 
5064 0.156592 
5065 0.163184 
5066 0.168532 
5067 0.178607 
5068 0.180473 
5069 0.184328 
5070 0.19602 
5071 0.203731 
5072 0.206468 
5073 0.208458 
5074 0.214801 
5075 0.216418 
5076 0.228358 
5077 0.233209 
5078 0.23408 
5079 0.231219 
5080 0.230846 
5081 0.230846 
5082 0.228234 
5083 0.223383 
5084 0.219279 
5085 0.217662 
5086 0.20908 
5087 0.206592 
5088 0.202239 
5089 0.185945 
5090 0.188308 
5091 0.180473 
5092 0.174254 
5093 0.171517 
5094 0.168657 
5095 0.165174 
5096 0.163433 
5097 0.162935 
5098 0.163557 
5099 0.16704 
5100 0.158955 
5101 0.15 
5102 0.147761 
5103 0.147637 
5104 0.138308 
5105 0.137065 
5106 0.129602 
5107 0.121517 
5108 0.119279 
5109 0.107587 
5110 0.103358 
5111 0.100622 
5112 0.0924129 
5113 0.0893035 
5114 0.0921642 
5115 0.0895522 
5116 0.0868159 
5117 0.0848259 
5118 0.0787313 
5119 0.071393 
5120 0.0720149 
5121 0.064801 
5122 0.0588308 
5123 0.0560945 
5124 0.0508706 
5125 0.0471393 
5126 0.0445274 
5127 0.0405473 
5128 0.0364428 
5129 0.0343284 
5130 0.0320896 
5131 0.0320896 
5132 0.0318408 
5133 0.0320896 
5134 0.0323383 
5135 0.0324627 
5136 0.0324627 
5137 0.0323383 
5138 0.0322139 
5139 0.0322139 
5140 0.0322139 
5141 0.0322139 
5142 0.0322139 
5143 0.0322139 
5144 0.0322139 
5145 0.0322139 
5146 0.0323383 
5147 0.0323383 
5148 0.0323383 
5149 0.0322139 
5150 0.0322139 
5151 0.0322139 
5152 0.0322139 
5153 0.0320896 
5154 0.0320896 
5155 0.0320896 
5156 0.0320896 
5157 0.0320896 
5158 0.0320896 
5159 0.0320896 
5160 0.0319652 
5161 0.0319652 
5162 0.0319652 
5163 0.0319652 
5164 0.0319652 
5165 0.0318408 
5166 0.0318408 
5167 0.0319652 
5168 0.0319652 
5169 0.0320896 
5170 0.0320896 
5171 0.0319652 
5172 0.0319652 
5173 0.0319652 
5174 0.0319652 
5175 0.0319652 
5176 0.0319652 
5177 0.0319652 
5178 0.0319652 
5179 0.0319652 
5180 0.0319652 
5181 0.0319652 
5182 0.0319652 
5183 0.0319652 
5184 0.0320896 
5185 0.0320896 
5186 0.0320896 
5187 0.0322139 
5188 0.0320896 
5189 0.0320896 
5190 0.0322139 
5191 0.0322139 
5192 0.0320896 
5193 0.0322139 
5194 0.0320896 
5195 0.0322139 
5196 0.0322139 
5197 0.0322139 
5198 0.0322139 
5199 0.0320896 
5200 0.0320896 
5201 0.0320896 
5202 0.0319652 
5203 0.0319652 
5204 0.0319652 
5205 0.0319652 
5206 0.0319652 
5207 0.0319652 
5208 0.0318408 
5209 0.0319652 
5210 0.0319652 
5211 0.0319652 
5212 0.0319652 
5213 0.0320896 
5214 0.0320896 
5215 0.0322139 
5216 0.0322139 
5217 0.0322139 
5218 0.0322139 
5219 0.0322139 
5220 0.0325871 
5221 0.0325871 
5222 0.0325871 
5223 0.0325871 
5224 0.0324627 
5225 0.0323383 
5226 0.0323383 
5227 0.0323383 
5228 0.0323383 
5229 0.0323383 
5230 0.0323383 
5231 0.0323383 
5232 0.0323383 
5233 0.0323383 
5234 0.0323383 
5235 0.0322139 
5236 0.0322139 
5237 0.0322139 
5238 0.0322139 
5239 0.0322139 
5240 0.0322139 
5241 0.0322139 
5242 0.0322139 
5243 0.0322139 
5244 0.0322139 
5245 0.0320896 
5246 0.0320896 
5247 0.0320896 
5248 0.0322139 
5249 0.0322139 
5250 0.0322139 
5251 0.0320896 
5252 0.0320896 
5253 0.0320896 
5254 0.0320896 
5255 0.0323383 
5256 0.0322139 
5257 0.0355721 
5258 0.0420398 
5259 0.045398 
5260 0.0517413 
5261 0.0577114 
5262 0.0610697 
5263 0.0643035 
5264 0.068408 
5265 0.0702736 
5266 0.0706468 
5267 0.0689055 
5268 0.0706468 
5269 0.075 
5270 0.0753731 
5271 0.0762438 
5272 0.0787313 
5273 0.0802239 
5274 0.0789801 
5275 0.0797264 
5276 0.0773632 
5277 0.0850746 
5278 0.0829602 
5279 0.084204 
5280 0.085199 
5281 0.0879353 
5282 0.0853234 
5283 0.0875622 
5284 0.0870647 
5285 0.088806 
5286 0.0904229 
5287 0.0945274 
5288 0.0971393 
5289 0.101119 
5290 0.106716 
5291 0.115672 
5292 0.119403 
5293 0.127861 
5294 0.131965 
5295 0.134701 
5296 0.139179 
5297 0.148632 
5298 0.148134 
5299 0.15 
5300 0.156343 
5301 0.156468 
5302 0.162811 
5303 0.164552 
5304 0.168159 
5305 0.171393 
5306 0.173881 
5307 0.174627 
5308 0.178109 
5309 0.181716 
5310 0.179602 
5311 0.18408 
5312 0.18495 
5313 0.179478 
5314 0.180721 
5315 0.181468 
5316 0.181468 
5317 0.179104 
5318 0.180348 
5319 0.179104 
5320 0.178731 
5321 0.179229 
5322 0.177736 
5323 0.178109 
5324 0.175746 
5325 0.174378 
5326 0.173507 
5327 0.172388 
5328 0.172637 
5329 0.174751 
5330 0.180348 
5331 0.183333 
5332 0.178109 
5333 0.182214 
5334 0.179975 
5335 0.189677 
5336 0.184577 
5337 0.187065 
5338 0.190299 
5339 0.191045 
5340 0.193035 
5341 0.189179 
5342 0.194154 
5343 0.195398 
5344 0.197886 
5345 0.200373 
5346 0.197886 
5347 0.202114 
5348 0.199876 
5349 0.202488 
5350 0.203234 
5351 0.203856 
5352 0.208706 
5353 0.214428 
5354 0.220647 
5355 0.22301 
5356 0.227985 
5357 0.234577 
5358 0.233085 
5359 0.241169 
5360 0.24403 
5361 0.249502 
5362 0.246144 
5363 0.246393 
5364 0.250746 
5365 0.249876 
5366 0.254726 
5367 0.25398 
5368 0.249876 
5369 0.254975 
5370 0.247886 
5371 0.253607 
5372 0.25199 
5373 0.254353 
5374 0.255846 
5375 0.256343 
5376 0.254851 
5377 0.253856 
5378 0.258085 
5379 0.258333 
5380 0.260448 
5381 0.259577 
5382 0.261443 
5383 0.260199 
5384 0.264801 
5385 0.26791 
5386 0.272886 
5387 0.27898 
5388 0.280224 
5389 0.287065 
5390 0.287065 
5391 0.28806 
5392 0.295398 
5393 0.297388 
5394 0.302114 
5395 0.299254 
5396 0.299378 
5397 0.30199 
5398 0.304726 
5399 0.298632 
5400 0.299876 
5401 0.295896 
5402 0.298507 
5403 0.295771 
5404 0.295398 
5405 0.295896 
5406 0.299876 
5407 0.299627 
5408 0.299378 
5409 0.306965 
5410 0.304851 
5411 0.303109 
5412 0.303483 
5413 0.302488 
5414 0.30796 
5415 0.303856 
5416 0.31107 
5417 0.317537 
5418 0.321517 
5419 0.327114 
5420 0.330597 
5421 0.330348 
5422 0.337687 
5423 0.334826 
5424 0.337438 
5425 0.341791 
5426 0.346144 
5427 0.349129 
5428 0.349502 
5429 0.352488 
5430 0.356841 
5431 0.359826 
5432 0.355846 
5433 0.35597 
5434 0.362313 
5435 0.365796 
5436 0.366294 
5437 0.370398 
5438 0.375746 
5439 0.377736 
5440 0.379229 
5441 0.385199 
5442 0.387562 
5443 0.387065 
5444 0.395025 
5445 0.389801 
5446 0.398881 
5447 0.39602 
5448 0.404353 
5449 0.399502 
5450 0.403358 
5451 0.406095 
5452 0.402612 
5453 0.405473 
5454 0.404478 
5455 0.402861 
5456 0.400373 
5457 0.399005 
5458 0.395398 
5459 0.398632 
5460 0.395771 
5461 0.398507 
5462 0.393781 
5463 0.39403 
5464 0.394154 
5465 0.391667 
5466 0.388682 
5467 0.387562 
5468 0.387189 
5469 0.387438 
5470 0.387189 
5471 0.388184 
5472 0.388308 
5473 0.388682 
5474 0.388433 
5475 0.384826 
5476 0.383955 
5477 0.387935 
5478 0.389801 
5479 0.394279 
5480 0.399751 
5481 0.399627 
5482 0.403607 
5483 0.408955 
5484 0.414925 
5485 0.421766 
5486 0.428358 
5487 0.430721 
5488 0.431716 
5489 0.439801 
5490 0.443905 
5491 0.445522 
5492 0.452612 
5493 0.453607 
5494 0.457711 
5495 0.46791 
5496 0.468159 
5497 0.471144 
5498 0.474005 
5499 0.475 
5500 0.477861 
5501 0.48209 
5502 0.48806 
5503 0.489677 
5504 0.495025 
5505 0.497139 
5506 0.500746 
5507 0.505846 
5508 0.505721 
5509 0.508209 
5510 0.511692 
5511 0.511567 
5512 0.512562 
5513 0.514552 
5514 0.511692 
5515 0.515547 
5516 0.514428 
5517 0.514801 
5518 0.515672 
5519 0.517537 
5520 0.526119 
5521 0.527239 
5522 0.534328 
5523 0.534826 
5524 0.532587 
5525 0.532836 
5526 0.537687 
5527 0.541294 
5528 0.556343 
5529 0.558706 
5530 0.559701 
5531 0.569527 
5532 0.571517 
5533 0.577488 
5534 0.582463 
5535 0.586692 
5536 0.583582 
5537 0.59291 
5538 0.590174 
5539 0.597886 
5540 0.601119 
5541 0.602114 
5542 0.600249 
5543 0.606841 
5544 0.608706 
5545 0.612562 
5546 0.609328 
5547 0.613184 
5548 0.613184 
5549 0.612687 
5550 0.614925 
5551 0.617164 
5552 0.617786 
5553 0.618284 
5554 0.621144 
5555 0.622264 
5556 0.624502 
5557 0.627861 
5558 0.629602 
5559 0.632587 
5560 0.635323 
5561 0.637065 
5562 0.638806 
5563 0.643284 
5564 0.645896 
5565 0.648507 
5566 0.644652 
5567 0.649627 
5568 0.647886 
5569 0.651866 
5570 0.650498 
5571 0.651368 
5572 0.645771 
5573 0.65 
5574 0.652985 
5575 0.652985 
5576 0.652736 
5577 0.655224 
5578 0.652985 
5579 0.652736 
5580 0.656965 
5581 0.658333 
5582 0.657836 
5583 0.658458 
5584 0.659577 
5585 0.661567 
5586 0.663184 
5587 0.661567 
5588 0.66592 
5589 0.666294 
5590 0.668284 
5591 0.668284 
5592 0.667289 
5593 0.66704 
5594 0.670274 
5595 0.676617 
5596 0.678483 
5597 0.676741 
5598 0.679104 
5599 0.678483 
5600 0.675995 
5601 0.677239 
5602 0.674627 
5603 0.674627 
5604 0.674627 
5605 0.675871 
5606 0.677985 
5607 0.676244 
5608 0.674005 
5609 0.675373 
5610 0.67699 
5611 0.674378 
5612 0.675622 
5613 0.675871 
5614 0.675373 
5615 0.676617 
5616 0.678358 
5617 0.674751 
5618 0.675 
5619 0.672264 
5620 0.678607 
5621 0.6801 
5622 0.679353 
5623 0.681343 
5624 0.67898 
5625 0.677985 
5626 0.682711 
5627 0.681343 
5628 0.678483 
5629 0.679851 
5630 0.676741 
5631 0.678109 
5632 0.676493 
5633 0.672512 
5634 0.673383 
5635 0.66903 
5636 0.670771 
5637 0.672388 
5638 0.672761 
5639 0.67102 
5640 0.671393 
5641 0.676741 
5642 0.677239 
5643 0.681468 
5644 0.680348 
5645 0.724254 
5646 0.724502 
5647 0.723756 
5648 0.723507 
5649 0.721891 
5650 0.723383 
5651 0.725373 
5652 0.723881 
5653 0.721766 
5654 0.722886 
5655 0.725249 
5656 0.725746 
5657 0.725746 
5658 0.726617 
5659 0.726119 
5660 0.727488 
5661 0.728358 
5662 0.728234 
5663 0.731965 
5664 0.731841 
5665 0.730224 
5666 0.728483 
5667 0.728358 
5668 0.725498 
5669 0.728234 
5670 0.730348 
5671 0.731592 
5672 0.731965 
5673 0.732338 
5674 0.733582 
5675 0.733209 
5676 0.731716 
5677 0.73495 
5678 0.733955 
5679 0.733209 
5680 0.733831 
5681 0.733955 
5682 0.735199 
5683 0.733333 
5684 0.735323 
5685 0.735199 
5686 0.734453 
5687 0.734328 
5688 0.733458 
5689 0.734204 
5690 0.735323 
5691 0.734453 
5692 0.734701 
5693 0.735572 
5694 0.737065 
5695 0.73209 
5696 0.731965 
5697 0.733209 
5698 0.733333 
5699 0.733706 
5700 0.730348 
5701 0.733831 
5702 0.737313 
5703 0.73893 
5704 0.73893 
5705 0.744776 
5706 0.745896 
5707 0.745647 
5708 0.746766 
5709 0.748383 
5710 0.751244 
5711 0.757214 
5712 0.754726 
5713 0.754104 
5714 0.754602 
5715 0.753109 
5716 0.753109 
5717 0.753234 
5718 0.753358 
5719 0.753483 
5720 0.758955 
5721 0.75908 
5722 0.757836 
5723 0.757836 
5724 0.758085 
5725 0.759328 
5726 0.759204 
5727 0.759826 
5728 0.759701 
5729 0.759577 
5730 0.759204 
5731 0.758582 
5732 0.758458 
5733 0.758209 
5734 0.758458 
5735 0.756841 
5736 0.756219 
5737 0.757463 
Time taken by function: 199388729 microseconds
