Frame Number Queue Density
1 0.079766
2 0.0785039
3 0.0793601
4 0.0869769
5 0.0954425
6 0.0984058
7 0.101646
8 0.10531
9 0.106052
10 0.108558
11 0.110698
12 0.111636
13 0.1132
14 0.115064
15 0.115857
16 0.117374
17 0.118835
18 0.119094
19 0.119913
20 0.120987
21 0.121695
22 0.122939
23 0.124105
24 0.124662
25 0.126522
26 0.128685
27 0.129286
28 0.131146
29 0.133006
30 0.132988
31 0.13429
32 0.134944
33 0.135412
34 0.136095
35 0.136505
36 0.137254
37 0.137578
38 0.138342
39 0.139084
40 0.139564
41 0.140261
42 0.140346
43 0.141335
44 0.142062
45 0.1428
46 0.142977
47 0.143778
48 0.14369
49 0.144096
50 0.144431
51 0.145439
52 0.147601
53 0.149469
54 0.150424
55 0.152554
56 0.153934
57 0.155428
58 0.157074
59 0.158362
60 0.159097
61 0.158041
62 0.156026
63 0.154709
64 0.153561
65 0.151598
66 0.151664
67 0.150672
68 0.149649
69 0.149653
70 0.146693
71 0.148059
72 0.149159
73 0.150959
74 0.152332
75 0.152561
76 0.153831
77 0.155244
78 0.156373
79 0.158809
80 0.162204
81 0.16306
82 0.164724
83 0.16833
84 0.170459
85 0.17464
86 0.178271
87 0.180242
88 0.185372
89 0.189457
90 0.191298
91 0.196022
92 0.198229
93 0.199074
94 0.199387
95 0.198838
96 0.200649
97 0.201602
98 0.201952
99 0.202594
100 0.203329
101 0.203251
102 0.203402
103 0.20355
104 0.20248
105 0.202229
106 0.201181
107 0.202974
108 0.20376
109 0.205624
110 0.208296
111 0.210377
112 0.213178
113 0.21533
114 0.216182
115 0.218437
116 0.220943
117 0.221382
118 0.221928
119 0.222061
120 0.222087
121 0.222518
122 0.22267
123 0.223112
124 0.223795
125 0.224566
126 0.225338
127 0.22557
128 0.226352
129 0.227043
130 0.228895
131 0.230091
132 0.2307
133 0.232471
134 0.233412
135 0.234349
136 0.235534
137 0.236674
138 0.237737
139 0.238708
140 0.239944
141 0.240165
142 0.239567
143 0.240117
144 0.240184
145 0.240542
146 0.240575
147 0.240859
148 0.240497
149 0.23932
150 0.238859
151 0.239103
152 0.237936
153 0.237401
154 0.236209
155 0.235084
156 0.234501
157 0.232501
158 0.23163
159 0.231102
160 0.230563
161 0.229936
162 0.229526
163 0.22898
164 0.227556
165 0.227279
166 0.226921
167 0.226552
168 0.226109
169 0.225762
170 0.223791
171 0.223463
172 0.223216
173 0.222563
174 0.222515
175 0.222555
176 0.222064
177 0.221743
178 0.221404
179 0.22136
180 0.221433
181 0.221773
182 0.221212
183 0.221455
184 0.221219
185 0.220957
186 0.220799
187 0.219957
188 0.219514
189 0.219721
190 0.220046
191 0.219961
192 0.220171
193 0.21957
194 0.219621
195 0.220293
196 0.220732
197 0.220895
198 0.221002
199 0.221031
200 0.221197
201 0.221061
202 0.221127
203 0.221448
204 0.221884
205 0.221928
206 0.221618
207 0.221533
208 0.221463
209 0.221415
210 0.22164
211 0.222301
212 0.222437
213 0.222171
214 0.221518
215 0.221293
216 0.221053
217 0.22057
218 0.220599
219 0.220725
220 0.221603
221 0.222083
222 0.222216
223 0.222079
224 0.221917
225 0.22178
226 0.221681
227 0.222027
228 0.221732
229 0.221618
230 0.221592
231 0.221681
232 0.22188
233 0.222374
234 0.22267
235 0.222865
236 0.222766
237 0.222496
238 0.22185
239 0.220858
240 0.220142
241 0.220094
242 0.220806
243 0.220913
244 0.221404
245 0.218492
246 0.218931
247 0.219348
248 0.219562
249 0.219164
250 0.218846
251 0.219057
252 0.219049
253 0.218636
254 0.218573
255 0.21847
256 0.218721
257 0.218869
258 0.218714
259 0.218964
260 0.219171
261 0.219352
262 0.219105
263 0.219241
264 0.2193
265 0.219422
266 0.219271
267 0.219256
268 0.219086
269 0.21916
270 0.218263
271 0.218175
272 0.217913
273 0.217765
274 0.218064
275 0.219481
276 0.220662
277 0.222016
278 0.223064
279 0.223725
280 0.225234
281 0.227378
282 0.2286
283 0.230678
284 0.232943
285 0.233726
286 0.234792
287 0.234541
288 0.234194
289 0.233696
290 0.233043
291 0.232541
292 0.231283
293 0.230154
294 0.229604
295 0.228017
296 0.226234
297 0.22536
298 0.224065
299 0.222444
300 0.221994
301 0.221116
302 0.220311
303 0.219861
304 0.219581
305 0.219322
306 0.219252
307 0.219603
308 0.220057
309 0.21971
310 0.219271
311 0.220854
312 0.220319
313 0.219466
314 0.21971
315 0.220145
316 0.220688
317 0.220304
318 0.219998
319 0.219717
320 0.219791
321 0.220245
322 0.220422
323 0.220363
324 0.220662
325 0.221035
326 0.220946
327 0.220961
328 0.221068
329 0.221075
330 0.221024
331 0.221138
332 0.220965
333 0.221042
334 0.221411
335 0.22119
336 0.221212
337 0.221157
338 0.221105
339 0.221385
340 0.221917
341 0.223087
342 0.223777
343 0.224227
344 0.225057
345 0.224083
346 0.224851
347 0.225149
348 0.225721
349 0.225304
350 0.224965
351 0.224725
352 0.224389
353 0.224275
354 0.224249
355 0.224297
356 0.224832
357 0.224873
358 0.224791
359 0.224884
360 0.224917
361 0.225194
362 0.225113
363 0.225441
364 0.225441
365 0.225493
366 0.225511
367 0.225592
368 0.225522
369 0.225592
370 0.22447
371 0.224496
372 0.224445
373 0.224714
374 0.224315
375 0.224149
376 0.224334
377 0.22388
378 0.223998
379 0.223614
380 0.223426
381 0.223935
382 0.224928
383 0.225958
384 0.22681
385 0.227607
386 0.228393
387 0.228748
388 0.229821
389 0.231238
390 0.23174
391 0.232774
392 0.233921
393 0.23442
394 0.2348
395 0.236534
396 0.237398
397 0.237512
398 0.238047
399 0.238276
400 0.238457
401 0.239472
402 0.239804
403 0.241143
404 0.243177
405 0.24418
406 0.247686
407 0.251236
408 0.25296
409 0.25648
410 0.259252
411 0.261621
412 0.265617
413 0.270629
414 0.272987
415 0.277544
416 0.281777
417 0.283884
418 0.287689
419 0.290708
420 0.289741
421 0.2928
422 0.297347
423 0.299764
424 0.304967
425 0.310041
426 0.31192
427 0.316374
428 0.319865
429 0.321278
430 0.325024
431 0.328271
432 0.330065
433 0.334062
434 0.337398
435 0.33997
436 0.343391
437 0.345365
438 0.345391
439 0.347077
440 0.347561
441 0.347347
442 0.34821
443 0.348705
444 0.348838
445 0.349893
446 0.352089
447 0.353085
448 0.355786
449 0.358004
450 0.358916
451 0.361403
452 0.36309
453 0.363588
454 0.364599
455 0.366282
456 0.366584
457 0.36757
458 0.368249
459 0.36854
460 0.369363
461 0.37043
462 0.370588
463 0.371821
464 0.371588
465 0.371622
466 0.37178
467 0.372005
468 0.37157
469 0.371847
470 0.374895
471 0.375175
472 0.375124
473 0.37495
474 0.374267
475 0.374603
476 0.37405
477 0.373474
478 0.373264
479 0.373312
480 0.373363
481 0.374234
482 0.374315
483 0.37388
484 0.374766
485 0.374507
486 0.374611
487 0.374895
488 0.37481
489 0.374408
490 0.374338
491 0.374548
492 0.3745
493 0.374319
494 0.373913
495 0.373315
496 0.373485
497 0.373806
498 0.373773
499 0.376297
500 0.379825
501 0.381375
502 0.385689
503 0.389586
504 0.391682
505 0.394616
506 0.398642
507 0.401107
508 0.4061
509 0.410587
510 0.412554
511 0.414525
512 0.416064
513 0.4173
514 0.420009
515 0.42164
516 0.422784
517 0.426028
518 0.427869
519 0.42912
520 0.438165
521 0.440247
522 0.441889
523 0.442634
524 0.444527
525 0.446051
526 0.448454
527 0.449136
528 0.4499
529 0.451469
530 0.452225
531 0.452901
532 0.454336
533 0.454129
534 0.455436
535 0.456222
536 0.457392
537 0.457495
538 0.45841
539 0.459628
540 0.460252
541 0.460517
542 0.461422
543 0.462484
544 0.46158
545 0.460691
546 0.4603
547 0.459717
548 0.458694
549 0.4582
550 0.457244
551 0.456155
552 0.45586
553 0.456214
554 0.454764
555 0.454598
556 0.454436
557 0.454244
558 0.453986
559 0.45303
560 0.452775
561 0.452517
562 0.452218
563 0.451771
564 0.450793
565 0.44966
566 0.448926
567 0.44917
568 0.448384
569 0.449542
570 0.452369
571 0.453801
572 0.454037
573 0.454561
574 0.456344
575 0.457746
576 0.458768
577 0.460226
578 0.462064
579 0.463621
580 0.465636
581 0.467636
582 0.468404
583 0.470297
584 0.471935
585 0.472994
586 0.474777
587 0.47622
588 0.477183
589 0.479253
590 0.481024
591 0.48184
592 0.48322
593 0.48656
594 0.48797
595 0.495022
596 0.499243
597 0.501664
598 0.504417
599 0.508344
600 0.51075
601 0.513038
602 0.51671
603 0.518429
604 0.520699
605 0.523142
606 0.524954
607 0.5326
608 0.538058
609 0.540759
610 0.545269
611 0.548288
612 0.54959
613 0.551974
614 0.554192
615 0.555222
616 0.557303
617 0.559181
618 0.559964
619 0.561573
620 0.56695
621 0.567274
622 0.568278
623 0.568798
624 0.569326
625 0.571123
626 0.571651
627 0.571813
628 0.57223
629 0.574692
630 0.575268
631 0.576559
632 0.577976
633 0.578198
634 0.579375
635 0.579419
636 0.579183
637 0.579364
638 0.579412
639 0.579065
640 0.578962
641 0.578356
642 0.577928
643 0.577275
644 0.577902
645 0.578187
646 0.57857
647 0.578537
648 0.579179
649 0.579829
650 0.580785
651 0.581002
652 0.581087
653 0.581401
654 0.581899
655 0.581929
656 0.581774
657 0.581995
658 0.581888
659 0.581596
660 0.581855
661 0.581563
662 0.581988
663 0.582449
664 0.582811
665 0.583047
666 0.582929
667 0.582696
668 0.583371
669 0.583268
670 0.580312
671 0.58101
672 0.581899
673 0.58229
674 0.582925
675 0.582936
676 0.582659
677 0.583604
678 0.584006
679 0.584678
680 0.585833
681 0.586305
682 0.58687
683 0.587195
684 0.587981
685 0.588084
686 0.588438
687 0.588243
688 0.588501
689 0.588571
690 0.588822
691 0.588811
692 0.589143
693 0.589147
694 0.589523
695 0.590907
696 0.591165
697 0.591697
698 0.591616
699 0.591889
700 0.591409
701 0.591763
702 0.591498
703 0.591915
704 0.591682
705 0.591704
706 0.591365
707 0.591667
708 0.592088
709 0.592306
710 0.592269
711 0.593059
712 0.593476
713 0.594254
714 0.594343
715 0.594147
716 0.594793
717 0.595011
718 0.595409
719 0.595716
720 0.597767
721 0.597701
722 0.597908
723 0.598136
724 0.597443
725 0.597727
726 0.597967
727 0.597712
728 0.598221
729 0.598018
730 0.598199
731 0.598358
732 0.598494
733 0.598221
734 0.598277
735 0.598295
736 0.598302
737 0.598443
738 0.598446
739 0.597841
740 0.598232
741 0.598339
742 0.597989
743 0.597956
744 0.598173
745 0.602214
746 0.602388
747 0.602343
748 0.603148
749 0.603539
750 0.603653
751 0.603978
752 0.603786
753 0.604277
754 0.604705
755 0.604642
756 0.604314
757 0.604786
758 0.605347
759 0.605233
760 0.605746
761 0.606023
762 0.6062
763 0.606609
764 0.606801
765 0.606846
766 0.606576
767 0.60782
768 0.607764
769 0.608145
770 0.612702
771 0.612126
772 0.611946
773 0.61199
774 0.611776
775 0.61275
776 0.612196
777 0.611979
778 0.61199
779 0.611514
780 0.61165
781 0.611728
782 0.612285
783 0.612411
784 0.612794
785 0.613296
786 0.613488
787 0.615473
788 0.61651
789 0.616824
790 0.618079
791 0.61957
792 0.620156
793 0.62057
794 0.619799
795 0.616905
796 0.61692
797 0.617171
798 0.617296
799 0.616736
800 0.615986
801 0.614968
802 0.613056
803 0.613447
804 0.6134
805 0.613104
806 0.612566
807 0.612558
808 0.612473
809 0.612835
810 0.612872
811 0.613942
812 0.614414
813 0.616407
814 0.618732
815 0.621765
816 0.625183
817 0.627998
818 0.629013
819 0.629227
820 0.642612
821 0.642132
822 0.641645
823 0.647483
824 0.653019
825 0.654709
826 0.656355
827 0.659421
828 0.660027
829 0.661071
830 0.663835
831 0.66513
832 0.66592
833 0.666536
834 0.666887
835 0.667226
836 0.667064
837 0.667964
838 0.668551
839 0.669411
840 0.669721
841 0.670271
842 0.670843
843 0.671101
844 0.671326
845 0.681582
846 0.680733
847 0.68225
848 0.682172
849 0.681722
850 0.68136
851 0.682124
852 0.682475
853 0.681737
854 0.681681
855 0.680386
856 0.680449
857 0.68032
858 0.679939
859 0.679308
860 0.679275
861 0.679065
862 0.678604
863 0.678342
864 0.678578
865 0.678548
866 0.678426
867 0.678128
868 0.678035
869 0.677939
870 0.676511
871 0.677057
872 0.677279
873 0.677127
874 0.677452
875 0.677231
876 0.677353
877 0.677327
878 0.676998
879 0.676633
880 0.677327
881 0.676821
882 0.677618
883 0.677006
884 0.677474
885 0.677323
886 0.676862
887 0.676696
888 0.677633
889 0.677696
890 0.677393
891 0.678515
892 0.678205
893 0.677825
894 0.677353
895 0.677961
896 0.678065
897 0.678039
898 0.67822
899 0.677788
900 0.677818
901 0.677559
902 0.677596
903 0.677943
904 0.677895
905 0.67926
906 0.679312
907 0.68022
908 0.679917
909 0.680106
910 0.680131
911 0.680043
912 0.679142
913 0.67839
914 0.6787
915 0.67846
916 0.678367
917 0.678297
918 0.678386
919 0.678235
920 0.678187
921 0.678323
922 0.678633
923 0.678463
924 0.67826
925 0.678593
926 0.67877
927 0.679072
928 0.678803
929 0.678795
930 0.675777
931 0.675471
932 0.675323
933 0.675478
934 0.675489
935 0.675271
936 0.675327
937 0.675659
938 0.675747
939 0.675972
940 0.674876
941 0.674707
942 0.674452
943 0.673533
944 0.67374
945 0.673175
946 0.672515
947 0.673157
948 0.673474
949 0.673762
950 0.674264
951 0.673873
952 0.673666
953 0.673371
954 0.673393
955 0.681416
956 0.68098
957 0.681681
958 0.680973
959 0.680334
960 0.679611
961 0.679888
962 0.679615
963 0.678962
964 0.678829
965 0.678851
966 0.679054
967 0.678991
968 0.679201
969 0.679401
970 0.679091
971 0.679541
972 0.6795
973 0.679862
974 0.680419
975 0.680072
976 0.679737
977 0.67936
978 0.678327
979 0.677781
980 0.667983
981 0.668311
982 0.667385
983 0.666772
984 0.666514
985 0.666625
986 0.666319
987 0.666437
988 0.666673
989 0.666972
990 0.66695
991 0.668636
992 0.668717
993 0.668891
994 0.669108
995 0.669249
996 0.668865
997 0.668957
998 0.669271
999 0.669433
1000 0.669658
1001 0.670171
1002 0.670131
1003 0.670252
1004 0.670252
1005 0.669238
1006 0.669496
1007 0.669987
1008 0.669865
1009 0.670101
1010 0.669957
1011 0.666806
1012 0.666223
1013 0.667178
1014 0.667699
1015 0.667998
1016 0.66788
1017 0.667942
1018 0.668049
1019 0.668695
1020 0.668758
1021 0.668614
1022 0.66916
1023 0.668942
1024 0.668869
1025 0.668817
1026 0.66906
1027 0.669293
1028 0.669227
1029 0.66916
1030 0.668381
1031 0.668341
1032 0.668186
1033 0.668238
1034 0.668071
1035 0.667666
1036 0.671142
1037 0.66947
1038 0.669363
1039 0.66909
1040 0.669227
1041 0.669348
1042 0.66985
1043 0.670009
1044 0.670323
1045 0.670212
1046 0.67023
1047 0.670024
1048 0.669599
1049 0.669917
1050 0.670238
1051 0.670116
1052 0.669898
1053 0.669876
1054 0.670094
1055 0.669618
1056 0.669551
1057 0.669101
1058 0.669263
1059 0.669536
1060 0.670156
1061 0.6634
1062 0.662846
1063 0.663315
1064 0.662957
1065 0.663034
1066 0.66292
1067 0.663979
1068 0.664082
1069 0.662927
1070 0.663008
1071 0.66285
1072 0.663436
1073 0.662809
1074 0.662174
1075 0.662573
1076 0.662765
1077 0.663167
1078 0.664156
1079 0.664654
1080 0.664064
1081 0.664462
1082 0.664702
1083 0.664514
1084 0.665824
1085 0.665573
1086 0.668699
1087 0.668415
1088 0.667725
1089 0.667769
1090 0.667499
1091 0.668149
1092 0.668105
1093 0.668249
1094 0.668285
1095 0.668529
1096 0.668536
1097 0.668817
1098 0.668946
1099 0.669249
1100 0.668979
1101 0.66799
1102 0.668101
1103 0.667256
1104 0.667392
1105 0.667341
1106 0.66706
1107 0.66744
1108 0.666702
1109 0.666832
1110 0.666975
1111 0.669134
1112 0.66826
1113 0.668142
1114 0.667485
1115 0.667466
1116 0.667636
1117 0.66792
1118 0.668208
1119 0.667141
1120 0.668381
1121 0.668167
1122 0.668813
1123 0.668787
1124 0.668725
1125 0.668348
1126 0.669924
1127 0.669669
1128 0.670293
1129 0.670673
1130 0.671651
1131 0.6724
1132 0.671378
1133 0.671164
1134 0.670064
1135 0.670286
1136 0.669112
1137 0.670544
1138 0.672013
1139 0.673441
1140 0.673969
1141 0.675806
1142 0.675865
1143 0.676138
1144 0.675334
1145 0.675101
1146 0.67626
1147 0.676618
1148 0.675662
1149 0.675375
1150 0.675227
1151 0.673865
1152 0.673345
1153 0.671858
1154 0.671489
1155 0.670075
1156 0.66916
1157 0.669046
1158 0.668832
1159 0.668599
1160 0.669038
1161 0.665525
1162 0.666164
1163 0.665529
1164 0.666093
1165 0.665008
1166 0.664031
1167 0.663698
1168 0.663957
1169 0.663163
1170 0.663274
1171 0.662931
1172 0.664529
1173 0.662824
1174 0.663363
1175 0.663178
1176 0.661953
1177 0.6623
1178 0.662377
1179 0.661599
1180 0.662307
1181 0.662768
1182 0.663038
1183 0.663529
1184 0.663558
1185 0.663835
1186 0.67185
1187 0.672433
1188 0.673194
1189 0.673463
1190 0.67326
1191 0.672858
1192 0.672116
1193 0.672153
1194 0.671998
1195 0.673212
1196 0.673256
1197 0.67495
1198 0.674899
1199 0.674456
1200 0.673142
1201 0.672847
1202 0.672618
1203 0.673603
1204 0.674338
1205 0.671847
1206 0.671382
1207 0.671275
1208 0.671411
1209 0.671382
1210 0.670422
1211 0.673197
1212 0.671492
1213 0.670153
1214 0.671193
1215 0.670917
1216 0.669824
1217 0.669976
1218 0.669954
1219 0.669322
1220 0.670297
1221 0.669832
1222 0.669507
1223 0.669477
1224 0.668913
1225 0.669858
1226 0.669525
1227 0.66957
1228 0.668813
1229 0.669588
1230 0.670518
1231 0.671817
1232 0.671769
1233 0.669869
1234 0.670068
1235 0.669511
1236 0.664389
1237 0.663857
1238 0.662994
1239 0.663027
1240 0.663809
1241 0.665315
1242 0.66771
1243 0.669906
1244 0.669906
1245 0.670507
1246 0.671275
1247 0.670555
1248 0.669459
1249 0.667791
1250 0.667555
1251 0.667057
1252 0.666141
1253 0.665684
1254 0.665178
1255 0.66558
1256 0.665975
1257 0.665163
1258 0.665119
1259 0.664591
1260 0.665116
1261 0.664499
1262 0.664396
1263 0.663628
1264 0.663979
1265 0.664023
1266 0.664167
1267 0.665739
1268 0.666045
1269 0.666832
1270 0.668153
1271 0.668245
1272 0.668525
1273 0.667795
1274 0.668655
1275 0.666935
1276 0.668363
1277 0.668293
1278 0.669094
1279 0.668079
1280 0.667448
1281 0.667189
1282 0.667677
1283 0.66702
1284 0.667356
1285 0.666761
1286 0.665724
1287 0.665883
1288 0.666293
1289 0.666426
1290 0.666536
1291 0.666739
1292 0.666979
1293 0.666765
1294 0.667647
1295 0.668367
1296 0.668193
1297 0.667909
1298 0.667392
1299 0.667293
1300 0.668274
1301 0.668942
1302 0.668234
1303 0.66837
1304 0.668223
1305 0.668765
1306 0.669334
1307 0.669105
1308 0.669577
1309 0.669359
1310 0.669024
1311 0.661864
1312 0.661529
1313 0.660281
1314 0.660008
1315 0.658768
1316 0.658156
1317 0.656698
1318 0.657307
1319 0.656554
1320 0.656779
1321 0.657488
1322 0.656827
1323 0.656676
1324 0.656484
1325 0.656067
1326 0.655864
1327 0.65682
1328 0.656358
1329 0.655687
1330 0.65569
1331 0.655624
1332 0.655764
1333 0.655144
1334 0.65603
1335 0.655458
1336 0.660536
1337 0.660868
1338 0.660429
1339 0.660831
1340 0.660964
1341 0.661274
1342 0.660462
1343 0.660953
1344 0.660798
1345 0.661569
1346 0.661473
1347 0.662189
1348 0.662082
1349 0.661584
1350 0.662828
1351 0.663156
1352 0.664031
1353 0.664396
1354 0.664853
1355 0.665496
1356 0.665566
1357 0.666293
1358 0.66651
1359 0.666927
1360 0.668009
1361 0.666643
1362 0.667437
1363 0.667669
1364 0.66757
1365 0.667688
1366 0.668341
1367 0.668917
1368 0.669658
1369 0.670046
1370 0.670404
1371 0.671131
1372 0.672843
1373 0.673699
1374 0.673315
1375 0.673651
1376 0.673681
1377 0.673987
1378 0.67354
1379 0.673887
1380 0.674175
1381 0.674238
1382 0.674555
1383 0.675345
1384 0.674991
1385 0.674983
1386 0.673655
1387 0.673146
1388 0.673216
1389 0.67409
1390 0.674913
1391 0.675578
1392 0.67522
1393 0.676131
1394 0.676087
1395 0.675758
1396 0.676755
1397 0.676386
1398 0.6766
1399 0.676984
1400 0.677589
1401 0.677995
1402 0.678076
1403 0.678301
1404 0.679345
1405 0.679176
1406 0.680574
1407 0.679829
1408 0.680471
1409 0.681556
1410 0.681692
1411 0.682847
1412 0.682951
1413 0.682722
1414 0.682242
1415 0.682925
1416 0.683331
1417 0.685552
1418 0.685958
1419 0.686176
1420 0.687479
1421 0.687748
1422 0.688099
1423 0.689032
1424 0.689302
1425 0.68932
1426 0.68935
1427 0.689449
1428 0.691664
1429 0.691937
1430 0.692143
1431 0.694553
1432 0.694885
1433 0.696299
1434 0.697369
1435 0.699129
1436 0.703676
1437 0.705491
1438 0.704919
1439 0.704314
1440 0.705904
1441 0.707307
1442 0.707048
1443 0.70837
1444 0.710023
1445 0.710259
1446 0.712536
1447 0.715488
1448 0.716525
1449 0.718429
1450 0.719898
1451 0.721688
1452 0.724028
1453 0.726364
1454 0.729419
1455 0.732246
1456 0.734386
1457 0.735903
1458 0.738785
1459 0.741224
1460 0.743169
1461 0.744535
1462 0.747144
1463 0.748314
1464 0.749841
1465 0.750867
1466 0.752218
1467 0.754801
1468 0.756617
1469 0.756163
1470 0.756429
1471 0.761628
1472 0.762588
1473 0.764473
1474 0.766175
1475 0.765536
1476 0.767108
1477 0.767082
1478 0.767868
1479 0.76819
1480 0.769762
1481 0.768776
1482 0.770227
1483 0.771249
1484 0.771976
1485 0.773445
1486 0.776618
1487 0.776297
1488 0.778375
1489 0.777976
1490 0.777888
1491 0.779633
1492 0.779441
1493 0.779423
1494 0.782168
1495 0.784246
1496 0.786527
1497 0.785194
1498 0.78897
1499 0.789317
1500 0.793774
1501 0.796498
1502 0.797668
1503 0.799775
1504 0.798897
1505 0.799295
1506 0.798199
1507 0.796129
1508 0.794952
1509 0.797247
1510 0.797206
1511 0.800934
1512 0.801092
1513 0.799867
1514 0.797915
1515 0.796439
1516 0.787117
1517 0.786445
1518 0.780659
1519 0.775961
1520 0.773242
1521 0.769754
1522 0.742501
1523 0.739435
1524 0.734892
1525 0.729962
1526 0.728832
1527 0.72774
1528 0.727504
1529 0.726327
1530 0.724755
1531 0.7266
1532 0.725803
1533 0.7266
1534 0.724677
1535 0.727356
1536 0.71337
1537 0.711776
1538 0.710492
1539 0.708303
1540 0.706429
1541 0.706687
1542 0.705248
1543 0.707702
1544 0.708897
1545 0.712658
1546 0.716975
1547 0.717068
1548 0.720411
1549 0.719644
1550 0.700827
1551 0.688645
1552 0.679017
1553 0.676803
1554 0.673636
1555 0.671109
1556 0.67068
1557 0.668057
1558 0.668891
1559 0.668835
1560 0.671068
1561 0.665034
1562 0.667249
1563 0.670935
1564 0.673308
1565 0.67447
1566 0.67543
1567 0.675426
1568 0.675083
1569 0.673426
1570 0.673194
1571 0.672374
1572 0.671227
1573 0.669588
1574 0.67219
1575 0.675563
1576 0.677113
1577 0.67974
1578 0.683597
1579 0.688984
1580 0.693498
1581 0.693169
1582 0.690531
1583 0.688298
1584 0.688036
1585 0.685442
1586 0.682766
1587 0.68253
1588 0.68411
1589 0.682523
1590 0.681382
1591 0.679312
1592 0.678578
1593 0.679681
1594 0.678212
1595 0.679201
1596 0.676271
1597 0.674537
1598 0.672714
1599 0.674611
1600 0.677592
1601 0.683191
1602 0.683984
1603 0.68601
1604 0.685855
1605 0.684645
1606 0.684301
1607 0.686375
1608 0.682947
1609 0.68215
1610 0.684475
1611 0.683456
1612 0.686519
1613 0.685379
1614 0.68453
1615 0.674223
1616 0.674216
1617 0.671695
1618 0.662289
1619 0.661226
1620 0.651768
1621 0.647616
1622 0.646579
1623 0.645335
1624 0.643852
1625 0.644011
1626 0.643671
1627 0.645719
1628 0.649546
1629 0.649004
1630 0.648428
1631 0.650144
1632 0.651432
1633 0.653214
1634 0.654668
1635 0.655521
1636 0.649428
1637 0.652004
1638 0.652949
1639 0.649664
1640 0.646981
1641 0.644265
1642 0.641405
1643 0.64073
1644 0.638154
1645 0.640955
1646 0.639641
1647 0.6337
1648 0.627877
1649 0.627943
1650 0.628722
1651 0.628511
1652 0.626821
1653 0.626965
1654 0.632117
1655 0.634696
1656 0.632445
1657 0.634124
1658 0.636711
1659 0.637741
1660 0.63787
1661 0.637125
1662 0.642291
1663 0.645904
1664 0.645634
1665 0.647653
1666 0.653067
1667 0.656919
1668 0.662931
1669 0.664842
1670 0.666296
1671 0.667868
1672 0.665237
1673 0.665868
1674 0.663614
1675 0.661455
1676 0.660938
1677 0.659514
1678 0.657488
1679 0.659248
1680 0.657558
1681 0.656063
1682 0.65682
1683 0.655654
1684 0.651793
1685 0.650845
1686 0.62822
1687 0.630423
1688 0.628393
1689 0.630157
1690 0.633563
1691 0.63604
1692 0.64114
1693 0.646435
1694 0.647158
1695 0.652318
1696 0.657108
1697 0.660728
1698 0.66458
1699 0.665817
1700 0.66799
1701 0.668618
1702 0.669817
1703 0.667057
1704 0.668437
1705 0.669389
1706 0.667898
1707 0.660078
1708 0.654975
1709 0.652591
1710 0.645959
1711 0.637224
1712 0.63515
1713 0.629297
1714 0.624131
1715 0.62481
1716 0.620876
1717 0.620503
1718 0.619529
1719 0.615156
1720 0.610137
1721 0.613949
1722 0.607499
1723 0.60248
1724 0.601332
1725 0.598498
1726 0.598454
1727 0.599343
1728 0.592228
1729 0.589638
1730 0.587165
1731 0.553048
1732 0.530253
1733 0.525231
1734 0.511894
1735 0.514817
1736 0.496026
1737 0.495878
1738 0.482822
1739 0.481364
1740 0.477198
1741 0.457716
1742 0.452675
1743 0.452306
1744 0.43691
1745 0.433335
1746 0.430851
1747 0.427238
1748 0.410599
1749 0.406702
1750 0.401019
1751 0.397919
1752 0.392309
1753 0.381644
1754 0.378076
1755 0.37436
1756 0.373028
1757 0.368747
1758 0.367459
1759 0.36492
1760 0.363757
1761 0.361964
1762 0.360126
1763 0.357694
1764 0.356281
1765 0.354528
1766 0.354351
1767 0.361883
1768 0.361975
1769 0.363034
1770 0.364274
1771 0.361495
1772 0.369142
1773 0.367773
1774 0.365499
1775 0.36471
1776 0.369201
1777 0.369374
1778 0.36985
1779 0.369607
1780 0.36644
1781 0.36599
1782 0.368909
1783 0.365735
1784 0.365868
1785 0.36003
1786 0.357875
1787 0.356764
1788 0.350026
1789 0.345712
1790 0.343671
1791 0.339715
1792 0.338088
1793 0.333848
1794 0.324873
1795 0.316389
1796 0.31389
1797 0.311569
1798 0.310325
1799 0.310894
1800 0.308554
1801 0.308285
1802 0.306532
1803 0.306779
1804 0.308694
1805 0.310396
1806 0.315975
1807 0.315307
1808 0.315326
1809 0.311547
1810 0.307436
1811 0.304713
1812 0.304406
1813 0.307167
1814 0.305598
1815 0.304129
1816 0.300144
1817 0.299255
1818 0.294321
1819 0.293896
1820 0.291151
1821 0.288626
1822 0.284338
1823 0.283357
1824 0.277947
1825 0.271732
1826 0.267854
1827 0.262495
1828 0.25779
1829 0.259927
1830 0.258646
1831 0.259388
1832 0.259307
1833 0.25868
1834 0.255078
1835 0.253912
1836 0.250395
1837 0.248694
1838 0.247635
1839 0.242582
1840 0.24173
1841 0.241221
1842 0.237077
1843 0.233416
1844 0.230563
1845 0.22695
1846 0.219525
1847 0.216998
1848 0.212344
1849 0.204137
1850 0.202432
1851 0.194376
1852 0.184678
1853 0.179054
1854 0.175079
1855 0.174758
1856 0.172563
1857 0.16919
1858 0.167614
1859 0.166629
1860 0.166005
1861 0.162647
1862 0.159765
1863 0.153572
1864 0.149454
1865 0.150203
1866 0.156399
1867 0.162123
1868 0.165717
1869 0.170031
1870 0.173035
1871 0.173592
1872 0.178707
1873 0.179257
1874 0.179921
1875 0.184228
1876 0.193538
1877 0.196723
1878 0.207665
1879 0.218219
1880 0.222367
1881 0.231674
1882 0.238626
1883 0.24232
1884 0.248052
1885 0.252266
1886 0.254528
1887 0.256543
1888 0.263584
1889 0.26699
1890 0.27302
1891 0.278855
1892 0.282475
1893 0.289719
1894 0.29538
1895 0.296915
1896 0.290243
1897 0.287276
1898 0.289737
1899 0.290217
1900 0.293372
1901 0.295483
1902 0.302528
1903 0.314067
1904 0.318068
1905 0.325231
1906 0.33546
1907 0.336936
1908 0.342852
1909 0.345815
1910 0.344693
1911 0.3378
1912 0.332844
1913 0.332275
1914 0.330349
1915 0.326445
1916 0.323271
1917 0.319334
1918 0.313473
1919 0.3133
1920 0.310831
1921 0.313381
1922 0.311174
1923 0.307753
1924 0.302122
1925 0.291442
1926 0.285641
1927 0.283478
1928 0.279401
1929 0.272917
1930 0.269817
1931 0.269149
1932 0.266935
1933 0.260399
1934 0.259215
1935 0.257085
1936 0.251923
1937 0.253458
1938 0.252768
1939 0.25234
1940 0.252443
1941 0.25076
1942 0.246797
1943 0.249107
1944 0.243232
1945 0.238291
1946 0.236265
1947 0.224544
1948 0.212193
1949 0.206993
1950 0.196941
1951 0.190992
1952 0.184722
1953 0.169341
1954 0.15758
1955 0.153513
1956 0.141988
1957 0.129006
1958 0.125954
1959 0.117795
1960 0.111034
1961 0.102827
1962 0.0955015
1963 0.0861503
1964 0.0813197
1965 0.0724039
1966 0.0626245
1967 0.0593623
1968 0.0532216
1969 0.0521515
1970 0.0531552
1971 0.0540224
1972 0.0523618
1973 0.0502473
1974 0.0469444
1975 0.0447339
1976 0.0436416
1977 0.0406451
1978 0.0389365
1979 0.0377814
1980 0.0371688
1981 0.0371319
1982 0.037143
1983 0.0373127
1984 0.0375083
1985 0.0372315
1986 0.0371946
1987 0.037047
1988 0.036999
1989 0.0364824
1990 0.0364344
1991 0.0365599
1992 0.0369954
1993 0.0366743
1994 0.0366891
1995 0.0369142
1996 0.0366374
1997 0.0368256
1998 0.036427
1999 0.0371614
2000 0.0381873
2001 0.0465496
2002 0.0577423
2003 0.0642815
2004 0.0782013
2005 0.0922836
2006 0.0993357
2007 0.113241
2008 0.126755
2009 0.13456
2010 0.149004
2011 0.162503
2012 0.1694
2013 0.184128
2014 0.198834
2015 0.205775
2016 0.218917
2017 0.230043
2018 0.236733
2019 0.245007
2020 0.246583
2021 0.249915
2022 0.252683
2023 0.257584
2024 0.264776
2025 0.273773
2026 0.283663
2027 0.287099
2028 0.297944
2029 0.310041
2030 0.314174
2031 0.314481
2032 0.302727
2033 0.298321
2034 0.292306
2035 0.290748
2036 0.288885
2037 0.288431
2038 0.275046
2039 0.274625
2040 0.274489
2041 0.270835
2042 0.263492
2043 0.26175
2044 0.246848
2045 0.24242
2046 0.232615
2047 0.225482
2048 0.223046
2049 0.217743
2050 0.213027
2051 0.210355
2052 0.21258
2053 0.199502
2054 0.194428
2055 0.185445
2056 0.175467
2057 0.169913
2058 0.157613
2059 0.145712
2060 0.138346
2061 0.127947
2062 0.115651
2063 0.111163
2064 0.106923
2065 0.0999668
2066 0.096413
2067 0.0920142
2068 0.0880545
2069 0.0870728
2070 0.0851502
2071 0.0791534
2072 0.0762529
2073 0.0748579
2074 0.0682855
2075 0.0653222
2076 0.0640121
2077 0.0633737
2078 0.0630452
2079 0.0593291
2080 0.0544099
2081 0.0526386
2082 0.0470625
2083 0.043125
2084 0.0419883
2085 0.0421138
2086 0.0428666
2087 0.0422762
2088 0.042195
2089 0.0420216
2090 0.0418407
2091 0.0412466
2092 0.0412023
2093 0.041361
2094 0.0415713
2095 0.0420585
2096 0.0423943
2097 0.0443354
2098 0.0467894
2099 0.0484722
2100 0.0527308
2101 0.0582036
2102 0.0613514
2103 0.0679534
2104 0.0744557
2105 0.0786036
2106 0.0863163
2107 0.0934349
2108 0.0980109
2109 0.107052
2110 0.118134
2111 0.123983
2112 0.135349
2113 0.145564
2114 0.15124
2115 0.162824
2116 0.174179
2117 0.179242
2118 0.190069
2119 0.202834
2120 0.209082
2121 0.21954
2122 0.231858
2123 0.240542
2124 0.25272
2125 0.264551
2126 0.268913
2127 0.282191
2128 0.294575
2129 0.298218
2130 0.305569
2131 0.311886
2132 0.315551
2133 0.32095
2134 0.324279
2135 0.324773
2136 0.321703
2137 0.326891
2138 0.327057
2139 0.32495
2140 0.325482
2141 0.325699
2142 0.32543
2143 0.32447
2144 0.323301
2145 0.32326
2146 0.321751
2147 0.320887
2148 0.316573
2149 0.312983
2150 0.310765
2151 0.304391
2152 0.294727
2153 0.291121
2154 0.286279
2155 0.289918
2156 0.293428
2157 0.292892
2158 0.295701
2159 0.294885
2160 0.295955
2161 0.296195
2162 0.297114
2163 0.297332
2164 0.296454
2165 0.294608
2166 0.293789
2167 0.292033
2168 0.2919
2169 0.287833
2170 0.284667
2171 0.283054
2172 0.277799
2173 0.271378
2174 0.268105
2175 0.256362
2176 0.241929
2177 0.23618
2178 0.223825
2179 0.210964
2180 0.202476
2181 0.190461
2182 0.178998
2183 0.175766
2184 0.167614
2185 0.156628
2186 0.150915
2187 0.143265
2188 0.134242
2189 0.131017
2190 0.119699
2191 0.110569
2192 0.103827
2193 0.0915086
2194 0.0847885
2195 0.0822201
2196 0.0770537
2197 0.0725109
2198 0.0699351
2199 0.0635693
2200 0.0593439
2201 0.0570522
2202 0.0509853
2203 0.0461695
2204 0.0456528
2205 0.0434423
2206 0.0409698
2207 0.0394826
2208 0.0338328
2209 0.0262455
2210 0.0258506
2211 0.029135
2212 0.0318105
2213 0.0335375
2214 0.0343309
2215 0.0346483
2216 0.0344786
2217 0.0341612
2218 0.0346446
2219 0.0345819
2220 0.0347775
2221 0.0340837
2222 0.0339139
2223 0.0341206
2224 0.0339435
2225 0.0337774
2226 0.0345155
2227 0.0355155
2228 0.0366485
2229 0.0382205
2230 0.0381947
2231 0.0376412
2232 0.0375341
2233 0.0378552
2234 0.0380988
2235 0.0384272
2236 0.0381246
2237 0.0382722
2238 0.0384752
2239 0.0386597
2240 0.0390693
2241 0.0393608
2242 0.0386708
2243 0.0381467
2244 0.0369511
2245 0.0366743
2246 0.0363754
2247 0.035438
2248 0.0357517
2249 0.0362056
2250 0.0383276
2251 0.0392981
2252 0.0399734
2253 0.0416267
2254 0.0421175
2255 0.042398
2256 0.0428777
2257 0.0422909
2258 0.0428408
2259 0.043387
2260 0.0438114
2261 0.0435973
2262 0.0437339
2263 0.044387
2264 0.0440807
2265 0.044542
2266 0.0485866
2267 0.0518009
2268 0.0586169
2269 0.0672928
2270 0.0706178
2271 0.0766662
2272 0.081482
2273 0.0845782
2274 0.0892464
2275 0.0932394
2276 0.0944572
2277 0.0985054
2278 0.100111
2279 0.100945
2280 0.102616
2281 0.104281
2282 0.105181
2283 0.107115
2284 0.107052
2285 0.107912
2286 0.109595
2287 0.110573
2288 0.111281
2289 0.112957
2290 0.112883
2291 0.113174
2292 0.113802
2293 0.113654
2294 0.113602
2295 0.113359
2296 0.113728
2297 0.11437
2298 0.116023
2299 0.120669
2300 0.122703
2301 0.124777
2302 0.126404
2303 0.126615
2304 0.128246
2305 0.13039
2306 0.131109
2307 0.131309
2308 0.130744
2309 0.12991
2310 0.127308
2311 0.120725
2312 0.117551
2313 0.111772
2314 0.106576
2315 0.106181
2316 0.0990294
2317 0.0931434
2318 0.0915713
2319 0.0884973
2320 0.0872611
2321 0.085582
2322 0.0851539
2323 0.0805115
2324 0.0792272
2325 0.0753819
2326 0.0750055
2327 0.0745516
2328 0.0757584
2329 0.0767953
2330 0.0757215
2331 0.0743782
2332 0.0724186
2333 0.0715034
2334 0.0700162
2335 0.0664108
2336 0.0634992
2337 0.0613772
2338 0.0600635
2339 0.058174
2340 0.0569784
2341 0.0552771
2342 0.0537457
2343 0.0512436
2344 0.0501255
2345 0.0493468
2346 0.0483615
2347 0.0477784
2348 0.0469592
2349 0.0467341
2350 0.0464167
2351 0.0466713
2352 0.0456454
2353 0.0462728
2354 0.0459739
2355 0.0453022
2356 0.0439258
2357 0.0434165
2358 0.0424422
2359 0.0414828
2360 0.0411064
2361 0.0411506
2362 0.0409181
2363 0.0411949
2364 0.0419846
2365 0.0423684
2366 0.0423684
2367 0.0427338
2368 0.042826
2369 0.0428962
2370 0.0432467
2371 0.044125
2372 0.0446269
2373 0.0459444
2374 0.0460846
2375 0.0449664
2376 0.044852
2377 0.0440586
2378 0.0437708
2379 0.0437523
2380 0.0431286
2381 0.0431434
2382 0.0428371
2383 0.0452358
2384 0.0483246
2385 0.0566684
2386 0.0660159
2387 0.0701269
2388 0.0782899
2389 0.0816518
2390 0.0823087
2391 0.0818658
2392 0.0817957
2393 0.0820245
2394 0.0845597
2395 0.0878921
2396 0.0886449
2397 0.0888922
2398 0.0896007
2399 0.0897631
2400 0.0903498
2401 0.091051
2402 0.091468
2403 0.0927264
2404 0.0945273
2405 0.0954093
2406 0.097808
2407 0.0987933
2408 0.0989999
2409 0.100417
2410 0.102295
2411 0.10169
2412 0.104901
2413 0.104458
2414 0.100236
2415 0.0951583
2416 0.08856
2417 0.0876338
2418 0.0829803
2419 0.0765444
2420 0.0742269
2421 0.0662816
2422 0.058484
2423 0.0543546
2424 0.047605
2425 0.0391763
2426 0.0341206
2427 0.0253561
2428 0.0239796
2429 0.0258506
2430 0.0322385
2431 0.0337589
2432 0.0343088
2433 0.0414237
2434 0.0488302
2435 0.0516606
2436 0.0552624
2437 0.057233
2438 0.0581519
2439 0.0599749
2440 0.0626098
2441 0.0637206
2442 0.0658979
2443 0.0673998
2444 0.0684331
2445 0.070138
2446 0.0718762
2447 0.0726437
2448 0.0742675
2449 0.0756329
2450 0.0763414
2451 0.0773194
2452 0.0779024
2453 0.0783895
2454 0.0787438
2455 0.0795483
2456 0.0790317
2457 0.077895
2458 0.0789505
2459 0.0803712
2460 0.0826961
2461 0.0846114
2462 0.0857923
2463 0.0870728
2464 0.0827921
2465 0.0798177
2466 0.0750055
2467 0.0683187
2468 0.0654513
2469 0.0610488
2470 0.0570448
2471 0.0552476
2472 0.0506347
2473 0.0455864
2474 0.0447598
2475 0.0409181
2476 0.0388405
2477 0.0368699
2478 0.0345819
2479 0.0349841
2480 0.0355487
2481 0.0355598
2482 0.0361798
2483 0.0364787
2484 0.0372574
2485 0.0377629
2486 0.0385933
2487 0.0389844
2488 0.0394457
2489 0.0395933
2490 0.0398258
2491 0.0404716
2492 0.0408665
2493 0.0409772
2494 0.0413019
2495 0.0411839
2496 0.0412318
2497 0.0414828
2498 0.0415713
2499 0.0422319
2500 0.042826
2501 0.0429552
2502 0.0430327
2503 0.0435272
2504 0.0439442
2505 0.0447413
2506 0.0438003
2507 0.043077
2508 0.045627
2509 0.0490664
2510 0.0511255
2511 0.0564359
2512 0.0641966
2513 0.0673408
2514 0.0711971
2515 0.0717064
2516 0.0721345
2517 0.0731013
2518 0.0720422
2519 0.0722341
2520 0.0749391
2521 0.0778618
2522 0.078301
2523 0.0813344
2524 0.0831168
2525 0.0839472
2526 0.0858993
2527 0.0877482
2528 0.0885896
2529 0.0899587
2530 0.091623
2531 0.0924422
2532 0.0935604
2533 0.0945162
2534 0.0954093
2535 0.0966677
2536 0.0980441
2537 0.0988412
2538 0.0997011
2539 0.101395
2540 0.102428
2541 0.103019
2542 0.103122
2543 0.102967
2544 0.104107
2545 0.105904
2546 0.105964
2547 0.107473
2548 0.108953
2549 0.10937
2550 0.106731
2551 0.101587
2552 0.100513
2553 0.0951952
2554 0.0907373
2555 0.0880655
2556 0.0827072
2557 0.0744225
2558 0.0701712
2559 0.0614658
2560 0.0528858
2561 0.0477305
2562 0.038298
2563 0.0267289
2564 0.0195365
2565 0
2566 0.016968
2567 0.0220976
2568 0.0277253
2569 0.0292457
2570 0.0294671
2571 0.0293343
2572 0.0284523
2573 0.0281128
2574 0.0276257
2575 0.0274411
2576 0.0274227
2577 0.0274707
2578 0.0272271
2579 0.0273194
2580 0.0272677
2581 0.0272935
2582 0.0273378
2583 0.0273821
2584 0.0273526
2585 0.0274485
2586 0.0278176
2587 0.0277474
2588 0.0277068
2589 0.0277806
2590 0.0277105
2591 0.0277327
2592 0.0276958
2593 0.0277253
2594 0.0277585
2595 0.0278729
2596 0.0279873
2597 0.0281054
2598 0.0280316
2599 0.0279246
2600 0.0280168
2601 0.0280611
2602 0.0280833
2603 0.0280537
2604 0.0280353
2605 0.0279947
2606 0.0279541
2607 0.0280316
2608 0.0280316
2609 0.0280537
2610 0.0280685
2611 0.0280242
2612 0.0280353
2613 0.0278803
2614 0.0276921
2615 0.0277068
2616 0.0278729
2617 0.0278618
2618 0.0278102
2619 0.0277548
2620 0.0277991
2621 0.0278729
2622 0.0279615
2623 0.0279652
2624 0.0289246
2625 0.0338623
2626 0.039907
2627 0.0429663
2628 0.0470035
2629 0.0510001
2630 0.0523766
2631 0.0543324
2632 0.05603
2633 0.056768
2634 0.0584766
2635 0.0598384
2636 0.0606724
2637 0.0645177
2638 0.0716769
2639 0.0754853
2640 0.0846372
2641 0.0921544
2642 0.0961731
2643 0.105019
2644 0.114459
2645 0.120001
2646 0.12946
2647 0.1366
2648 0.139143
2649 0.146745
2650 0.151229
2651 0.153764
2652 0.157543
2653 0.162237
2654 0.164182
2655 0.166688
2656 0.171315
2657 0.173064
2658 0.178124
2659 0.17839
2660 0.179947
2661 0.184353
2662 0.184822
2663 0.184309
2664 0.180984
2665 0.178832
2666 0.175445
2667 0.171906
2668 0.170858
2669 0.170101
2670 0.169688
2671 0.171013
2672 0.170168
2673 0.171031
2674 0.174681
2675 0.177257
2676 0.177559
2677 0.17915
2678 0.179135
2679 0.177013
2680 0.172304
2681 0.168212
2682 0.162536
2683 0.155871
2684 0.152299
2685 0.149092
2686 0.143354
2687 0.141597
2688 0.143763
2689 0.141811
2690 0.14035
2691 0.134597
2692 0.129194
2693 0.125832
2694 0.120795
2695 0.116016
2696 0.113141
2697 0.107203
2698 0.0998671
2699 0.096151
2700 0.0889401
2701 0.0784707
2702 0.0750572
2703 0.072319
2704 0.0747288
2705 0.0756476
2706 0.075489
2707 0.073618
2708 0.0723522
2709 0.0692376
2710 0.0676581
2711 0.0666544
2712 0.0671821
2713 0.067957
2714 0.0682486
2715 0.0682966
2716 0.068625
2717 0.0687136
2718 0.0688427
2719 0.0689534
2720 0.0687578
2721 0.0687947
2722 0.0703336
2723 0.0709794
2724 0.0720053
2725 0.0733523
2726 0.073773
2727 0.0758395
2728 0.0800797
2729 0.0826814
2730 0.087929
2731 0.0931655
2732 0.0951472
2733 0.0986014
2734 0.100816
2735 0.101779
2736 0.103299
2737 0.104185
2738 0.104639
2739 0.105292
2740 0.106473
2741 0.106938
2742 0.107639
2743 0.107894
2744 0.10858
2745 0.109359
2746 0.110702
2747 0.112355
2748 0.114496
2749 0.116108
2750 0.116411
2751 0.117245
2752 0.118511
2753 0.118573
2754 0.119776
2755 0.121201
2756 0.121526
2757 0.122326
2758 0.122286
2759 0.123504
2760 0.124983
2761 0.123526
2762 0.124463
2763 0.125087
2764 0.125655
2765 0.127157
2766 0.127869
2767 0.128618
2768 0.128652
2769 0.129497
2770 0.129762
2771 0.13032
2772 0.130563
2773 0.131095
2774 0.131353
2775 0.13036
2776 0.130641
2777 0.13063
2778 0.131393
2779 0.133353
2780 0.133748
2781 0.136947
2782 0.138686
2783 0.139287
2784 0.139756
2785 0.140298
2786 0.140494
2787 0.140232
2788 0.140077
2789 0.140468
2790 0.141612
2791 0.141852
2792 0.142232
2793 0.141881
2794 0.141516
2795 0.140944
2796 0.141287
2797 0.14152
2798 0.14176
2799 0.14204
2800 0.142671
2801 0.143029
2802 0.143664
2803 0.143649
2804 0.143988
2805 0.14404
2806 0.145155
2807 0.145025
2808 0.145682
2809 0.14597
2810 0.1458
2811 0.144856
2812 0.145575
2813 0.145955
2814 0.147288
2815 0.147236
2816 0.147446
2817 0.147804
2818 0.147372
2819 0.147583
2820 0.147852
2821 0.148173
2822 0.14852
2823 0.149018
2824 0.14838
2825 0.148435
2826 0.148221
2827 0.148081
2828 0.148424
2829 0.148601
2830 0.148428
2831 0.148535
2832 0.148815
2833 0.149188
2834 0.149299
2835 0.148948
2836 0.148033
2837 0.148266
2838 0.148336
2839 0.148845
2840 0.14866
2841 0.148653
2842 0.148498
2843 0.148487
2844 0.147557
2845 0.147815
2846 0.147992
2847 0.147841
2848 0.148421
2849 0.149232
2850 0.151472
2851 0.154034
2852 0.154543
2853 0.156938
2854 0.158266
2855 0.157521
2856 0.156373
2857 0.154417
2858 0.153805
2859 0.15203
2860 0.150908
2861 0.147516
2862 0.147487
2863 0.147502
2864 0.14766
2865 0.148531
2866 0.149118
2867 0.149314
2868 0.149572
2869 0.150011
2870 0.150609
2871 0.151166
2872 0.151443
2873 0.151768
2874 0.151447
2875 0.151037
2876 0.150852
2877 0.150266
2878 0.150897
2879 0.151199
2880 0.152502
2881 0.153724
2882 0.154432
2883 0.155727
2884 0.156657
2885 0.157395
2886 0.156377
2887 0.157635
2888 0.157967
2889 0.158318
2890 0.159683
2891 0.159835
2892 0.159842
2893 0.158975
2894 0.15934
2895 0.157495
2896 0.157587
2897 0.158078
2898 0.15865
2899 0.158532
2900 0.159484
2901 0.159078
2902 0.159248
2903 0.159274
2904 0.158798
2905 0.158687
2906 0.158691
2907 0.159163
2908 0.160071
2909 0.160348
2910 0.159975
2911 0.159665
2912 0.159742
2913 0.159717
2914 0.160252
2915 0.159993
2916 0.1601
2917 0.159857
2918 0.159595
2919 0.158979
2920 0.158646
2921 0.158787
2922 0.158883
2923 0.15958
2924 0.159455
2925 0.15975
2926 0.159181
2927 0.158868
2928 0.158849
2929 0.159606
2930 0.159975
2931 0.162163
2932 0.163396
2933 0.163754
2934 0.164569
2935 0.164621
2936 0.163566
2937 0.163466
2938 0.163636
2939 0.164348
2940 0.166832
2941 0.169005
2942 0.170658
2943 0.174216
2944 0.177936
2945 0.179895
2946 0.184239
2947 0.189383
2948 0.191619
2949 0.196572
2950 0.200469
2951 0.203288
2952 0.208787
2953 0.211809
2954 0.213182
2955 0.217806
2956 0.222625
2957 0.224994
2958 0.230002
2959 0.235364
2960 0.23911
2961 0.24542
2962 0.250166
2963 0.252528
2964 0.257761
2965 0.262433
2966 0.264824
2967 0.269551
2968 0.274817
2969 0.279375
2970 0.284578
2971 0.288955
2972 0.291486
2973 0.297782
2974 0.304801
2975 0.307554
2976 0.31251
2977 0.316392
2978 0.318108
2979 0.322219
2980 0.325884
2981 0.327412
2982 0.333036
2983 0.339139
2984 0.342453
2985 0.346756
2986 0.359185
2987 0.36051
2988 0.362839
2989 0.367415
2990 0.370987
2991 0.376415
2992 0.382748
2993 0.387088
2994 0.393538
2995 0.39786
2996 0.400011
2997 0.404631
2998 0.414182
2999 0.418839
3000 0.426984
3001 0.434235
3002 0.438398
3003 0.4438
3004 0.449487
3005 0.452373
3006 0.45944
3007 0.467068
3008 0.471123
3009 0.476068
3010 0.48253
3011 0.495003
3012 0.499088
3013 0.50627
3014 0.5091
3015 0.524419
3016 0.535896
3017 0.541501
3018 0.549771
3019 0.556314
3020 0.560348
3021 0.567153
3022 0.570212
3023 0.571717
3024 0.577013
3025 0.581548
3026 0.582523
3027 0.584028
3028 0.585781
3029 0.58653
3030 0.590782
3031 0.595527
3032 0.597317
3033 0.599775
3034 0.602639
3035 0.603406
3036 0.610248
3037 0.612994
3038 0.613735
3039 0.615865
3040 0.595549
3041 0.59121
3042 0.587741
3043 0.584239
3044 0.584877
3045 0.585626
3046 0.586874
3047 0.585829
3048 0.585907
3049 0.586368
3050 0.585619
3051 0.585575
3052 0.58491
3053 0.583814
3054 0.583718
3055 0.582419
3056 0.581202
3057 0.58384
3058 0.586069
3059 0.586597
3060 0.590453
3061 0.591748
3062 0.593793
3063 0.595132
3064 0.598162
3065 0.598553
3066 0.599561
3067 0.603052
3068 0.603642
3069 0.605506
3070 0.608665
3071 0.608931
3072 0.609241
3073 0.609119
3074 0.609056
3075 0.608643
3076 0.60834
3077 0.609093
3078 0.60727
3079 0.607303
3080 0.608133
3081 0.609968
3082 0.61444
3083 0.615451
3084 0.620108
3085 0.623422
3086 0.628024
3087 0.631681
3088 0.634811
3089 0.637224
3090 0.637534
3091 0.638678
3092 0.638874
3093 0.63887
3094 0.636353
3095 0.635748
3096 0.634235
3097 0.631357
3098 0.630464
3099 0.627648
3100 0.627755
3101 0.627271
3102 0.625371
3103 0.624389
3104 0.623655
3105 0.622773
3106 0.621544
3107 0.620297
3108 0.619311
3109 0.618562
3110 0.618241
3111 0.619562
3112 0.618108
3113 0.61799
3114 0.617795
3115 0.616979
3116 0.615318
3117 0.613898
3118 0.612569
3119 0.612259
3120 0.61251
3121 0.612455
3122 0.611946
3123 0.612045
3124 0.612137
3125 0.612853
3126 0.614241
3127 0.616278
3128 0.616894
3129 0.618699
3130 0.621979
3131 0.621485
3132 0.622264
3133 0.623053
3134 0.623876
3135 0.625061
3136 0.632962
3137 0.632316
3138 0.632202
3139 0.63353
3140 0.632829
3141 0.633224
3142 0.633991
3143 0.633626
3144 0.633139
3145 0.632179
3146 0.631958
3147 0.631194
3148 0.630829
3149 0.630607
3150 0.630382
3151 0.630091
3152 0.629559
3153 0.629187
3154 0.629253
3155 0.629275
3156 0.628814
3157 0.628759
3158 0.628511
3159 0.628578
3160 0.62822
3161 0.628323
3162 0.628275
3163 0.627965
3164 0.628401
3165 0.627821
3166 0.628091
3167 0.627264
3168 0.626603
3169 0.625633
3170 0.626009
3171 0.625633
3172 0.625452
3173 0.623921
3174 0.623902
3175 0.623385
3176 0.622928
3177 0.623157
3178 0.624946
3179 0.62512
3180 0.625921
3181 0.628087
3182 0.630069
3183 0.630582
3184 0.632685
3185 0.6337
3186 0.636619
3187 0.636914
3188 0.636143
3189 0.634962
3190 0.635294
3191 0.635826
3192 0.636936
3193 0.637789
3194 0.637922
3195 0.637003
3196 0.637578
3197 0.637302
3198 0.636497
3199 0.635634
3200 0.635763
3201 0.635058
3202 0.635449
3203 0.634741
3204 0.635043
3205 0.635099
3206 0.634287
3207 0.634309
3208 0.633759
3209 0.633567
3210 0.633161
3211 0.634822
3212 0.634777
3213 0.634324
3214 0.635512
3215 0.635659
3216 0.635065
3217 0.634567
3218 0.634715
3219 0.634364
3220 0.634368
3221 0.633929
3222 0.633656
3223 0.6336
3224 0.633205
3225 0.633209
3226 0.633205
3227 0.633246
3228 0.633501
3229 0.633534
3230 0.633538
3231 0.632264
3232 0.632117
3233 0.631999
3234 0.632095
3235 0.631733
3236 0.633187
3237 0.63274
3238 0.632301
3239 0.632109
3240 0.631929
3241 0.631508
3242 0.631261
3243 0.631131
3244 0.631298
3245 0.630962
3246 0.630969
3247 0.630434
3248 0.630855
3249 0.630999
3250 0.631198
3251 0.631231
3252 0.63094
3253 0.63115
3254 0.631131
3255 0.630094
3256 0.629711
3257 0.629629
3258 0.629858
3259 0.630737
3260 0.631083
3261 0.630855
3262 0.630504
3263 0.630726
3264 0.6315
3265 0.631478
3266 0.631338
3267 0.630574
3268 0.630737
3269 0.631061
3270 0.63187
3271 0.632423
3272 0.632585
3273 0.633213
3274 0.633977
3275 0.634032
3276 0.634552
3277 0.635892
3278 0.636154
3279 0.635925
3280 0.636383
3281 0.636471
3282 0.636564
3283 0.636553
3284 0.63691
3285 0.636933
3286 0.644413
3287 0.644653
3288 0.644269
3289 0.643442
3290 0.642778
3291 0.64345
3292 0.643601
3293 0.643944
3294 0.64493
3295 0.64493
3296 0.644564
3297 0.643487
3298 0.643343
3299 0.643169
3300 0.642656
3301 0.6418
3302 0.641391
3303 0.641058
3304 0.640889
3305 0.640497
3306 0.640752
3307 0.640974
3308 0.640435
3309 0.640239
3310 0.641081
3311 0.644059
3312 0.643239
3313 0.641926
3314 0.641272
3315 0.640708
3316 0.640095
3317 0.639796
3318 0.638715
3319 0.638088
3320 0.637088
3321 0.636855
3322 0.636527
3323 0.636172
3324 0.635685
3325 0.635984
3326 0.636065
3327 0.635733
3328 0.635785
3329 0.635567
3330 0.635541
3331 0.635183
3332 0.635737
3333 0.635231
3334 0.634431
3335 0.634095
3336 0.630482
3337 0.630511
3338 0.630283
3339 0.630094
3340 0.629331
3341 0.629113
3342 0.629589
3343 0.629681
3344 0.629142
3345 0.629046
3346 0.628426
3347 0.627877
3348 0.627032
3349 0.626589
3350 0.626762
3351 0.626327
3352 0.62605
3353 0.626046
3354 0.626792
3355 0.627408
3356 0.627596
3357 0.628489
3358 0.629172
3359 0.629061
3360 0.628995
3361 0.633412
3362 0.632456
3363 0.632652
3364 0.632154
3365 0.63212
3366 0.630515
3367 0.630109
3368 0.629187
3369 0.628264
3370 0.627057
3371 0.626976
3372 0.627751
3373 0.628179
3374 0.627847
3375 0.628504
3376 0.62798
3377 0.627902
3378 0.62764
3379 0.627832
3380 0.627854
3381 0.628017
3382 0.627401
3383 0.627799
3384 0.627895
3385 0.627699
3386 0.626618
3387 0.626386
3388 0.626142
3389 0.626061
3390 0.626268
3391 0.626537
3392 0.626961
3393 0.626899
3394 0.626895
3395 0.626969
3396 0.626637
3397 0.626456
3398 0.626699
3399 0.627194
3400 0.628242
3401 0.628438
3402 0.629161
3403 0.630467
3404 0.630807
3405 0.631475
3406 0.631493
3407 0.631179
3408 0.63081
3409 0.630589
3410 0.630098
3411 0.630552
3412 0.630375
3413 0.630157
3414 0.629751
3415 0.629142
3416 0.628637
3417 0.627902
3418 0.627836
3419 0.627884
3420 0.627766
3421 0.627563
3422 0.627216
3423 0.627087
3424 0.62674
3425 0.626626
3426 0.626552
3427 0.626622
3428 0.62677
3429 0.626781
3430 0.62719
3431 0.627227
3432 0.627142
3433 0.628401
3434 0.629117
3435 0.631991
3436 0.64356
3437 0.643405
3438 0.643125
3439 0.643335
3440 0.643328
3441 0.64373
3442 0.643974
3443 0.64369
3444 0.643933
3445 0.644339
3446 0.64497
3447 0.645564
3448 0.64604
3449 0.646107
3450 0.646568
3451 0.646745
3452 0.647206
3453 0.647782
3454 0.648539
3455 0.648561
3456 0.648465
3457 0.648122
3458 0.648166
3459 0.647933
3460 0.647395
3461 0.651797
3462 0.651565
3463 0.651782
3464 0.651528
3465 0.651764
3466 0.651635
3467 0.651192
3468 0.650893
3469 0.650258
3470 0.649915
3471 0.649421
3472 0.649775
3473 0.649672
3474 0.649111
3475 0.650111
3476 0.650125
3477 0.65007
3478 0.650185
3479 0.650376
3480 0.65034
3481 0.650343
3482 0.649978
3483 0.650074
3484 0.650114
3485 0.650011
3486 0.649579
3487 0.649387
3488 0.649015
3489 0.648922
3490 0.648775
3491 0.649192
3492 0.648712
3493 0.649015
3494 0.648531
3495 0.649535
3496 0.649376
3497 0.650107
3498 0.650255
3499 0.650089
3500 0.649893
3501 0.64983
3502 0.650066
3503 0.649701
3504 0.649941
3505 0.649834
3506 0.649845
3507 0.649797
3508 0.649613
3509 0.649897
3510 0.650074
3511 0.651642
3512 0.65114
3513 0.651026
3514 0.651011
3515 0.651303
3516 0.651255
3517 0.651247
3518 0.651354
3519 0.651247
3520 0.651159
3521 0.651605
3522 0.651177
3523 0.651085
3524 0.650823
3525 0.651325
3526 0.651406
3527 0.651321
3528 0.65165
3529 0.65155
3530 0.651686
3531 0.65165
3532 0.651638
3533 0.651583
3534 0.651351
3535 0.65121
3536 0.649332
3537 0.64924
3538 0.649686
3539 0.649369
3540 0.649299
3541 0.6489
3542 0.649177
3543 0.649103
3544 0.648926
3545 0.648483
3546 0.648782
3547 0.649513
3548 0.64948
3549 0.64952
3550 0.649852
3551 0.649565
3552 0.649509
3553 0.649701
3554 0.649609
3555 0.64938
3556 0.64917
3557 0.649136
3558 0.649037
3559 0.649044
3560 0.649317
3561 0.647867
3562 0.64762
3563 0.647531
3564 0.647782
3565 0.648029
3566 0.648631
3567 0.648505
3568 0.649007
3569 0.64948
3570 0.651661
3571 0.651321
3572 0.651834
3573 0.651484
3574 0.651443
3575 0.651162
3576 0.651066
3577 0.650764
3578 0.650804
3579 0.650697
3580 0.650539
3581 0.650897
3582 0.651369
3583 0.651196
3584 0.651107
3585 0.650849
3586 0.651126
3587 0.651103
3588 0.651461
3589 0.651602
3590 0.651229
3591 0.651343
3592 0.651144
3593 0.65134
3594 0.65103
3595 0.64866
3596 0.648863
3597 0.648354
3598 0.647967
3599 0.64769
3600 0.647878
3601 0.648339
3602 0.647609
3603 0.647284
3604 0.647325
3605 0.647395
3606 0.647616
3607 0.647435
3608 0.647992
3609 0.648306
3610 0.648236
3611 0.648494
3612 0.64928
3613 0.649934
3614 0.650668
3615 0.6511
3616 0.651531
3617 0.652166
3618 0.652561
3619 0.652923
3620 0.656344
3621 0.658008
3622 0.659122
3623 0.659842
3624 0.660373
3625 0.660207
3626 0.660237
3627 0.660244
3628 0.66051
3629 0.660997
3630 0.661643
3631 0.661388
3632 0.662053
3633 0.662964
3634 0.663388
3635 0.665119
3636 0.667326
3637 0.667953
3638 0.669005
3639 0.669721
3640 0.669839
3641 0.670736
3642 0.670422
3643 0.670105
3644 0.669872
3645 0.668444
3646 0.667189
3647 0.66695
3648 0.66599
3649 0.665935
3650 0.666713
3651 0.666986
3652 0.667001
3653 0.667477
3654 0.668105
3655 0.667688
3656 0.667499
3657 0.668164
3658 0.667957
3659 0.667477
3660 0.667784
3661 0.668153
3662 0.668212
3663 0.668046
3664 0.669127
3665 0.66954
3666 0.669573
3667 0.669282
3668 0.669219
3669 0.668699
3670 0.662241
3671 0.661447
3672 0.661621
3673 0.661444
3674 0.661027
3675 0.660768
3676 0.660864
3677 0.660381
3678 0.660647
3679 0.661119
3680 0.660647
3681 0.661314
3682 0.661484
3683 0.661599
3684 0.661831
3685 0.661776
3686 0.661824
3687 0.662433
3688 0.661536
3689 0.66203
3690 0.661565
3691 0.661484
3692 0.660599
3693 0.660469
3694 0.66054
3695 0.656772
3696 0.656772
3697 0.657045
3698 0.656358
3699 0.656561
3700 0.656045
3701 0.655421
3702 0.65572
3703 0.656104
3704 0.655668
3705 0.65603
3706 0.655332
3707 0.655056
3708 0.654941
3709 0.654676
3710 0.654606
3711 0.654008
3712 0.653834
3713 0.653332
3714 0.653388
3715 0.65331
3716 0.653115
3717 0.652753
3718 0.652653
3719 0.652362
3720 0.647229
3721 0.647443
3722 0.646985
3723 0.646598
3724 0.646638
3725 0.646221
3726 0.646265
3727 0.645889
3728 0.646103
3729 0.646051
3730 0.646022
3731 0.64559
3732 0.645549
3733 0.645409
3734 0.646177
3735 0.645992
3736 0.645963
3737 0.645981
3738 0.646369
3739 0.645933
3740 0.646258
3741 0.64638
3742 0.646014
3743 0.645716
3744 0.645546
3745 0.646262
3746 0.646236
3747 0.64628
3748 0.646254
3749 0.646324
3750 0.646347
3751 0.646583
3752 0.647029
3753 0.646417
3754 0.646103
3755 0.645417
3756 0.645103
3757 0.644597
3758 0.643667
3759 0.642472
3760 0.642354
3761 0.641778
3762 0.641335
3763 0.640258
3764 0.640158
3765 0.638818
3766 0.639232
3767 0.638423
3768 0.638058
3769 0.637364
3770 0.637305
3771 0.637331
3772 0.637818
3773 0.638446
3774 0.638852
3775 0.63901
3776 0.639021
3777 0.639641
3778 0.639556
3779 0.63925
3780 0.640457
3781 0.641269
3782 0.64204
3783 0.641855
3784 0.641044
3785 0.64114
3786 0.641143
3787 0.641199
3788 0.641438
3789 0.641693
3790 0.641313
3791 0.641306
3792 0.64132
3793 0.641416
3794 0.64056
3795 0.6428
3796 0.642546
3797 0.641937
3798 0.64114
3799 0.640324
3800 0.639623
3801 0.639021
3802 0.638615
3803 0.638161
3804 0.637198
3805 0.63715
3806 0.636877
3807 0.636881
3808 0.636582
3809 0.638202
3810 0.640996
3811 0.642826
3812 0.645192
3813 0.648033
3814 0.649505
3815 0.649871
3816 0.654277
3817 0.659052
3818 0.668765
3819 0.673991
3820 0.709259
3821 0.709783
3822 0.710846
3823 0.712388
3824 0.713101
3825 0.713835
3826 0.714839
3827 0.715636
3828 0.716038
3829 0.717167
3830 0.717916
3831 0.719112
3832 0.720352
3833 0.721954
3834 0.72298
3835 0.723315
3836 0.72478
3837 0.725149
3838 0.725249
3839 0.72567
3840 0.725555
3841 0.725699
3842 0.725655
3843 0.725803
3844 0.726216
3845 0.737545
3846 0.737272
3847 0.73697
3848 0.736471
3849 0.736047
3850 0.736316
3851 0.735519
3852 0.734634
3853 0.734534
3854 0.733368
3855 0.732999
3856 0.73236
3857 0.732179
3858 0.731855
3859 0.731641
3860 0.731298
3861 0.73143
3862 0.731083
3863 0.731611
3864 0.730696
3865 0.730371
3866 0.731508
3867 0.730452
3868 0.730567
3869 0.730618
3870 0.73232
3871 0.732172
3872 0.732508
3873 0.73263
3874 0.732799
3875 0.732427
3876 0.7327
3877 0.732696
3878 0.732641
3879 0.732637
3880 0.732851
3881 0.732873
3882 0.732442
3883 0.730818
3884 0.730013
3885 0.729615
3886 0.730021
3887 0.729438
3888 0.729172
3889 0.729308
3890 0.728589
3891 0.728655
3892 0.728685
3893 0.728434
3894 0.728094
3895 0.729748
3896 0.729814
3897 0.729788
3898 0.730176
3899 0.729832
3900 0.730246
3901 0.729375
3902 0.728755
3903 0.729482
3904 0.729844
3905 0.729057
3906 0.731748
3907 0.731681
3908 0.731323
3909 0.729456
3910 0.728522
3911 0.728024
3912 0.72574
3913 0.725581
3914 0.725183
3915 0.725264
3916 0.72402
3917 0.723282
3918 0.722902
3919 0.72136
3920 0.712787
3921 0.712536
3922 0.712444
3923 0.712805
3924 0.713119
3925 0.713868
3926 0.713846
3927 0.71351
3928 0.713425
3929 0.712953
3930 0.712101
3931 0.712695
3932 0.713665
3933 0.715868
3934 0.715684
3935 0.715425
3936 0.715706
3937 0.716359
3938 0.716145
3939 0.717226
3940 0.716946
3941 0.719426
3942 0.719164
3943 0.719946
3944 0.71957
3945 0.732818
3946 0.732707
3947 0.730947
3948 0.73305
3949 0.731903
3950 0.734268
3951 0.732619
3952 0.731947
3953 0.732187
3954 0.732478
3955 0.731866
3956 0.730714
3957 0.730408
3958 0.729655
3959 0.730272
3960 0.730198
3961 0.72957
3962 0.729334
3963 0.729821
3964 0.730482
3965 0.730858
3966 0.733693
3967 0.733582
3968 0.734261
3969 0.735486
3970 0.740542
3971 0.738287
3972 0.739383
3973 0.73901
3974 0.738309
3975 0.737859
3976 0.736984
3977 0.737538
3978 0.736829
3979 0.736405
3980 0.73777
3981 0.736623
3982 0.735851
3983 0.735324
3984 0.734582
3985 0.73446
3986 0.733722
3987 0.732021
3988 0.730803
3989 0.733061
3990 0.733228
3991 0.73432
3992 0.732866
3993 0.732323
3994 0.732132
3995 0.73542
3996 0.733054
3997 0.732748
3998 0.732139
3999 0.732039
4000 0.731707
4001 0.731611
4002 0.733098
4003 0.732774
4004 0.733017
4005 0.733014
4006 0.7305
4007 0.731371
4008 0.731419
4009 0.731135
4010 0.731453
4011 0.731246
4012 0.731379
4013 0.733752
4014 0.734789
4015 0.735095
4016 0.735161
4017 0.734508
4018 0.735755
4019 0.735966
4020 0.734014
4021 0.733907
4022 0.73422
4023 0.734054
4024 0.734324
4025 0.734268
4026 0.734512
4027 0.73436
4028 0.73401
4029 0.734198
4030 0.73374
4031 0.735335
4032 0.735807
4033 0.736427
4034 0.735977
4035 0.736202
4036 0.735139
4037 0.735564
4038 0.734803
4039 0.732637
4040 0.729567
4041 0.729718
4042 0.728116
4043 0.724482
4044 0.721666
4045 0.715651
4046 0.714983
4047 0.715599
4048 0.717448
4049 0.716891
4050 0.71623
4051 0.715425
4052 0.71554
4053 0.713857
4054 0.714643
4055 0.714484
4056 0.714957
4057 0.714603
4058 0.716481
4059 0.714913
4060 0.715127
4061 0.715533
4062 0.716665
4063 0.717555
4064 0.72109
4065 0.721433
4066 0.725072
4067 0.724625
4068 0.726127
4069 0.725696
4070 0.748557
4071 0.746273
4072 0.74552
4073 0.746454
4074 0.745907
4075 0.746542
4076 0.747623
4077 0.747605
4078 0.747978
4079 0.748
4080 0.74883
4081 0.749402
4082 0.749517
4083 0.749668
4084 0.750365
4085 0.750598
4086 0.7501
4087 0.750122
4088 0.750015
4089 0.750122
4090 0.749513
4091 0.749793
4092 0.749011
4093 0.747598
4094 0.746428
4095 0.73921
4096 0.73739
4097 0.736121
4098 0.735737
4099 0.733921
4100 0.733482
4101 0.732382
4102 0.731552
4103 0.731283
4104 0.729999
4105 0.729999
4106 0.728331
4107 0.728253
4108 0.729305
4109 0.729659
4110 0.730021
4111 0.730681
4112 0.731128
4113 0.731353
4114 0.730921
4115 0.731069
4116 0.731674
4117 0.731582
4118 0.730397
4119 0.731803
4120 0.735914
4121 0.735814
4122 0.735479
4123 0.735538
4124 0.736423
4125 0.736147
4126 0.73646
4127 0.737704
4128 0.738955
4129 0.73925
4130 0.739483
4131 0.743682
4132 0.743741
4133 0.743431
4134 0.742671
4135 0.74252
4136 0.741258
4137 0.741413
4138 0.739538
4139 0.739058
4140 0.738686
4141 0.738206
4142 0.738099
4143 0.738612
4144 0.738132
4145 0.746845
4146 0.74469
4147 0.743645
4148 0.742494
4149 0.742044
4150 0.741151
4151 0.740534
4152 0.740258
4153 0.739612
4154 0.738154
4155 0.738575
4156 0.738169
4157 0.737852
4158 0.737372
4159 0.735969
4160 0.735719
4161 0.736512
4162 0.736401
4163 0.737106
4164 0.737283
4165 0.737759
4166 0.738287
4167 0.739597
4168 0.741354
4169 0.742944
4170 0.741523
4171 0.743114
4172 0.745044
4173 0.746948
4174 0.748295
4175 0.750679
4176 0.75041
4177 0.751317
4178 0.752834
4179 0.754502
4180 0.755893
4181 0.7593
4182 0.759835
4183 0.762864
4184 0.763839
4185 0.76561
4186 0.767629
4187 0.770898
4188 0.770968
4189 0.773529
4190 0.775607
4191 0.777722
4192 0.78094
4193 0.781423
4194 0.78163
4195 0.784464
4196 0.783486
4197 0.786733
4198 0.787206
4199 0.786132
4200 0.786257
4201 0.787464
4202 0.788102
4203 0.788077
4204 0.788534
4205 0.78839
4206 0.789999
4207 0.794191
4208 0.79518
4209 0.795848
4210 0.796136
4211 0.795302
4212 0.795413
4213 0.796243
4214 0.798288
4215 0.799653
4216 0.803255
4217 0.806517
4218 0.80737
4219 0.809455
4220 0.808488
4221 0.809606
4222 0.811875
4223 0.815223
4224 0.817806
4225 0.820293
4226 0.820526
4227 0.822057
4228 0.822515
4229 0.82181
4230 0.822275
4231 0.822629
4232 0.822924
4233 0.822374
4234 0.824839
4235 0.82343
4236 0.823707
4237 0.824718
4238 0.828235
4239 0.829176
4240 0.82619
4241 0.821836
4242 0.822957
4243 0.814293
4244 0.811016
4245 0.803052
4246 0.802675
4247 0.800638
4248 0.80014
4249 0.777294
4250 0.775127
4251 0.77202
4252 0.769204
4253 0.770024
4254 0.76895
4255 0.71802
4256 0.716658
4257 0.713237
4258 0.712602
4259 0.715241
4260 0.717713
4261 0.678401
4262 0.680825
4263 0.680168
4264 0.684434
4265 0.686398
4266 0.686818
4267 0.686379
4268 0.688903
4269 0.689756
4270 0.686076
4271 0.694055
4272 0.697679
4273 0.701424
4274 0.706801
4275 0.709181
4276 0.710252
4277 0.710779
4278 0.710119
4279 0.708543
4280 0.707052
4281 0.708056
4282 0.706668
4283 0.707561
4284 0.704849
4285 0.707702
4286 0.708853
4287 0.706528
4288 0.707812
4289 0.707975
4290 0.7091
4291 0.709252
4292 0.708373
4293 0.680246
4294 0.678161
4295 0.667747
4296 0.669581
4297 0.668765
4298 0.668282
4299 0.6673
4300 0.666296
4301 0.662994
4302 0.662322
4303 0.6632
4304 0.662093
4305 0.66296
4306 0.662359
4307 0.663477
4308 0.662466
4309 0.659447
4310 0.656742
4311 0.654941
4312 0.659539
4313 0.660086
4314 0.66141
4315 0.662303
4316 0.660975
4317 0.660923
4318 0.639925
4319 0.635383
4320 0.628401
4321 0.628449
4322 0.629545
4323 0.618123
4324 0.613045
4325 0.605602
4326 0.604476
4327 0.599055
4328 0.588287
4329 0.586412
4330 0.583633
4331 0.585645
4332 0.587213
4333 0.588025
4334 0.588778
4335 0.590974
4336 0.591963
4337 0.590213
4338 0.590331
4339 0.593177
4340 0.59438
4341 0.594771
4342 0.598779
4343 0.598406
4344 0.60021
4345 0.588202
4346 0.588781
4347 0.589077
4348 0.589427
4349 0.590937
4350 0.591963
4351 0.594317
4352 0.595745
4353 0.595192
4354 0.595527
4355 0.592874
4356 0.590062
4357 0.587936
4358 0.581788
4359 0.579722
4360 0.576002
4361 0.572991
4362 0.571289
4363 0.569123
4364 0.567721
4365 0.56527
4366 0.566828
4367 0.5642
4368 0.563326
4369 0.566448
4370 0.565931
4371 0.563828
4372 0.565466
4373 0.560274
4374 0.55958
4375 0.557443
4376 0.555668
4377 0.556746
4378 0.557484
4379 0.552926
4380 0.552952
4381 0.555871
4382 0.559916
4383 0.559303
4384 0.561894
4385 0.561636
4386 0.563145
4387 0.564293
4388 0.558311
4389 0.557934
4390 0.551934
4391 0.547173
4392 0.547513
4393 0.543202
4394 0.530644
4395 0.532954
4396 0.526061
4397 0.517835
4398 0.51161
4399 0.502779
4400 0.494859
4401 0.492649
4402 0.485084
4403 0.480696
4404 0.478541
4405 0.4736
4406 0.466248
4407 0.462835
4408 0.457661
4409 0.450177
4410 0.451642
4411 0.451218
4412 0.448564
4413 0.447085
4414 0.450565
4415 0.452306
4416 0.454602
4417 0.465473
4418 0.47033
4419 0.471345
4420 0.474526
4421 0.483958
4422 0.487866
4423 0.489889
4424 0.492981
4425 0.491981
4426 0.486553
4427 0.479991
4428 0.476271
4429 0.471315
4430 0.465658
4431 0.463883
4432 0.462152
4433 0.460396
4434 0.458713
4435 0.455285
4436 0.452912
4437 0.450321
4438 0.446066
4439 0.447007
4440 0.444431
4441 0.443143
4442 0.444291
4443 0.444682
4444 0.443195
4445 0.444944
4446 0.447295
4447 0.450679
4448 0.456281
4449 0.460196
4450 0.464237
4451 0.467466
4452 0.466433
4453 0.470079
4454 0.472662
4455 0.47298
4456 0.47371
4457 0.471928
4458 0.472467
4459 0.467533
4460 0.463333
4461 0.4592
4462 0.460831
4463 0.45855
4464 0.458329
4465 0.459595
4466 0.460554
4467 0.461894
4468 0.467167
4469 0.475773
4470 0.472636
4471 0.478515
4472 0.481106
4473 0.483966
4474 0.48952
4475 0.491796
4476 0.480253
4477 0.474308
4478 0.47354
4479 0.460159
4480 0.461064
4481 0.456089
4482 0.45482
4483 0.437781
4484 0.435785
4485 0.433645
4486 0.433353
4487 0.423533
4488 0.422064
4489 0.41964
4490 0.421127
4491 0.420551
4492 0.422352
4493 0.424899
4494 0.423758
4495 0.423544
4496 0.432006
4497 0.437626
4498 0.446103
4499 0.450672
4500 0.454856
4501 0.462208
4502 0.467119
4503 0.472396
4504 0.493077
4505 0.504465
4506 0.507381
4507 0.525954
4508 0.530106
4509 0.532877
4510 0.55238
4511 0.558495
4512 0.558381
4513 0.573238
4514 0.574445
4515 0.577035
4516 0.596114
4517 0.607971
4518 0.612979
4519 0.621843
4520 0.629415
4521 0.629419
4522 0.635449
4523 0.637678
4524 0.637198
4525 0.662115
4526 0.664647
4527 0.665606
4528 0.665876
4529 0.695815
4530 0.699834
4531 0.708115
4532 0.70844
4533 0.712898
4534 0.713101
4535 0.716713
4536 0.716688
4537 0.717743
4538 0.717153
4539 0.712643
4540 0.706576
4541 0.699
4542 0.698793
4543 0.692365
4544 0.689413
4545 0.679323
4546 0.674662
4547 0.66582
4548 0.66247
4549 0.656584
4550 0.651225
4551 0.649136
4552 0.644513
4553 0.644826
4554 0.643033
4555 0.635527
4556 0.631833
4557 0.628589
4558 0.558746
4559 0.552716
4560 0.55072
4561 0.545727
4562 0.544837
4563 0.545568
4564 0.543649
4565 0.515204
4566 0.514366
4567 0.513108
4568 0.515507
4569 0.516772
4570 0.514337
4571 0.496885
4572 0.495324
4573 0.492162
4574 0.490892
4575 0.489435
4576 0.483836
4577 0.478249
4578 0.472522
4579 0.467455
4580 0.461827
4581 0.459831
4582 0.456465
4583 0.455879
4584 0.457879
4585 0.455499
4586 0.454292
4587 0.456067
4588 0.453104
4589 0.454011
4590 0.45531
4591 0.451805
4592 0.461827
4593 0.464337
4594 0.463769
4595 0.467743
4596 0.46937
4597 0.468529
4598 0.467053
4599 0.464573
4600 0.464311
4601 0.460388
4602 0.459528
4603 0.456148
4604 0.457469
4605 0.459521
4606 0.458713
4607 0.45631
4608 0.454904
4609 0.450959
4610 0.446841
4611 0.444335
4612 0.438575
4613 0.430128
4614 0.428585
4615 0.424146
4616 0.420046
4617 0.417776
4618 0.414728
4619 0.412853
4620 0.409049
4621 0.404775
4622 0.401701
4623 0.399295
4624 0.372057
4625 0.363433
4626 0.360285
4627 0.352517
4628 0.349476
4629 0.347841
4630 0.346933
4631 0.348516
4632 0.349347
4633 0.350587
4634 0.356993
4635 0.357901
4636 0.358779
4637 0.356432
4638 0.355871
4639 0.368935
4640 0.378537
4641 0.382881
4642 0.388394
4643 0.392601
4644 0.394483
4645 0.398052
4646 0.403705
4647 0.403454
4648 0.406244
4649 0.409392
4650 0.411038
4651 0.417071
4652 0.415831
4653 0.419175
4654 0.425087
4655 0.424891
4656 0.427091
4657 0.430988
4658 0.429305
4659 0.426725
4660 0.412156
4661 0.408525
4662 0.40586
4663 0.400509
4664 0.395276
4665 0.393003
4666 0.391472
4667 0.389483
4668 0.392154
4669 0.384674
4670 0.372673
4671 0.370478
4672 0.364684
4673 0.352292
4674 0.34721
4675 0.337494
4676 0.306908
4677 0.302332
4678 0.29266
4679 0.283025
4680 0.269389
4681 0.264761
4682 0.261875
4683 0.263333
4684 0.265684
4685 0.260879
4686 0.261938
4687 0.265584
4688 0.270883
4689 0.272171
4690 0.275906
4691 0.278083
4692 0.279035
4693 0.279286
4694 0.275947
4695 0.276319
4696 0.275138
4697 0.275703
4698 0.277179
4699 0.278382
4700 0.279172
4701 0.278331
4702 0.278426
4703 0.279954
4704 0.279393
4705 0.28105
4706 0.282239
4707 0.282847
4708 0.285921
4709 0.289542
4710 0.29121
4711 0.30083
4712 0.31068
4713 0.311883
4714 0.327297
4715 0.333604
4716 0.336704
4717 0.34452
4718 0.356834
4719 0.358595
4720 0.368942
4721 0.370359
4722 0.371481
4723 0.372087
4724 0.376467
4725 0.379939
4726 0.381205
4727 0.384316
4728 0.385896
4729 0.384715
4730 0.375618
4731 0.37209
4732 0.369223
4733 0.367363
4734 0.365617
4735 0.364215
4736 0.360584
4737 0.358621
4738 0.355403
4739 0.350384
4740 0.349347
4741 0.344162
4742 0.341608
4743 0.3418
4744 0.340531
4745 0.33611
4746 0.327279
4747 0.321223
4748 0.314178
4749 0.311503
4750 0.299339
4751 0.292933
4752 0.291571
4753 0.283578
4754 0.275153
4755 0.274862
4756 0.269662
4757 0.262846
4758 0.260196
4759 0.249561
4760 0.241324
4761 0.236386
4762 0.228818
4763 0.219931
4764 0.215747
4765 0.209281
4766 0.201609
4767 0.19883
4768 0.191217
4769 0.181582
4770 0.179305
4771 0.176127
4772 0.168972
4773 0.166595
4774 0.159167
4775 0.150177
4776 0.145011
4777 0.134837
4778 0.122492
4779 0.118094
4780 0.110263
4781 0.101026
4782 0.0978928
4783 0.092147
4784 0.0854085
4785 0.0801424
4786 0.0663776
4787 0.0544431
4788 0.0533397
4789 0.0533766
4790 0.0529449
4791 0.0515758
4792 0.0499446
4793 0.0465533
4794 0.0450808
4795 0.0447302
4796 0.0425751
4797 0.0414717
4798 0.0393867
4799 0.0369068
4800 0.0358661
4801 0.0334416
4802 0.0329987
4803 0.0328179
4804 0.0325301
4805 0.0324858
4806 0.0325448
4807 0.0324895
4808 0.0326777
4809 0.0326924
4810 0.0328105
4811 0.0328253
4812 0.0329618
4813 0.0329582
4814 0.0329877
4815 0.033139
4816 0.0332644
4817 0.0332128
4818 0.0332017
4819 0.0329766
4820 0.033139
4821 0.0331906
4822 0.0331648
4823 0.0333825
4824 0.0334896
4825 0.0338254
4826 0.0339361
4827 0.0339656
4828 0.0340468
4829 0.0337885
4830 0.0336999
4831 0.0336962
4832 0.0337036
4833 0.0336335
4834 0.0360396
4835 0.0360063
4836 0.0356521
4837 0.0358403
4838 0.0357702
4839 0.0358108
4840 0.0357923
4841 0.0357185
4842 0.0355672
4843 0.0355082
4844 0.0352277
4845 0.0351428
4846 0.0348328
4847 0.0347664
4848 0.0345634
4849 0.0346003
4850 0.034449
4851 0.0341981
4852 0.0340394
4853 0.0340173
4854 0.0336741
4855 0.0337626
4856 0.0335671
4857 0.0334527
4858 0.0331648
4859 0.0331316
4860 0.0326703
4861 0.0326519
4862 0.0327257
4863 0.0327736
4864 0.0326555
4865 0.0325781
4866 0.0323345
4867 0.0323197
4868 0.032161
4869 0.0322275
4870 0.0322902
4871 0.0322533
4872 0.0323493
4873 0.032161
4874 0.0320356
4875 0.0319839
4876 0.0318621
4877 0.031899
4878 0.0318547
4879 0.0316961
4880 0.0316813
4881 0.0314562
4882 0.0314525
4883 0.031423
4884 0.0309469
4885 0.031113
4886 0.0308953
4887 0.0310023
4888 0.0309506
4889 0.0308768
4890 0.0307809
4891 0.0307919
4892 0.0308547
4893 0.0309949
4894 0.031017
4895 0.0309211
4896 0.0311167
4897 0.0315521
4898 0.0319027
4899 0.0328105
4900 0.0338955
4901 0.0345192
4902 0.0357812
4903 0.0364972
4904 0.0367629
4905 0.0368108
4906 0.0362499
4907 0.0359399
4908 0.0354454
4909 0.0347147
4910 0.0342977
4911 0.0336704
4912 0.0332792
4913 0.0331168
4914 0.0324784
4915 0.0321168
4916 0.0332792
4917 0.0394199
4918 0.0465902
4919 0.0492361
4920 0.0539117
4921 0.0559377
4922 0.0572146
4923 0.0592811
4924 0.0615027
4925 0.0626578
4926 0.0682412
4927 0.077157
4928 0.0821906
4929 0.0898147
4930 0.0980183
4931 0.101602
4932 0.105133
4933 0.108506
4934 0.110421
4935 0.1122
4936 0.114758
4937 0.115713
4938 0.117717
4939 0.119677
4940 0.121057
4941 0.123552
4942 0.124729
4943 0.126375
4944 0.129803
4945 0.132641
4946 0.133696
4947 0.134837
4948 0.135206
4949 0.13322
4950 0.129253
4951 0.124175
4952 0.121939
4953 0.119164
4954 0.114828
4955 0.112171
4956 0.108093
4957 0.103207
4958 0.102026
4959 0.0999041
4960 0.101461
4961 0.102155
4962 0.0995719
4963 0.0971363
4964 0.0938446
4965 0.0853421
4966 0.0861613
4967 0.0893682
4968 0.0935936
4969 0.0967378
4970 0.097354
4971 0.0992546
4972 0.102185
4973 0.104868
4974 0.108026
4975 0.110975
4976 0.112101
4977 0.113289
4978 0.111953
4979 0.111326
4980 0.108621
4981 0.10658
4982 0.106048
4983 0.104314
4984 0.101996
4985 0.103122
4986 0.105454
4987 0.106742
4988 0.107543
4989 0.108395
4990 0.109761
4991 0.10989
4992 0.111311
4993 0.113233
4994 0.113411
4995 0.114555
4996 0.11702
4997 0.117839
4998 0.118894
4999 0.117588
5000 0.116248
5001 0.112045
5002 0.10927
5003 0.109388
5004 0.11006
5005 0.109193
5006 0.107023
5007 0.105709
5008 0.102103
5009 0.100133
5010 0.0940955
5011 0.0898295
5012 0.086106
5013 0.0779209
5014 0.0710569
5015 0.0672448
5016 0.0566057
5017 0.0461695
5018 0.0458004
5019 0.0499926
5020 0.0553731
5021 0.056137
5022 0.0554543
5023 0.0557384
5024 0.0560669
5025 0.0547753
5026 0.0536977
5027 0.0534541
5028 0.0501033
5029 0.0472655
5030 0.0460698
5031 0.043815
5032 0.042195
5033 0.0422725
5034 0.0427891
5035 0.0433353
5036 0.0436047
5037 0.0438593
5038 0.0443833
5039 0.0448705
5040 0.0454646
5041 0.04552
5042 0.0459554
5043 0.0463392
5044 0.0483947
5045 0.0499779
5046 0.0542106
5047 0.059425
5048 0.0623072
5049 0.0688686
5050 0.0749096
5051 0.0784154
5052 0.0847443
5053 0.0894531
5054 0.091992
5055 0.0970478
5056 0.104535
5057 0.108281
5058 0.114647
5059 0.125954
5060 0.129895
5061 0.137578
5062 0.144465
5063 0.149
5064 0.157665
5065 0.16647
5066 0.171075
5067 0.17895
5068 0.183036
5069 0.186578
5070 0.196155
5071 0.203181
5072 0.207019
5073 0.212359
5074 0.217902
5075 0.220031
5076 0.227349
5077 0.231659
5078 0.231766
5079 0.231305
5080 0.229637
5081 0.228043
5082 0.225651
5083 0.222828
5084 0.219684
5085 0.21699
5086 0.210241
5087 0.208347
5088 0.202399
5089 0.190461
5090 0.187992
5091 0.183279
5092 0.174718
5093 0.171537
5094 0.168345
5095 0.165835
5096 0.16375
5097 0.162887
5098 0.162621
5099 0.162654
5100 0.159742
5101 0.152757
5102 0.150196
5103 0.146092
5104 0.13987
5105 0.138032
5106 0.130382
5107 0.122895
5108 0.117496
5109 0.107244
5110 0.10279
5111 0.0998635
5112 0.093697
5113 0.091051
5114 0.0910141
5115 0.0879991
5116 0.0868551
5117 0.0844601
5118 0.0776183
5119 0.0731382
5120 0.072271
5121 0.0650491
5122 0.0584065
5123 0.056292
5124 0.050989
5125 0.0467009
5126 0.0445236
5127 0.0403867
5128 0.0366374
5129 0.0350948
5130 0.033032
5131 0.0326482
5132 0.0324046
5133 0.0323382
5134 0.0326186
5135 0.0327035
5136 0.032626
5137 0.0327146
5138 0.0327109
5139 0.0327294
5140 0.0327589
5141 0.0327146
5142 0.0326666
5143 0.0325928
5144 0.0325817
5145 0.0325891
5146 0.0326076
5147 0.0325707
5148 0.0325522
5149 0.0325375
5150 0.0325264
5151 0.0324784
5152 0.0324747
5153 0.0324526
5154 0.0324895
5155 0.0324673
5156 0.0324673
5157 0.0324489
5158 0.0324415
5159 0.0323935
5160 0.0323898
5161 0.0323898
5162 0.0324231
5163 0.0324378
5164 0.032412
5165 0.0323751
5166 0.0323788
5167 0.0323825
5168 0.0323898
5169 0.0324231
5170 0.0324378
5171 0.0324194
5172 0.0323825
5173 0.0323751
5174 0.0323566
5175 0.0323751
5176 0.0323788
5177 0.0323677
5178 0.0323566
5179 0.0323529
5180 0.0323935
5181 0.0323898
5182 0.0323898
5183 0.0323751
5184 0.0325817
5185 0.032567
5186 0.032567
5187 0.0325744
5188 0.0325633
5189 0.0325781
5190 0.032567
5191 0.0325707
5192 0.0325707
5193 0.032567
5194 0.0325375
5195 0.03246
5196 0.0324415
5197 0.0324489
5198 0.03246
5199 0.03246
5200 0.0324563
5201 0.0324784
5202 0.0324784
5203 0.0324784
5204 0.0324526
5205 0.0324563
5206 0.0324489
5207 0.03246
5208 0.0324489
5209 0.0324673
5210 0.03246
5211 0.0324378
5212 0.0324563
5213 0.0324673
5214 0.0324637
5215 0.0324747
5216 0.0324747
5217 0.0324747
5218 0.0324784
5219 0.0324821
5220 0.0325965
5221 0.0326297
5222 0.0325965
5223 0.0325301
5224 0.0324932
5225 0.0324747
5226 0.0324341
5227 0.0324452
5228 0.0324526
5229 0.03246
5230 0.0324637
5231 0.0324267
5232 0.032412
5233 0.0324083
5234 0.0324046
5235 0.0324009
5236 0.0324083
5237 0.032412
5238 0.0324341
5239 0.0324341
5240 0.0324415
5241 0.0324415
5242 0.0324378
5243 0.0324452
5244 0.0324378
5245 0.032305
5246 0.0322939
5247 0.032305
5248 0.0323677
5249 0.0323825
5250 0.0324083
5251 0.0324231
5252 0.0324231
5253 0.0324231
5254 0.0324267
5255 0.0323972
5256 0.0323788
5257 0.0356521
5258 0.0416968
5259 0.0447598
5260 0.0515425
5261 0.0567311
5262 0.0596096
5263 0.0643701
5264 0.0676471
5265 0.0684183
5266 0.0704701
5267 0.0725515
5268 0.0733486
5269 0.075596
5270 0.0765924
5271 0.0775149
5272 0.078825
5273 0.0797181
5274 0.0799764
5275 0.0815854
5276 0.0826519
5277 0.083604
5278 0.084449
5279 0.0856373
5280 0.0862019
5281 0.0869917
5282 0.0878035
5283 0.0879216
5284 0.0887519
5285 0.0900103
5286 0.0910325
5287 0.092826
5288 0.097033
5289 0.100764
5290 0.108211
5291 0.116097
5292 0.120415
5293 0.12805
5294 0.133261
5295 0.136143
5296 0.141516
5297 0.147793
5298 0.149328
5299 0.153893
5300 0.157713
5301 0.15944
5302 0.163473
5303 0.168204
5304 0.169407
5305 0.172389
5306 0.175197
5307 0.176954
5308 0.18022
5309 0.182323
5310 0.182571
5311 0.183848
5312 0.184766
5313 0.184855
5314 0.184434
5315 0.18339
5316 0.1826
5317 0.181227
5318 0.181205
5319 0.179622
5320 0.178227
5321 0.176936
5322 0.176677
5323 0.175367
5324 0.173614
5325 0.172939
5326 0.172566
5327 0.172895
5328 0.173825
5329 0.176858
5330 0.180615
5331 0.182382
5332 0.182224
5333 0.184936
5334 0.185442
5335 0.18856
5336 0.190029
5337 0.190272
5338 0.192213
5339 0.193546
5340 0.193874
5341 0.195136
5342 0.196775
5343 0.197029
5344 0.198705
5345 0.200365
5346 0.201317
5347 0.202196
5348 0.20283
5349 0.203484
5350 0.205362
5351 0.208742
5352 0.21092
5353 0.217175
5354 0.223208
5355 0.225969
5356 0.231604
5357 0.237184
5358 0.238951
5359 0.243726
5360 0.248059
5361 0.25003
5362 0.252487
5363 0.250111
5364 0.250841
5365 0.25117
5366 0.252801
5367 0.253447
5368 0.250753
5369 0.252148
5370 0.251188
5371 0.252292
5372 0.252657
5373 0.253834
5374 0.25489
5375 0.256986
5376 0.257536
5377 0.25899
5378 0.260462
5379 0.260403
5380 0.261986
5381 0.262757
5382 0.263746
5383 0.265038
5384 0.266518
5385 0.268666
5386 0.274389
5387 0.280198
5388 0.28267
5389 0.287339
5390 0.291697
5391 0.291959
5392 0.294608
5393 0.297616
5394 0.29776
5395 0.300214
5396 0.301052
5397 0.301059
5398 0.301376
5399 0.30079
5400 0.299908
5401 0.298922
5402 0.298063
5403 0.297719
5404 0.296579
5405 0.297265
5406 0.297365
5407 0.299107
5408 0.300664
5409 0.302103
5410 0.303351
5411 0.305185
5412 0.30541
5413 0.306668
5414 0.307971
5415 0.309134
5416 0.312196
5417 0.317485
5418 0.320629
5419 0.326072
5420 0.332995
5421 0.334696
5422 0.337527
5423 0.340568
5424 0.341438
5425 0.344867
5426 0.347232
5427 0.348505
5428 0.350498
5429 0.354122
5430 0.355683
5431 0.359462
5432 0.361901
5433 0.362163
5434 0.365496
5435 0.369607
5436 0.370776
5437 0.374219
5438 0.3786
5439 0.381294
5440 0.386165
5441 0.390224
5442 0.391387
5443 0.395612
5444 0.399697
5445 0.397874
5446 0.400587
5447 0.403956
5448 0.405218
5449 0.408783
5450 0.410676
5451 0.410695
5452 0.410794
5453 0.410137
5454 0.409229
5455 0.407875
5456 0.407584
5457 0.40737
5458 0.406606
5459 0.406059
5460 0.405432
5461 0.40451
5462 0.402461
5463 0.402495
5464 0.400266
5465 0.39907
5466 0.397516
5467 0.396771
5468 0.395926
5469 0.395915
5470 0.397081
5471 0.39583
5472 0.39531
5473 0.394199
5474 0.393804
5475 0.393977
5476 0.394291
5477 0.396933
5478 0.398919
5479 0.402687
5480 0.407842
5481 0.410433
5482 0.415138
5483 0.419946
5484 0.422016
5485 0.427474
5486 0.432456
5487 0.4347
5488 0.439859
5489 0.445107
5490 0.44838
5491 0.452963
5492 0.456639
5493 0.45965
5494 0.463632
5495 0.474072
5496 0.474736
5497 0.476142
5498 0.477759
5499 0.481526
5500 0.484143
5501 0.488021
5502 0.492317
5503 0.495941
5504 0.499598
5505 0.500624
5506 0.504284
5507 0.50765
5508 0.50899
5509 0.51041
5510 0.512208
5511 0.513112
5512 0.51409
5513 0.5154
5514 0.515411
5515 0.516599
5516 0.516876
5517 0.516459
5518 0.51644
5519 0.519345
5520 0.523677
5521 0.526703
5522 0.529692
5523 0.530585
5524 0.533538
5525 0.53601
5526 0.537966
5527 0.541479
5528 0.554576
5529 0.557573
5530 0.564484
5531 0.57009
5532 0.57329
5533 0.578973
5534 0.58329
5535 0.587139
5536 0.590745
5537 0.594321
5538 0.595808
5539 0.598945
5540 0.601044
5541 0.602875
5542 0.603871
5543 0.606037
5544 0.607702
5545 0.6112
5546 0.612363
5547 0.613329
5548 0.614706
5549 0.61678
5550 0.618075
5551 0.619632
5552 0.622374
5553 0.623374
5554 0.625083
5555 0.62839
5556 0.629238
5557 0.633423
5558 0.63584
5559 0.638202
5560 0.640582
5561 0.644852
5562 0.646118
5563 0.648989
5564 0.651528
5565 0.651878
5566 0.651945
5567 0.652937
5568 0.653041
5569 0.655166
5570 0.652078
5571 0.653137
5572 0.654314
5573 0.654698
5574 0.654882
5575 0.656521
5576 0.657764
5577 0.657646
5578 0.65803
5579 0.658001
5580 0.659252
5581 0.660038
5582 0.659595
5583 0.659757
5584 0.66092
5585 0.661927
5586 0.661278
5587 0.664499
5588 0.665407
5589 0.66633
5590 0.667673
5591 0.669119
5592 0.669197
5593 0.670378
5594 0.671382
5595 0.676788
5596 0.676884
5597 0.675928
5598 0.675522
5599 0.675083
5600 0.673618
5601 0.673315
5602 0.673448
5603 0.673666
5604 0.673629
5605 0.674622
5606 0.675969
5607 0.676072
5608 0.676231
5609 0.676183
5610 0.675803
5611 0.675179
5612 0.675563
5613 0.675076
5614 0.674869
5615 0.675201
5616 0.674493
5617 0.674913
5618 0.674482
5619 0.674367
5620 0.679508
5621 0.678832
5622 0.679165
5623 0.678663
5624 0.678316
5625 0.678404
5626 0.678109
5627 0.677415
5628 0.676825
5629 0.676924
5630 0.676161
5631 0.675651
5632 0.673629
5633 0.672415
5634 0.672016
5635 0.671433
5636 0.671669
5637 0.671777
5638 0.671529
5639 0.671909
5640 0.672998
5641 0.674271
5642 0.675995
5643 0.681168
5644 0.682571
5645 0.715344
5646 0.71499
5647 0.715112
5648 0.716359
5649 0.716872
5650 0.717001
5651 0.716569
5652 0.715883
5653 0.715647
5654 0.715127
5655 0.716057
5656 0.715817
5657 0.714783
5658 0.714625
5659 0.71523
5660 0.715407
5661 0.716385
5662 0.717304
5663 0.718053
5664 0.717732
5665 0.718156
5666 0.717998
5667 0.719304
5668 0.719632
5669 0.719795
5670 0.726998
5671 0.725943
5672 0.727028
5673 0.727463
5674 0.727832
5675 0.727659
5676 0.727068
5677 0.727747
5678 0.727866
5679 0.727209
5680 0.728511
5681 0.728353
5682 0.728279
5683 0.727537
5684 0.726522
5685 0.725275
5686 0.725448
5687 0.725242
5688 0.725186
5689 0.724795
5690 0.72509
5691 0.725338
5692 0.725467
5693 0.725803
5694 0.725482
5695 0.72574
5696 0.728024
5697 0.727681
5698 0.727076
5699 0.727917
5700 0.727482
5701 0.732611
5702 0.735944
5703 0.736102
5704 0.738287
5705 0.742405
5706 0.74266
5707 0.743184
5708 0.743756
5709 0.743631
5710 0.74559
5711 0.75207
5712 0.750439
5713 0.750908
5714 0.75214
5715 0.752819
5716 0.753373
5717 0.752993
5718 0.753347
5719 0.753557
5720 0.755945
5721 0.755569
5722 0.755934
5723 0.755809
5724 0.755783
5725 0.756008
5726 0.755967
5727 0.756107
5728 0.756222
5729 0.756071
5730 0.756181
5731 0.756148
5732 0.756244
5733 0.756203
5734 0.756351
5735 0.755786
5736 0.75586
5737 0.756292
Time taken by function: 181227609 microseconds
