Frame Number Queue Density
1 0.079766 
6 0.0984058 
11 0.110698 
16 0.117374 
21 0.121695 
26 0.128685 
31 0.13429 
36 0.137254 
41 0.140261 
46 0.142977 
51 0.145439 
56 0.153934 
61 0.158041 
66 0.151664 
71 0.148059 
76 0.153831 
81 0.16306 
86 0.178271 
91 0.196022 
96 0.200649 
101 0.203251 
106 0.201181 
111 0.210377 
116 0.220943 
121 0.222518 
126 0.225338 
131 0.230091 
136 0.235534 
141 0.240165 
146 0.240575 
151 0.239103 
156 0.234501 
161 0.229936 
166 0.226921 
171 0.223463 
176 0.222064 
181 0.221773 
186 0.220799 
191 0.219961 
196 0.220732 
201 0.221061 
206 0.221618 
211 0.222301 
216 0.221053 
221 0.222083 
226 0.221681 
231 0.221681 
236 0.222766 
241 0.220094 
246 0.218931 
251 0.219057 
256 0.218721 
261 0.219352 
266 0.219271 
271 0.218175 
276 0.220662 
281 0.227378 
286 0.234792 
291 0.232541 
296 0.226234 
301 0.221116 
306 0.219252 
311 0.220854 
316 0.220688 
321 0.220245 
326 0.220946 
331 0.221138 
336 0.221212 
341 0.223087 
346 0.224851 
351 0.224725 
356 0.224832 
361 0.225194 
366 0.225511 
371 0.224496 
376 0.224334 
381 0.223935 
386 0.228393 
391 0.232774 
396 0.237398 
401 0.239472 
406 0.247686 
411 0.261621 
416 0.281777 
421 0.2928 
426 0.31192 
431 0.328271 
436 0.343391 
441 0.347347 
446 0.352089 
451 0.361403 
456 0.366584 
461 0.37043 
466 0.37178 
471 0.375175 
476 0.37405 
481 0.374234 
486 0.374611 
491 0.374548 
496 0.373485 
501 0.381375 
506 0.398642 
511 0.414525 
516 0.422784 
521 0.440247 
526 0.448454 
531 0.452901 
536 0.457392 
541 0.460517 
546 0.4603 
551 0.456155 
556 0.454436 
561 0.452517 
566 0.448926 
571 0.453801 
576 0.458768 
581 0.467636 
586 0.474777 
591 0.48184 
596 0.499243 
601 0.513038 
606 0.524954 
611 0.548288 
616 0.557303 
621 0.567274 
626 0.571651 
631 0.576559 
636 0.579183 
641 0.578356 
646 0.57857 
651 0.581002 
656 0.581774 
661 0.581563 
666 0.582929 
671 0.58101 
676 0.582659 
681 0.586305 
686 0.588438 
691 0.588811 
696 0.591165 
701 0.591763 
706 0.591365 
711 0.593059 
716 0.594793 
721 0.597701 
726 0.597967 
731 0.598358 
736 0.598302 
741 0.598339 
746 0.602388 
751 0.603978 
756 0.604314 
761 0.606023 
766 0.606576 
771 0.612126 
776 0.612196 
781 0.611728 
786 0.613488 
791 0.61957 
796 0.61692 
801 0.614968 
806 0.612566 
811 0.613942 
816 0.625183 
821 0.642132 
826 0.656355 
831 0.66513 
836 0.667064 
841 0.670271 
846 0.680733 
851 0.682124 
856 0.680449 
861 0.679065 
866 0.678426 
871 0.677057 
876 0.677353 
881 0.676821 
886 0.676862 
891 0.678515 
896 0.678065 
901 0.677559 
906 0.679312 
911 0.680043 
916 0.678367 
921 0.678323 
926 0.67877 
931 0.675471 
936 0.675327 
941 0.674707 
946 0.672515 
951 0.673873 
956 0.68098 
961 0.679888 
966 0.679054 
971 0.679541 
976 0.679737 
981 0.668311 
986 0.666319 
991 0.668636 
996 0.668865 
1001 0.670171 
1006 0.669496 
1011 0.666806 
1016 0.66788 
1021 0.668614 
1026 0.66906 
1031 0.668341 
1036 0.671142 
1041 0.669348 
1046 0.67023 
1051 0.670116 
1056 0.669551 
1061 0.6634 
1066 0.66292 
1071 0.66285 
1076 0.662765 
1081 0.664462 
1086 0.668699 
1091 0.668149 
1096 0.668536 
1101 0.66799 
1106 0.66706 
1111 0.669134 
1116 0.667636 
1121 0.668167 
1126 0.669924 
1131 0.6724 
1136 0.669112 
1141 0.675806 
1146 0.67626 
1151 0.673865 
1156 0.66916 
1161 0.665525 
1166 0.664031 
1171 0.662931 
1176 0.661953 
1181 0.662768 
1186 0.67185 
1191 0.672858 
1196 0.673256 
1201 0.672847 
1206 0.671382 
1211 0.673197 
1216 0.669824 
1221 0.669832 
1226 0.669525 
1231 0.671817 
1236 0.664389 
1241 0.665315 
1246 0.671275 
1251 0.667057 
1256 0.665975 
1261 0.664499 
1266 0.664167 
1271 0.668245 
1276 0.668363 
1281 0.667189 
1286 0.665724 
1291 0.666739 
1296 0.668193 
1301 0.668942 
1306 0.669334 
1311 0.661864 
1316 0.658156 
1321 0.657488 
1326 0.655864 
1331 0.655624 
1336 0.660536 
1341 0.661274 
1346 0.661473 
1351 0.663156 
1356 0.665566 
1361 0.666643 
1366 0.668341 
1371 0.671131 
1376 0.673681 
1381 0.674238 
1386 0.673655 
1391 0.675578 
1396 0.676755 
1401 0.677995 
1406 0.680574 
1411 0.682847 
1416 0.683331 
1421 0.687748 
1426 0.68935 
1431 0.694553 
1436 0.703676 
1441 0.707307 
1446 0.712536 
1451 0.721688 
1456 0.734386 
1461 0.744535 
1466 0.752218 
1471 0.761628 
1476 0.767108 
1481 0.768776 
1486 0.776618 
1491 0.779633 
1496 0.786527 
1501 0.796498 
1506 0.798199 
1511 0.800934 
1516 0.787117 
1521 0.769754 
1526 0.728832 
1531 0.7266 
1536 0.71337 
1541 0.706687 
1546 0.716975 
1551 0.688645 
1556 0.67068 
1561 0.665034 
1566 0.67543 
1571 0.672374 
1576 0.677113 
1581 0.693169 
1586 0.682766 
1591 0.679312 
1596 0.676271 
1601 0.683191 
1606 0.684301 
1611 0.683456 
1616 0.674216 
1621 0.647616 
1626 0.643671 
1631 0.650144 
1636 0.649428 
1641 0.644265 
1646 0.639641 
1651 0.628511 
1656 0.632445 
1661 0.637125 
1666 0.653067 
1671 0.667868 
1676 0.660938 
1681 0.656063 
1686 0.62822 
1691 0.63604 
1696 0.657108 
1701 0.668618 
1706 0.667898 
1711 0.637224 
1716 0.620876 
1721 0.613949 
1726 0.598454 
1731 0.553048 
1736 0.496026 
1741 0.457716 
1746 0.430851 
1751 0.397919 
1756 0.373028 
1761 0.361964 
1766 0.354351 
1771 0.361495 
1776 0.369201 
1781 0.36599 
1786 0.357875 
1791 0.339715 
1796 0.31389 
1801 0.308285 
1806 0.315975 
1811 0.304713 
1816 0.300144 
1821 0.288626 
1826 0.267854 
1831 0.259388 
1836 0.250395 
1841 0.241221 
1846 0.219525 
1851 0.194376 
1856 0.172563 
1861 0.162647 
1866 0.156399 
1871 0.173592 
1876 0.193538 
1881 0.231674 
1886 0.254528 
1891 0.278855 
1896 0.290243 
1901 0.295483 
1906 0.33546 
1911 0.3378 
1916 0.323271 
1921 0.313381 
1926 0.285641 
1931 0.269149 
1936 0.251923 
1941 0.25076 
1946 0.236265 
1951 0.190992 
1956 0.141988 
1961 0.102827 
1966 0.0626245 
1971 0.0540224 
1976 0.0436416 
1981 0.0371319 
1986 0.0371946 
1991 0.0365599 
1996 0.0366374 
2001 0.0465496 
2006 0.0993357 
2011 0.162503 
2016 0.218917 
2021 0.249915 
2026 0.283663 
2031 0.314481 
2036 0.288885 
2041 0.270835 
2046 0.232615 
2051 0.210355 
2056 0.175467 
2061 0.127947 
2066 0.096413 
2071 0.0791534 
2076 0.0640121 
2081 0.0526386 
2086 0.0428666 
2091 0.0412466 
2096 0.0423943 
2101 0.0582036 
2106 0.0863163 
2111 0.123983 
2116 0.174179 
2121 0.21954 
2126 0.268913 
2131 0.311886 
2136 0.321703 
2141 0.325699 
2146 0.321751 
2151 0.304391 
2156 0.293428 
2161 0.296195 
2166 0.293789 
2171 0.283054 
2176 0.241929 
2181 0.190461 
2186 0.150915 
2191 0.110569 
2196 0.0770537 
2201 0.0570522 
2206 0.0409698 
2211 0.029135 
2216 0.0344786 
2221 0.0340837 
2226 0.0345155 
2231 0.0376412 
2236 0.0381246 
2241 0.0393608 
2246 0.0363754 
2251 0.0392981 
2256 0.0428777 
2261 0.0435973 
2266 0.0485866 
2271 0.0766662 
2276 0.0944572 
2281 0.104281 
2286 0.109595 
2291 0.113174 
2296 0.113728 
2301 0.124777 
2306 0.131109 
2311 0.120725 
2316 0.0990294 
2321 0.085582 
2326 0.0750055 
2331 0.0743782 
2336 0.0634992 
2341 0.0552771 
2346 0.0483615 
2351 0.0466713 
2356 0.0439258 
2361 0.0411506 
2366 0.0423684 
2371 0.044125 
2376 0.044852 
2381 0.0431434 
2386 0.0660159 
2391 0.0818658 
2396 0.0886449 
2401 0.091051 
2406 0.097808 
2411 0.10169 
2416 0.08856 
2421 0.0662816 
2426 0.0341206 
2431 0.0337589 
2436 0.0552624 
2441 0.0637206 
2446 0.0718762 
2451 0.0773194 
2456 0.0790317 
2461 0.0846114 
2466 0.0750055 
2471 0.0552476 
2476 0.0388405 
2481 0.0355598 
2486 0.0385933 
2491 0.0404716 
2496 0.0412318 
2501 0.0429552 
2506 0.0438003 
2511 0.0564359 
2516 0.0721345 
2521 0.0778618 
2526 0.0858993 
2531 0.0924422 
2536 0.0980441 
2541 0.103019 
2546 0.105964 
2551 0.101587 
2556 0.0827072 
2561 0.0477305 
2566 0.016968 
2571 0.0293343 
2576 0.0274227 
2581 0.0272935 
2586 0.0278176 
2591 0.0277327 
2596 0.0279873 
2601 0.0280611 
2606 0.0279541 
2611 0.0280242 
2616 0.0278729 
2621 0.0278729 
2626 0.039907 
2631 0.0543324 
2636 0.0606724 
2641 0.0921544 
2646 0.12946 
2651 0.153764 
2656 0.171315 
2661 0.184353 
2666 0.175445 
2671 0.171013 
2676 0.177559 
2681 0.168212 
2686 0.143354 
2691 0.134597 
2696 0.113141 
2701 0.0784707 
2706 0.075489 
2711 0.0666544 
2716 0.068625 
2721 0.0687947 
2726 0.073773 
2731 0.0931655 
2736 0.103299 
2741 0.106938 
2746 0.110702 
2751 0.117245 
2756 0.121526 
2761 0.123526 
2766 0.127869 
2771 0.13032 
2776 0.130641 
2781 0.136947 
2786 0.140494 
2791 0.141852 
2796 0.141287 
2801 0.143029 
2806 0.145155 
2811 0.144856 
2816 0.147446 
2821 0.148173 
2826 0.148221 
2831 0.148535 
2836 0.148033 
2841 0.148653 
2846 0.147992 
2851 0.154034 
2856 0.156373 
2861 0.147516 
2866 0.149118 
2871 0.151166 
2876 0.150852 
2881 0.153724 
2886 0.156377 
2891 0.159835 
2896 0.157587 
2901 0.159078 
2906 0.158691 
2911 0.159665 
2916 0.1601 
2921 0.158787 
2926 0.159181 
2931 0.162163 
2936 0.163566 
2941 0.169005 
2946 0.184239 
2951 0.203288 
2956 0.222625 
2961 0.24542 
2966 0.264824 
2971 0.288955 
2976 0.31251 
2981 0.327412 
2986 0.359185 
2991 0.376415 
2996 0.400011 
3001 0.434235 
3006 0.45944 
3011 0.495003 
3016 0.535896 
3021 0.567153 
3026 0.582523 
3031 0.595527 
3036 0.610248 
3041 0.59121 
3046 0.586874 
3051 0.585575 
3056 0.581202 
3061 0.591748 
3066 0.599561 
3071 0.608931 
3076 0.60834 
3081 0.609968 
3086 0.628024 
3091 0.638678 
3096 0.634235 
3101 0.627271 
3106 0.621544 
3111 0.619562 
3116 0.615318 
3121 0.612455 
3126 0.614241 
3131 0.621485 
3136 0.632962 
3141 0.633224 
3146 0.631958 
3151 0.630091 
3156 0.628814 
3161 0.628323 
3166 0.628091 
3171 0.625633 
3176 0.622928 
3181 0.628087 
3186 0.636619 
3191 0.635826 
3196 0.637578 
3201 0.635058 
3206 0.634287 
3211 0.634822 
3216 0.635065 
3221 0.633929 
3226 0.633205 
3231 0.632264 
3236 0.633187 
3241 0.631508 
3246 0.630969 
3251 0.631231 
3256 0.629711 
3261 0.630855 
3266 0.631338 
3271 0.632423 
3276 0.634552 
3281 0.636471 
3286 0.644413 
3291 0.64345 
3296 0.644564 
3301 0.6418 
3306 0.640752 
3311 0.644059 
3316 0.640095 
3321 0.636855 
3326 0.636065 
3331 0.635183 
3336 0.630482 
3341 0.629113 
3346 0.628426 
3351 0.626327 
3356 0.627596 
3361 0.633412 
3366 0.630515 
3371 0.626976 
3376 0.62798 
3381 0.628017 
3386 0.626618 
3391 0.626537 
3396 0.626637 
3401 0.628438 
3406 0.631493 
3411 0.630552 
3416 0.628637 
3421 0.627563 
3426 0.626552 
3431 0.627227 
3436 0.64356 
3441 0.64373 
3446 0.64497 
3451 0.646745 
3456 0.648465 
3461 0.651797 
3466 0.651635 
3471 0.649421 
3476 0.650125 
3481 0.650343 
3486 0.649579 
3491 0.649192 
3496 0.649376 
3501 0.64983 
3506 0.649845 
3511 0.651642 
3516 0.651255 
3521 0.651605 
3526 0.651406 
3531 0.65165 
3536 0.649332 
3541 0.6489 
3546 0.648782 
3551 0.649565 
3556 0.64917 
3561 0.647867 
3566 0.648631 
3571 0.651321 
3576 0.651066 
3581 0.650897 
3586 0.651126 
3591 0.651343 
3596 0.648863 
3601 0.648339 
3606 0.647616 
3611 0.648494 
3616 0.651531 
3621 0.658008 
3626 0.660237 
3631 0.661388 
3636 0.667326 
3641 0.670736 
3646 0.667189 
3651 0.666986 
3656 0.667499 
3661 0.668153 
3666 0.669573 
3671 0.661447 
3676 0.660864 
3681 0.661314 
3686 0.661824 
3691 0.661484 
3696 0.656772 
3701 0.655421 
3706 0.655332 
3711 0.654008 
3716 0.653115 
3721 0.647443 
3726 0.646265 
3731 0.64559 
3736 0.645963 
3741 0.64638 
3746 0.646236 
3751 0.646583 
3756 0.645103 
3761 0.641778 
3766 0.639232 
3771 0.637331 
3776 0.639021 
3781 0.641269 
3786 0.641143 
3791 0.641306 
3796 0.642546 
3801 0.639021 
3806 0.636877 
3811 0.642826 
3816 0.654277 
3821 0.709783 
3826 0.714839 
3831 0.719112 
3836 0.72478 
3841 0.725699 
3846 0.737272 
3851 0.735519 
3856 0.73236 
3861 0.73143 
3866 0.731508 
3871 0.732172 
3876 0.7327 
3881 0.732873 
3886 0.730021 
3891 0.728655 
3896 0.729814 
3901 0.729375 
3906 0.731748 
3911 0.728024 
3916 0.72402 
3921 0.712536 
3926 0.713846 
3931 0.712695 
3936 0.715706 
3941 0.719426 
3946 0.732707 
3951 0.732619 
3956 0.730714 
3961 0.72957 
3966 0.733693 
3971 0.738287 
3976 0.736984 
3981 0.736623 
3986 0.733722 
3991 0.73432 
3996 0.733054 
4001 0.731611 
4006 0.7305 
4011 0.731246 
4016 0.735161 
4021 0.733907 
4026 0.734512 
4031 0.735335 
4036 0.735139 
4041 0.729718 
4046 0.714983 
4051 0.715425 
4056 0.714957 
4061 0.715533 
4066 0.725072 
4071 0.746273 
4076 0.747623 
4081 0.749402 
4086 0.7501 
4091 0.749793 
4096 0.73739 
4101 0.732382 
4106 0.728331 
4111 0.730681 
4116 0.731674 
4121 0.735814 
4126 0.73646 
4131 0.743682 
4136 0.741258 
4141 0.738206 
4146 0.74469 
4151 0.740534 
4156 0.738169 
4161 0.736512 
4166 0.738287 
4171 0.743114 
4176 0.75041 
4181 0.7593 
4186 0.767629 
4191 0.777722 
4196 0.783486 
4201 0.787464 
4206 0.789999 
4211 0.795302 
4216 0.803255 
4221 0.809606 
4226 0.820526 
4231 0.822629 
4236 0.823707 
4241 0.821836 
4246 0.802675 
4251 0.77202 
4256 0.716658 
4261 0.678401 
4266 0.686818 
4271 0.694055 
4276 0.710252 
4281 0.708056 
4286 0.708853 
4291 0.709252 
4296 0.669581 
4301 0.662994 
4306 0.662359 
4311 0.654941 
4316 0.660975 
4321 0.628449 
4326 0.604476 
4331 0.585645 
4336 0.591963 
4341 0.594771 
4346 0.588781 
4351 0.594317 
4356 0.590062 
4361 0.572991 
4366 0.566828 
4371 0.563828 
4376 0.555668 
4381 0.555871 
4386 0.563145 
4391 0.547173 
4396 0.526061 
4401 0.492649 
4406 0.466248 
4411 0.451218 
4416 0.454602 
4421 0.483958 
4426 0.486553 
4431 0.463883 
4436 0.452912 
4441 0.443143 
4446 0.447295 
4451 0.467466 
4456 0.47371 
4461 0.4592 
4466 0.460554 
4471 0.478515 
4476 0.480253 
4481 0.456089 
4486 0.433353 
4491 0.420551 
4496 0.432006 
4501 0.462208 
4506 0.507381 
4511 0.558495 
4516 0.596114 
4521 0.629419 
4526 0.664647 
4531 0.708115 
4536 0.716688 
4541 0.699 
4546 0.674662 
4551 0.649136 
4556 0.631833 
4561 0.545727 
4566 0.514366 
4571 0.496885 
4576 0.483836 
4581 0.459831 
4586 0.454292 
4591 0.451805 
4596 0.46937 
4601 0.460388 
4606 0.458713 
4611 0.444335 
4616 0.420046 
4621 0.404775 
4626 0.360285 
4631 0.348516 
4636 0.358779 
4641 0.382881 
4646 0.403705 
4651 0.417071 
4656 0.427091 
4661 0.408525 
4666 0.391472 
4671 0.370478 
4676 0.306908 
4681 0.264761 
4686 0.261938 
4691 0.278083 
4696 0.275138 
4701 0.278331 
4706 0.282239 
4711 0.30083 
4716 0.336704 
4721 0.370359 
4726 0.381205 
4731 0.37209 
4736 0.360584 
4741 0.344162 
4746 0.327279 
4751 0.292933 
4756 0.269662 
4761 0.236386 
4766 0.201609 
4771 0.176127 
4776 0.145011 
4781 0.101026 
4786 0.0663776 
4791 0.0515758 
4796 0.0425751 
4801 0.0334416 
4806 0.0325448 
4811 0.0328253 
4816 0.0332644 
4821 0.0331906 
4826 0.0339361 
4831 0.0336962 
4836 0.0356521 
4841 0.0357185 
4846 0.0348328 
4851 0.0341981 
4856 0.0335671 
4861 0.0326519 
4866 0.0323345 
4871 0.0322533 
4876 0.0318621 
4881 0.0314562 
4886 0.0308953 
4891 0.0307919 
4896 0.0311167 
4901 0.0345192 
4906 0.0362499 
4911 0.0336704 
4916 0.0332792 
4921 0.0559377 
4926 0.0682412 
4931 0.101602 
4936 0.114758 
4941 0.123552 
4946 0.133696 
4951 0.124175 
4956 0.108093 
4961 0.102155 
4966 0.0861613 
4971 0.0992546 
4976 0.112101 
4981 0.10658 
4986 0.105454 
4991 0.10989 
4996 0.11702 
5001 0.112045 
5006 0.107023 
5011 0.0898295 
5016 0.0566057 
5021 0.056137 
5026 0.0536977 
5031 0.043815 
5036 0.0436047 
5041 0.04552 
5046 0.0542106 
5051 0.0784154 
5056 0.104535 
5061 0.137578 
5066 0.171075 
5071 0.203181 
5076 0.227349 
5081 0.228043 
5086 0.210241 
5091 0.183279 
5096 0.16375 
5101 0.152757 
5106 0.130382 
5111 0.0998635 
5116 0.0868551 
5121 0.0650491 
5126 0.0445236 
5131 0.0326482 
5136 0.032626 
5141 0.0327146 
5146 0.0326076 
5151 0.0324784 
5156 0.0324673 
5161 0.0323898 
5166 0.0323788 
5171 0.0324194 
5176 0.0323788 
5181 0.0323898 
5186 0.032567 
5191 0.0325707 
5196 0.0324415 
5201 0.0324784 
5206 0.0324489 
5211 0.0324378 
5216 0.0324747 
5221 0.0326297 
5226 0.0324341 
5231 0.0324267 
5236 0.0324083 
5241 0.0324415 
5246 0.0322939 
5251 0.0324231 
5256 0.0323788 
5261 0.0567311 
5266 0.0704701 
5271 0.0775149 
5276 0.0826519 
5281 0.0869917 
5286 0.0910325 
5291 0.116097 
5296 0.141516 
5301 0.15944 
5306 0.175197 
5311 0.183848 
5316 0.1826 
5321 0.176936 
5326 0.172566 
5331 0.182382 
5336 0.190029 
5341 0.195136 
5346 0.201317 
5351 0.208742 
5356 0.231604 
5361 0.25003 
5366 0.252801 
5371 0.252292 
5376 0.257536 
5381 0.262757 
5386 0.274389 
5391 0.291959 
5396 0.301052 
5401 0.298922 
5406 0.297365 
5411 0.305185 
5416 0.312196 
5421 0.334696 
5426 0.347232 
5431 0.359462 
5436 0.370776 
5441 0.390224 
5446 0.400587 
5451 0.410695 
5456 0.407584 
5461 0.40451 
5466 0.397516 
5471 0.39583 
5476 0.394291 
5481 0.410433 
5486 0.432456 
5491 0.452963 
5496 0.474736 
5501 0.488021 
5506 0.504284 
5511 0.513112 
5516 0.516876 
5521 0.526703 
5526 0.537966 
5531 0.57009 
5536 0.590745 
5541 0.602875 
5546 0.612363 
5551 0.619632 
5556 0.629238 
5561 0.644852 
5566 0.651945 
5571 0.653137 
5576 0.657764 
5581 0.660038 
5586 0.661278 
5591 0.669119 
5596 0.676884 
5601 0.673315 
5606 0.675969 
5611 0.675179 
5616 0.674493 
5621 0.678832 
5626 0.678109 
5631 0.675651 
5636 0.671669 
5641 0.674271 
5646 0.71499 
5651 0.716569 
5656 0.715817 
5661 0.716385 
5666 0.717998 
5671 0.725943 
5676 0.727068 
5681 0.728353 
5686 0.725448 
5691 0.725338 
5696 0.728024 
5701 0.732611 
5706 0.74266 
5711 0.75207 
5716 0.753373 
5721 0.755569 
5726 0.755967 
5731 0.756148 
5736 0.75586 
Time taken by function: 68520466 microseconds
