Frame Number Queue Density
1 0.079766 
101 0.203251 
201 0.221061 
301 0.221116 
401 0.239472 
501 0.381375 
601 0.513038 
701 0.591763 
801 0.614968 
901 0.677559 
1001 0.670171 
1101 0.66799 
1201 0.672847 
1301 0.668942 
1401 0.677995 
1501 0.796498 
1601 0.683191 
1701 0.668618 
1801 0.308285 
1901 0.295483 
2001 0.0465496 
2101 0.0582036 
2201 0.0570522 
2301 0.124777 
2401 0.091051 
2501 0.0429552 
2601 0.0280611 
2701 0.0784707 
2801 0.143029 
2901 0.159078 
3001 0.434235 
3101 0.627271 
3201 0.635058 
3301 0.6418 
3401 0.628438 
3501 0.64983 
3601 0.648339 
3701 0.655421 
3801 0.639021 
3901 0.729375 
4001 0.731611 
4101 0.732382 
4201 0.787464 
4301 0.662994 
4401 0.492649 
4501 0.462208 
4601 0.460388 
4701 0.278331 
4801 0.0334416 
4901 0.0345192 
5001 0.112045 
5101 0.152757 
5201 0.0324784 
5301 0.15944 
5401 0.298922 
5501 0.488021 
5601 0.673315 
5701 0.732611 
Time taken by function: 30382731 microseconds
